-3574,27,-291
-3573,16,-294
-3573,16,-294
-3573,16,-294
-3573,16,-294
-3573,16,-294
-3573,16,-294
-3573,16,-294
-3573,16,-294
-3573,16,-294
-3573,16,-294
-3573,16,-294
-3573,16,-294
-3573,16,-294
-3173,16,-1094
-3573,16,-294
-3573,16,-294
-3573,16,-294
-3573,16,-294
-3549,2,-287
-3549,2,-287
-3549,2,-287
-3549,2,-287
-3549,2,-287
-3549,2,-287
-3549,2,-287
-3549,2,-287
-3549,2,-287
-3549,2,-287
-3549,2,-287
-3549,2,-287
-3549,2,-287
-3549,2,-287
-3549,2,-287
-3549,2,-287
-3549,2,-287
-3549,2,-287
-3549,3402,-287
-3549,2,-287
-3549,2,-287
-3549,2,-287
-3549,2,-287
-3549,2,-287
-3549,2,-287
-3549,2,-287
-3549,2,-287
-3549,2,-287
-3549,2,-287
-3549,2,-287
-3549,2,-287
-3549,2,-287
-3549,2,-287
-3549,2,-287
-3549,2,-287
-3549,2,-287
-3549,2,-287
-3549,2,-287
-3549,2,-287
-3549,2,-287
-3549,2,-287
-3549,2,-287
-3549,2,-287
-3549,2,-287
-3549,2,-287
-3549,2,-287
-3549,2,-287
-3549,2,-287
-3549,2,-287
-3540,24,-273
-3540,24,-273
-3540,24,-273
-3540,24,-273
-3540,24,-273
-3540,24,-273
-3540,24,-273
-3540,24,-273
-3540,24,-273
-3540,24,-273
-3540,24,-273
-3540,24,-273
-3540,24,-273
-3540,24,-273
-3540,24,-273
-3540,24,-273
-3540,24,-273
-3544,26,-270
-3551,27,-268
-3554,29,-258
-3550,27,-264
-3548,19,-265
-3544,27,-265
-3548,26,-276
-3549,19,-260
-3550,19,-264
-3537,19,-263
-3549,19,-267
-3547,26,-273
-3538,26,-262
-3531,27,-261
-3532,26,-261
-3543,27,-260
-3551,27,-262
-3557,26,-262
-3556,28,-261
-3530,28,-261
-3545,28,-260
-3550,28,-259
-3542,30,-267
-3542,30,-267
-3543,30,-268
-3544,30,-267
-3526,23,-271
-3526,22,-269
-3526,22,-269
-3526,24,-269
-3526,26,-269
-3526,27,-269
-3523,30,-255
-3530,29,-265
-3536,26,-264
-3536,26,-264
-3546,30,-272
-3548,19,-271
-3552,19,-263
-3538,19,-261
-3549,19,-272
-3547,29,-266
-3547,30,-267
-3547,30,-267
-3541,31,-267
-3541,30,-268
-3537,30,-259
-3534,31,-267
-3552,30,-272
-3553,30,-277
-3549,30,-266
-3549,30,-266
-3549,30,-266
-3549,30,-266
-3549,30,-266
-3549,30,-266
-3549,30,-266
-3549,30,-266
-3549,30,-266
-3549,30,-266
-3549,30,-266
-3549,30,-266
-3549,30,-266
-3549,30,-266
-3549,30,-266
-3549,30,-266
-3549,30,-266
-3549,30,-266
-3549,30,-266
-3549,30,-266
-3549,30,-266
-3549,30,-266
-3549,30,-266
-3549,30,-266
-3549,30,-266
-3549,30,-266
-3549,30,-266
-3549,30,-266
-3549,30,-266
-3549,30,-266
-3549,30,-266
-3549,30,-266
-3549,30,-266
-3549,30,-266
-3549,30,-266
-3549,30,-266
-3549,30,-266
-3549,30,-266
-3549,30,-266
-3549,30,-266
-3547,30,-268
-3549,26,-274
-3530,2,-292
-3533,2,-293
-3536,2,-291
-3526,2,-283
-3524,2,-281
-3523,10,-275
-3527,29,-268
-3547,31,-273
-3550,30,-272
-3560,30,-268
-3560,30,-256
-3548,26,-264
-3555,31,-269
-3562,23,-256
-3562,23,-256
-3562,25,-256
-3561,26,-256
-3561,29,-256
-3527,25,-256
-3526,22,-255
-3526,25,-255
-3526,25,-255
-3524,25,-256
-3535,20,-275
-3541,29,-271
-3524,11,-268
-3554,12,-265
-3568,8,-271
-3553,2,-280
-3550,2,-261
-3563,2,-259
-3557,2,-274
-3562,2,-259
-3562,2,-259
-3567,2,-257
-3570,2,-273
-3536,2,-271
-3554,2,-292
-3553,2,-289
-3570,2,-272
-3567,2,-273
-3571,2,-274
-3571,2,-274
-3571,2,-274
-3556,2,-263
-3552,2,-258
-3558,2,-259
-3548,22,-275
-3548,30,-275
-3553,30,-269
-3555,30,-269
-3561,30,-262
-3560,31,-256
-3530,30,-257
-3559,30,-255
-3549,31,-274
-3545,31,-268
-3541,30,-267
-3527,30,-260
-3525,30,-266
-3557,31,-263
-3560,31,-265
-3558,31,-268
-3546,31,-273
-3529,31,-268
-3525,31,-265
-3539,31,-257
-3561,31,-256
-3545,31,-258
-3564,2,-260
-3564,2,-258
-3564,2,-258
-3557,2,-258
-3525,2,-283
-3525,2,-283
-3525,2,-283
-3548,2,-258
-3526,2,-259
-3526,2,-259
-3532,2,-293
-3532,2,-293
-3525,2,-258
-3525,2,-258
-3527,31,-261
-3529,31,-259
-3528,32,-262
-3554,32,-264
-3560,30,-263
-3555,31,-265
-3548,31,-269
-3532,31,-262
-3552,31,-261
-3556,30,-274
-3529,31,-253
-3529,32,-255
-3549,32,-255
-3561,32,-261
-3555,31,-268
-3544,31,-272
-3547,31,-274
-3544,31,-271
-3530,31,-268
-3526,31,-266
-3550,31,-255
-3560,31,-268
-3560,31,-268
-3560,31,-268
-3561,32,-269
-3561,32,-256
-3560,32,-255
-3560,32,-266
-3548,33,-266
-3526,32,-264
-3525,32,-268
-3525,32,-268
-3537,32,-270
-3544,32,-271
-3544,29,-273
-3544,32,-273
-3552,30,-273
-3553,31,-273
-3557,32,-264
-3557,31,-260
-3564,34,-267
-3553,34,-269
-3557,2,-290
-3570,2,-274
-3570,2,-274
-3570,2,-274
-3570,2,-274
-3570,2,-274
-3570,2,-274
-3571,2,-278
-3559,2,-262
-3559,2,-262
-3576,3,-257
-3543,31,-266
-3549,33,-265
-3548,32,-270
-3541,31,-266
-3540,31,-258
-3558,31,-261
-3549,31,-259
-3536,31,-265
-3557,31,-265
-3530,31,-260
-3553,31,-264
-3531,31,-261
-3555,31,-263
-3538,33,-266
-3548,33,-266
-3549,26,-272
-3564,2,-259
-3530,2,-258
-3525,2,-279
-3525,2,-287
-3550,2,-258
-3550,2,-257
-3560,2,-260
-3568,28,-269
-3555,2,-292
-3566,2,-274
-3561,2,-258
-3563,2,-258
-3563,2,-258
-3570,2,-258
-3570,2,-258
-3570,2,-258
-3570,2,-258
-3570,2,-258
-3570,2,-258
-3570,2,-258
-3570,2,-258
-3570,2,-258
-3570,2,-258
-3570,2,-258
-3570,2,-258
-3570,2,-258
-3570,2,-258
-3570,2,-258
-3570,2,-258
-3570,2,-258
-3570,2,-258
-3570,2,-258
-3570,2,-258
-3570,2,-258
-3570,2,-258
-3570,2,-258
-3570,2,-258
-3570,2,-258
-3570,2,-258
-3570,2,-258
-3570,2,-258
-3570,2,-258
-3570,2,-258
-3570,2,-258
-3570,2,-258
-3570,2,-258
-3570,2,-258
-3570,2,-258
-3570,2,-258
-3570,2,-258
-3570,2,-258
-3570,2,-258
-3570,2,-258
-3570,2,-258
-3570,2,-258
-3570,2,-258
-3570,2,-258
-3570,2,-258
-3570,2,-258
-3570,2,-258
-3570,2,-258
-3549,25,-275
-3537,28,-259
-3549,28,-258
-3545,26,-263
-3550,28,-264
-3551,28,-265
-3547,27,-266
-3528,28,-265
-3529,26,-265
-3532,26,-262
-3532,26,-262
-3532,26,-262
-3532,26,-262
-3532,26,-262
-3532,26,-262
-3532,26,-262
-3532,26,-262
-3532,26,-262
-3532,26,-262
-3532,26,-262
-3532,26,-262
-3532,26,-262
-3532,26,-262
-3532,26,-262
-3532,26,-262
-3532,26,-262
-3532,26,-262
-3532,26,-262
-3532,26,-262
-3532,26,-262
-3532,26,-262
-3536,26,-264
-3536,26,-260
-3536,26,-259
-3538,26,-264
-3538,26,-260
-3539,26,-259
-3538,26,-265
-3538,26,-260
-3537,26,-265
-3539,26,-259
-3540,26,-261
-3540,26,-265
-3555,2,-293
-3562,2,-258
-3556,2,-260
-3554,23,-272
-3539,26,-266
-3539,26,-266
-3540,26,-265
-3539,26,-265
-3539,26,-265
-3563,2,-281
-3564,20,-267
-3539,26,-265
-3538,26,-264
-3538,26,-261
-3537,27,-264
-3540,25,-263
-3540,26,-263
-3564,2,-282
-3565,2,-258
-3566,2,-258
-3567,2,-260
-3564,2,-259
-3553,22,-272
-3540,25,-263
-3539,25,-262
-3540,26,-264
-3540,26,-266
-3539,26,-265
-3548,26,-266
-3555,1,-293
-3555,1,-293
-3555,2,-293
-3562,2,-265
-3555,2,-258
-3556,23,-270
-3542,25,-266
-3536,26,-266
-3537,24,-266
-3536,24,-265
-3536,24,-265
-3536,24,-265
-3536,24,-265
-3536,24,-266
-3536,24,-264
-3536,24,-262
-3536,24,-265
-3536,24,-263
-3532,24,-263
-3529,26,-261
-3529,23,-261
-3529,27,-263
-3528,23,-263
-3533,26,-264
-3528,26,-261
-3531,25,-265
-3536,25,-263
-3537,25,-262
-3531,25,-259
-3531,25,-260
-3531,26,-264
-3562,-2,-296
-3564,2,-280
-3574,2,-286
-3548,26,-266
-3539,26,-265
-3538,26,-264
-3534,26,-265
-3534,26,-265
-3534,26,-265
-3534,26,-265
-3534,26,-265
-3534,26,-265
-3534,26,-265
-3534,26,-265
-3534,26,-265
-3534,26,-265
-3534,26,-265
-3534,26,-265
-3534,26,-265
-3534,26,-265
-3534,26,-265
-3534,26,-265
-3534,26,-265
-3534,26,-265
-3534,26,-265
-3534,26,-265
-3534,26,-265
-3534,26,-265
-3534,26,-265
-3534,26,-265
-3534,26,-265
-3534,26,-265
-3534,26,-265
-3534,26,-265
-3534,26,-265
-3534,26,-265
-3534,26,-265
-3534,26,-265
-3534,26,-265
-3534,26,-265
-3534,26,-265
-3534,26,-265
-3534,26,-265
-3534,26,-265
-3534,26,-265
-3534,26,-265
-3534,26,-265
-3534,26,-265
-3534,26,-265
-3534,26,-265
-3534,26,-265
-3534,26,-265
-3534,26,-265
-3534,26,-265
-3534,26,-265
-3534,26,-265
-3534,26,-265
-3534,26,-265
-3534,26,-265
-3534,26,-265
-3534,26,-265
-3534,26,-265
-3534,26,-265
-3534,26,-265
-3534,26,-265
-3534,26,-265
-3534,26,-265
-3534,26,-265
-3534,26,-265
-3534,26,-265
-3534,26,-265
-3534,26,-265
-3534,26,-265
-3534,26,-265
-3534,26,-265
-3534,26,-265
-3534,26,-265
-3534,26,-265
-3534,26,-265
-3534,26,-265
-3534,26,-265
-3534,26,-265
-3534,26,-265
-3534,26,-265
-3534,26,-265
-3534,26,-265
-3534,26,-265
-3534,26,-265
-3534,26,-265
-3534,26,-265
-3534,26,-265
-3534,26,-265
-3534,26,-265
-3534,26,-265
-3534,26,-265
-3534,26,-265
-3534,26,-265
-3534,26,-265
-3534,26,-265
-3534,26,-265
-3534,26,-265
-3534,26,-265
-3534,26,-265
-3534,26,-265
-3534,26,-265
-3534,26,-265
-3534,26,-265
-3534,26,-265
-3534,26,-265
-3534,26,-265
-3534,26,-265
-3534,26,-265
-3534,26,-265
-3534,26,-265
-3534,26,-265
-3534,26,-265
-3534,26,-265
-3534,26,-265
-3534,26,-265
-3534,26,-265
-3534,26,-265
-3534,26,-265
-3534,26,-265
-3534,26,-265
-3534,26,-265
-3534,26,-265
-3534,26,-265
-3534,26,-265
-3534,26,-265
-3534,26,-265
-3534,26,-265
-3534,26,-265
-3534,26,-265
-3534,26,-265
-3534,26,-265
-3534,26,-265
-3534,26,-265
-3534,26,-265
-3534,26,-265
-3534,26,-265
-3534,26,-265
-3534,26,-265
-3534,26,-265
-3534,26,-265
-3534,26,-265
-3534,26,-265
-3534,26,-265
-3534,26,-265
-3534,26,-265
-3534,26,-265
-3534,26,-265
-3534,26,-265
-3534,26,-265
-3534,26,-265
-3534,26,-265
-3534,26,-265
-3534,26,-265
-3534,26,-265
-3534,26,-265
-3534,26,-265
-3534,26,-265
-3534,26,-265
-3534,26,-265
-3534,26,-265
-3534,26,-265
-3534,26,-265
-3534,26,-265
-3534,26,-265
-3534,26,-265
-3534,26,-265
-3534,26,-265
-3534,26,-265
-3534,26,-265
-3534,26,-265
-3534,26,-265
-3534,26,-265
-3534,26,-265
-3534,26,-265
-3534,26,-265
-3534,26,-265
-3534,26,-265
-3534,26,-265
-3534,26,-265
-3534,26,-265
-3534,26,-265
-3534,26,-265
-3534,26,-265
-3534,26,-265
-3534,26,-265
-3534,26,-265
-3534,26,-265
-3534,26,-265
-3534,26,-265
-3534,26,-265
-3534,26,-265
-3534,26,-265
-3534,26,-265
-3534,26,-265
-3534,26,-265
-3534,26,-265
-3534,26,-265
-3534,26,-265
-3534,26,-265
-3534,26,-265
-3534,26,-265
-3534,26,-265
-3534,26,-265
-3534,26,-265
-3534,26,-265
-3534,26,-265
-3534,26,-265
-3534,26,-265
-3534,26,-265
-3534,26,-265
-3534,26,-265
-3534,26,-265
-3534,26,-265
-3534,26,-265
-3534,26,-265
-3534,26,-265
-3534,26,-265
-3534,26,-265
-3534,26,-265
-3534,26,-265
-3534,26,-265
-3534,26,-265
-3534,26,-265
-3534,26,-265
-3534,26,-265
-3534,26,-265
-3534,26,-265
-3534,26,-265
-3534,26,-265
-3534,26,-265
-3534,26,-265
-3534,26,-265
-3534,26,-265
-3534,26,-265
-3534,26,-265
-3534,26,-265
-3534,26,-265
-3534,26,-265
-3534,26,-265
-3534,26,-265
-3534,26,-265
-3534,26,-265
-3534,26,-265
-3534,26,-265
-3534,26,-265
-3534,26,-265
-3534,26,-265
-3534,26,-265
-3534,26,-265
-3534,26,-265
-3534,26,-265
-3534,26,-265
-3534,26,-265
-3534,26,-265
-3534,26,-265
-3534,26,-265
-3534,26,-265
-3534,26,-265
-3534,26,-265
-3534,26,-265
-3534,26,-265
-3534,26,-265
-3534,26,-265
-3534,26,-265
-3534,26,-265
-3534,26,-265
-3534,26,-265
-3534,26,-265
-3534,26,-265
-3534,26,-265
-3534,26,-265
-3534,26,-265
-3534,26,-265
-3534,26,-265
-3534,26,-265
-3534,26,-265
-3534,26,-265
-3534,26,-265
-3534,26,-265
-3534,26,-265
-3534,26,-265
-3534,26,-265
-3534,26,-265
-3534,26,-265
-3534,26,-265
-3534,26,-265
-3534,26,-265
-3534,26,-265
-3534,26,-265
-3534,26,-265
-3534,26,-265
-3534,26,-265
-3534,26,-265
-3534,26,-265
-3534,26,-265
-3534,26,-265
-3534,26,-265
-3534,26,-265
-3534,26,-265
-3534,26,-265
-3534,26,-265
-3534,26,-265
-3534,26,-265
-3534,26,-265
-3534,26,-265
-3534,26,-265
-3534,26,-265
-3534,26,-265
-3534,26,-265
-3534,26,-265
-3534,26,-265
-3534,26,-265
-3534,26,-265
-3534,26,-265
-3534,26,-265
-3534,26,-265
-3534,26,-265
-3534,26,-265
-3534,26,-265
-3534,26,-265
-3534,26,-265
-3534,26,-265
-3534,26,-265
-3534,26,-265
-3534,26,-265
-3534,26,-265
-3534,26,-265
-3534,26,-265
-3534,26,-265
-3534,26,-265
-3534,26,-265
-3534,26,-265
-3534,26,-265
-3534,26,-265
-3534,26,-265
-3534,26,-265
-3534,26,-265
-3534,26,-265
-3534,26,-265
-3534,26,-265
-3534,26,-265
-3534,26,-265
-3534,26,-265
-3534,26,-265
-3534,26,-265
-3534,26,-265
-3534,26,-265
-3534,26,-265
-3534,26,-265
-3534,26,-265
-3534,26,-265
-3534,26,-265
-3534,26,-265
-3534,26,-265
-3534,26,-265
-3534,26,-265
-3534,26,-265
-3534,26,-265
-3534,26,-265
-3534,26,-265
-3534,26,-265
-3534,26,-265
-3534,26,-265
-3534,26,-265
-3534,26,-265
-3534,26,-265
-3534,26,-265
-3534,26,-265
-3534,26,-265
-3534,26,-265
-3534,26,-265
-3535,26,-264
-3535,26,-265
-3539,26,-263
-3538,26,-264
-3538,26,-264
-3538,26,-263
-3554,2,-287
-3568,2,-293
-3568,2,-293
-3568,2,-293
-3564,2,-270
-3570,2,-258
-3567,2,-258
-3570,2,-273
-3570,2,-273
-3570,2,-273
-3570,2,-273
-3550,2,-260
-3557,2,-258
-3576,5,-258
-3550,19,-263
-3554,19,-261
-3557,19,-260
-3539,19,-263
-3533,19,-265
-3542,19,-263
-3543,19,-264
-3548,21,-274
-3549,26,-264
-3554,26,-263
-3556,26,-262
-3549,26,-260
-3540,26,-266
-3533,26,-262
-3538,26,-263
-3540,26,-265
-3542,26,-260
-3539,26,-265
-3539,26,-265
-3539,24,-266
-3538,24,-266
-3537,24,-266
-3539,26,-266
-3539,26,-264
-3538,24,-266
-3538,24,-266
-3538,26,-265
-3542,26,-264
-3557,23,-269
-3575,2,-257
-3571,2,-282
-3562,2,-285
-3565,2,-285
-3564,2,-280
600,107,1909
596,107,1860
-2992,-11,2434
-3564,26,-273
-3566,26,-275
-3566,26,-276
-3567,26,-276
-3566,26,-276
-3566,26,-276
-3566,26,-276
-3566,26,-276
-3566,26,-276
-3566,26,-274
-3566,26,-274
-3566,26,-274
-3566,26,-274
-3566,26,-275
-3566,26,-275
-3566,26,-275
-3566,26,-275
-3566,26,-275
-3566,26,-275
-3566,26,-275
-3566,26,-276
-3566,26,-276
-3566,26,-276
-3564,26,-279
-3555,2,-293
-3564,2,-280
-3573,2,-258
-3565,27,-279
-3564,27,-279
-3564,27,-279
-3564,27,-279
-3563,27,-279
-3563,27,-273
-3563,27,-273
-3563,27,-273
-3563,27,-272
-3562,27,-273
-3562,27,-273
-3563,26,-273
-3566,27,-276
-3564,27,-273
-3564,27,-273
-3563,27,-273
-3564,25,-273
-3563,26,-273
-3563,26,-273
-3563,26,-273
-3563,26,-273
-3566,26,-276
-3566,26,-276
-3566,26,-277
-3561,26,-273
-3561,25,-275
-3559,17,-275
-3559,17,-275
-3571,8,-283
-3570,2,-261
-3563,2,-258
-3570,26,-279
-3563,26,-273
-3563,26,-273
-3563,26,-273
-3563,26,-273
-3563,26,-273
-3563,26,-273
-3563,26,-273
-3564,27,-280
-3561,20,-272
-3561,20,-272
-3562,26,-272
-3566,26,-277
-3566,26,-277
-3563,26,-273
-3562,26,-273
-3559,26,-274
-3560,27,-275
-3561,27,-277
-3560,21,-274
-3562,16,-273
-3562,16,-273
-3562,27,-273
-3561,27,-276
-3561,27,-276
-3561,27,-276
-3560,26,-277
-3560,16,-276
-3560,25,-273
-3560,26,-275
-3560,26,-275
-3560,26,-275
-3560,26,-276
-3560,26,-276
-3562,16,-273
-3563,16,-272
-3563,16,-272
-3563,16,-272
-3564,16,-273
-3564,16,-273
-3560,27,-277
-3562,27,-279
-3560,26,-278
-3560,26,-278
-3560,16,-276
-3560,16,-276
-3561,17,-277
-3563,27,-279
-3563,27,-279
-3563,27,-279
-3563,26,-277
-3563,24,-278
-3562,25,-279
-3563,26,-279
-3560,26,-278
-3563,26,-280
-3563,26,-280
-3563,26,-280
-3560,26,-278
-3563,26,-279
-3563,26,-279
-3563,26,-279
-3562,26,-280
-3559,26,-275
-3561,25,-272
-3562,25,-272
-3562,17,-272
-3562,18,-273
-3559,25,-275
-3559,25,-276
-3560,25,-276
-3559,25,-277
-3559,25,-277
-3562,24,-279
-3560,24,-277
-3559,24,-277
-3559,24,-277
-3560,24,-277
-3560,24,-277
-3560,24,-277
-3560,24,-277
-3563,24,-279
-3559,24,-276
-3564,24,-279
-3564,24,-279
-3563,24,-280
-3563,24,-280
-3561,26,-272
-3560,25,-276
-3560,25,-276
-3560,25,-276
-3560,25,-276
-3560,25,-276
-3560,25,-276
-3560,25,-276
-3559,24,-276
-3559,25,-277
-3559,25,-276
-3559,25,-275
-3559,25,-275
-3560,24,-274
-3560,28,-279
-3567,2,-274
-3570,2,-266
-3577,6,-258
-3559,27,-273
-3558,27,-274
-3560,25,-275
-3560,25,-277
-3559,25,-276
-3560,25,-276
-3559,25,-275
-3559,25,-275
-3560,27,-280
-3561,28,-278
-3563,28,-280
-3563,28,-280
-3559,24,-276
-3562,25,-280
-3567,8,-277
-3563,8,-279
-3562,2,-259
-3560,15,-276
-3551,-22,-295
-3558,-8,-295
-3557,-9,-294
-3541,-9,-291
-3523,-9,-293
-3544,-10,-292
-3534,-7,-292
-3534,-5,-291
-3533,-4,-297
-3541,-5,-295
-3541,-5,-295
-3534,-3,-295
-3535,-8,-299
-3537,-8,-298
-3532,-6,-298
-3547,-4,-301
-3538,-4,-301
-3551,-3,-295
-3565,2,-274
-3555,2,-295
-3542,-4,-295
-3544,-5,-296
-3542,-3,-295
-3547,-8,-295
-3542,-9,-292
-3538,-4,-294
-3538,-4,-293
-3529,-4,-294
-3533,-4,-294
-3547,5,-263
-3555,2,-261
-3538,-2,-262
-3538,-2324,-301
-3537,-2324,-301
-3520,-303,-294
-3519,-304,-296
-3519,-304,-294
-3519,-304,-294
-3519,-305,-294
-3530,-305,-297
-3530,-305,-297
-3530,-305,-297
-3530,-305,-297
-3530,-305,-297
-3524,-306,-298
-3524,-307,-297
-3524,-307,-297
-3531,-304,-296
-3532,-306,-296
-3531,-305,-298
-3529,-308,-298
-3525,-307,-297
-3524,-307,-297
-3527,-307,-296
-3523,-307,-296
-3520,-307,-295
-3519,-308,-294
-3521,-308,-300
-3523,-307,-298
-3522,-308,-300
-3524,-307,-296
-3524,-309,-295
-3563,2,-293
-3515,-310,-299
-3524,-308,-296
-3524,-308,-295
-3520,-308,-294
-3518,-308,-294
-3514,-309,-298
-3522,-309,-299
-3522,-309,-300
-3521,-308,-297
-3520,-308,-297
-3519,-308,-298
-3519,-309,-299
-3519,-309,-299
-3519,-309,-298
-3524,-308,-298
-3531,-304,-292
-3531,-305,-298
-3554,2,-292
-3552,2,-258
-3552,2,-258
-3552,2,-258
-3554,2,-283
-3544,5,-300
-3543,5,-303
-3543,5,-303
-3543,5,-303
-3543,5,-303
-3543,5,-303
-3543,5,-303
-3543,5,-303
-3543,5,-303
-3543,5,-303
-3543,5,-303
-3543,5,-303
-3543,5,-303
-3543,5,-303
-3543,5,-303
-3543,5,-303
-3543,5,-303
-3543,5,-303
-3543,5,-303
-3543,5,-303
-3543,5,-303
-3543,5,-303
-3543,5,-303
-3543,5,-303
-3543,5,-303
-3543,5,-303
-3543,5,-303
-3543,5,-303
-3543,5,-303
-3543,5,-303
-3543,5,-303
-3543,5,-303
-3543,5,-303
-3543,5,-303
-3543,5,-303
-3543,5,-303
-3543,5,-303
-3543,5,-303
-3543,5,-303
-3543,5,-303
-3543,5,-303
-3543,5,-303
-3543,5,-303
-3543,5,-303
-3543,5,-303
-3543,5,-303
-3543,5,-303
-3543,5,-303
-3543,5,-303
-3543,5,-303
-3543,5,-303
-3543,5,-303
-3543,5,-303
-3543,5,-303
-3543,5,-303
-3543,5,-303
-3543,5,-303
-3543,5,-303
-3543,5,-303
-3543,5,-303
