7204,-11847,27661
7247,-11845,27649
7247,-11845,27649
7263,-11851,27654
7260,-11839,27657
7255,-11842,27658
7251,-11846,27652
7200,-11849,27658
7204,-11847,27661
7249,-11845,27655
7257,-11846,27655
7259,-11843,27655
7224,-11837,27685
7282,-11835,27649
7265,-11853,27646
7271,-11832,27672
7259,-11828,27650
7193,-11891,27649
7197,-11847,27649
7244,-11845,27648
7247,-11845,27649
7247,-11845,27649
7247,-11845,27649
7247,-11845,27649
7247,-11845,27649
7247,-11845,27649
7247,-11845,27649
7247,-11845,27649
7247,-11845,27649
7247,-11845,27649
7247,-11845,27649
7247,-11845,27649
7247,-11845,27649
7247,-11845,27649
7247,-11845,27649
7247,-11845,27649
7247,-11845,27649
7247,-11845,27649
7247,-11845,27649
7247,-11845,27649
7247,-11845,27649
7247,-11845,27649
7247,-11845,27649
7247,-11845,27649
7247,-11845,27649
7247,-11845,27649
7247,-11845,27649
7247,-11845,27649
7247,-11845,27649
7247,-11845,27649
7247,-11845,27649
7247,-11845,27649
7247,-11845,27649
7247,-11845,27649
7247,-11845,27649
7247,-11845,27649
7247,-11845,27649
7247,-11845,27649
7247,-11845,27649
7247,-11845,27649
7247,-11845,27649
7247,-11845,27649
7247,-11845,27649
7247,-11845,27649
7247,-11845,27649
7247,-11845,27649
7247,-11845,27649
7247,-11845,27649
7247,-11845,27649
7247,-11845,27649
7247,-11845,27649
7247,-11845,27649
7247,-11845,27649
7247,-11845,27649
7247,-11845,27649
7247,-11845,27649
7247,-11845,27649
7247,-11845,27649
7247,-11845,27649
7247,-11845,27649
7247,-11845,27649
7247,-11845,27649
7247,-11845,27649
7247,-11845,27649
7247,-11845,27649
7247,-11845,27649
7247,-11845,27649
7247,-11845,27649
7247,-11845,27649
7247,-11845,27649
7247,-11845,27649
7247,-11845,27649
7247,-11845,27649
7247,-11845,27649
7247,-11845,27649
7247,-11845,27649
7247,-11845,27649
7247,-11845,27649
7247,-11845,27649
7247,-11845,27649
7247,-11845,27649
7247,-11845,27649
7247,-11845,27649
7247,-11845,27649
7247,-11845,27649
7247,-11845,27649
7247,-11845,27649
7247,-11845,27649
7247,-11845,27649
7247,-11845,27649
7247,-11845,27649
7247,-11845,27649
7247,-11845,27649
7247,-11845,27649
7247,-11845,27649
7247,-11845,27649
7247,-11845,27649
7247,-11845,27649
7247,-11845,27649
7247,-11845,27649
7247,-11845,27649
7247,-11845,27649
7247,-11845,27649
7247,-11845,27649
7247,-11845,27649
7247,-11845,27649
7247,-11845,27649
7247,-11845,27649
7247,-11845,27649
7247,-11845,27649
7247,-11845,27649
7247,-11845,27649
7247,-11845,27649
7247,-11845,27649
7247,-11845,27649
7247,-11845,27649
7247,-11845,27649
7247,-11845,27649
7247,-11845,27649
7247,-11845,27649
7247,-11845,27649
7247,-11845,27649
7247,-11845,27649
7247,-11845,27649
7247,-11845,27649
7247,-11845,27649
7247,-11845,27649
7247,-11845,27649
7247,-11845,27649
7247,-11845,27649
7247,-11845,27649
7247,-11845,27649
7247,-11845,27649
7247,-11845,27649
7247,-11845,27649
7247,-11845,27649
7247,-11845,27649
7247,-11845,27649
7247,-11845,27649
7247,-11845,27649
7247,-11845,27649
7247,-11845,27649
7247,-11845,27649
7247,-11845,27649
7247,-11845,27649
7247,-11845,27649
7247,-11845,27649
7247,-11845,27649
7247,-11845,27649
7247,-11845,27649
7247,-11845,27649
7247,-11845,27649
7247,-11845,27649
7247,-11845,27649
7247,-11845,27649
7247,-11845,27649
7247,-11845,27649
7247,-11845,27649
7247,-11845,27649
7247,-11845,27649
7247,-11845,27649
7247,-11845,27649
7247,-11845,27649
7247,-11845,27649
7247,-11845,27649
7247,-11845,27649
7247,-11845,27649
7247,-11845,27649
7247,-11845,27649
7247,-11845,27649
7247,-11845,27649
7247,-11845,27649
7247,-11845,27649
7247,-11845,27649
7247,-11845,27649
7247,-11845,27649
7247,-11845,27649
7247,-11845,27649
7247,-11845,27649
7247,-11845,27649
7247,-11845,27649
7247,-11845,27649
7247,-11845,27649
7247,-11845,27649
7247,-11845,27649
7247,-11845,27649
7247,-11845,27649
7247,-11845,27649
7247,-11845,27649
7247,-11845,27649
7247,-11845,27649
7247,-11845,27649
7247,-11845,27649
7247,-11845,27649
7247,-11845,27649
7247,-11845,27649
7247,-11845,27649
7247,-11845,27649
7247,-11845,27649
7247,-11845,27649
7247,-11845,27649
7247,-11845,27649
7247,-11845,27649
7247,-11845,27649
7247,-11845,27649
7247,-11845,27649
7247,-11845,27649
7247,-11845,27649
7247,-11845,27649
7247,-11845,27649
7247,-11845,27649
7247,-11845,27649
7247,-11845,27649
7247,-11845,27649
7247,-11845,27649
7247,-11845,27649
7247,-11845,27649
7247,-11845,27649
7247,-11845,27649
7247,-11845,27649
7247,-11845,27649
7247,-11845,27649
7247,-11845,27649
7247,-11845,27649
7247,-11845,27649
7247,-11845,27649
7247,-11845,27649
7247,-11845,27649
7247,-11845,27649
7247,-11845,27649
7247,-11845,27649
7247,-11845,27649
7247,-11845,27649
7247,-11845,27649
7247,-11845,27649
7247,-11845,27649
7247,-11845,27649
7247,-11845,27649
7247,-11845,27649
7247,-11845,27649
7247,-11845,27649
7247,-11845,27649
7247,-11845,27649
7247,-11845,27649
7247,-11845,27649
7247,-11845,27649
7247,-11845,27649
7247,-11845,27649
7247,-11845,27649
7247,-11845,27649
7247,-11845,27649
7247,-11845,27649
7247,-11845,27649
7247,-11845,27649
7247,-11845,27649
7247,-11845,27649
7247,-11845,27649
7247,-11845,27649
7247,-11845,27649
7247,-11845,27649
7247,-11845,27649
7247,-11845,27649
7247,-11845,27649
7247,-11845,27649
7247,-11845,27649
7247,-11845,27649
7247,-11845,27649
7247,-11845,27649
7247,-11845,27649
7247,-11845,27649
7247,-11845,27649
7247,-11845,27649
7247,-11845,27649
7247,-11845,27649
7247,-11845,27649
7247,-11845,27649
7247,-11845,27649
7247,-11845,27649
7247,-11845,27649
7247,-11845,27649
7247,-11845,27649
7247,-11845,27649
7247,-11845,27649
7247,-11845,27649
7258,-11846,27647
7258,-11836,27654
7254,-11844,27650
7200,-11847,27653
7214,-11848,27652
7251,-11844,27646
7253,-11841,27655
7251,-11845,27648
7251,-11844,27646
7251,-11845,27647
7250,-11845,27660
7251,-11844,27657
7237,-11845,27666
7259,-11846,27662
7273,-11837,27660
7259,-11841,27651
7265,-11944,27655
7277,-11911,27658
7194,-11850,27651
7247,-11846,27660
7210,-11849,27658
7241,-11843,27662
7247,-11845,27671
7247,-11845,27671
7247,-11845,27671
7247,-11845,27671
7247,-11845,27671
7247,-11845,27671
7247,-11845,27671
7247,-11845,27671
7247,-11845,27671
7247,-11845,27671
7247,-11845,27671
7247,-11845,27671
7247,-11845,27671
7247,-11845,27671
7247,-11845,27671
7247,-11845,27671
7247,-11845,27671
7247,-11845,27671
7247,-11845,27671
7247,-11845,27671
7247,-11845,27671
7247,-11845,27671
7247,-11845,27671
7247,-11845,27671
7247,-11845,27671
7247,-11845,27671
7247,-11845,27671
7247,-11845,27671
7247,-11845,27671
7247,-11845,27671
7247,-11845,27671
7247,-11845,27671
7247,-11845,27671
7247,-11845,27671
7247,-11845,27671
7247,-11845,27671
7247,-11845,27671
7247,-11845,27671
7247,-11845,27671
7247,-11845,27671
7247,-11845,27671
7247,-11845,27671
7247,-11845,27671
7247,-11845,27671
7247,-11845,27671
7247,-11845,27671
7247,-11845,27671
7247,-11845,27671
7247,-11845,27671
7247,-11845,27671
7247,-11845,27671
7247,-11845,27671
7247,-11845,27671
7247,-11845,27671
7247,-11845,27671
7247,-11845,27671
7247,-11845,27671
7247,-11845,27671
7247,-11845,27671
7247,-11845,27671
7247,-11845,27671
7247,-11845,27671
7247,-11845,27671
7247,-11845,27671
7247,-11845,27671
7247,-11845,27671
7247,-11845,27671
7247,-11845,27671
7247,-11845,27671
7247,-11845,27671
7247,-11845,27671
7247,-11845,27671
7247,-11845,27671
7247,-11845,27671
7247,-11845,27671
7247,-11845,27671
7247,-11845,27671
7247,-11845,27671
7247,-11845,27671
7247,-11845,27671
7247,-11845,27671
7247,-11845,27671
7247,-11845,27671
7247,-11845,27671
7247,-11845,27671
7247,-11845,27671
7247,-11845,27671
7247,-11845,27671
7247,-11845,27671
7247,-11845,27671
7247,-11845,27671
7247,-11845,27671
7247,-11845,27671
7247,-11845,27671
7247,-11845,27671
7247,-11845,27671
7247,-11845,27671
7247,-11845,27671
7247,-11845,27671
7247,-11845,27671
7247,-11845,27671
7247,-11845,27671
7247,-11845,27671
7247,-11845,27671
7247,-11845,27671
7247,-11845,27671
7247,-11845,27671
7247,-11845,27671
7247,-11845,27671
7247,-11845,27671
7247,-11845,27671
7247,-11845,27671
7247,-11845,27671
7247,-11845,27671
7247,-11845,27671
7247,-11845,27671
7247,-11845,27671
7247,-11845,27671
7247,-11845,27671
7247,-11845,27671
7247,-11845,27671
7247,-11845,27671
7247,-11845,27671
7247,-11845,27671
7247,-11845,27671
7247,-11845,27671
7247,-11845,27671
7247,-11845,27671
7247,-11845,27671
7247,-11845,27671
7247,-11845,27671
7247,-11845,27671
7247,-11845,27671
7247,-11845,27671
7247,-11845,27671
7247,-11845,27671
7247,-11845,27671
7247,-11845,27671
7247,-11845,27671
7247,-11845,27671
7247,-11845,27671
7247,-11845,27671
7247,-11845,27671
7247,-11845,27671
7247,-11845,27671
7247,-11845,27671
7247,-11845,27671
7247,-11845,27671
7247,-11845,27671
7247,-11845,27671
7247,-11845,27671
7247,-11845,27671
7247,-11845,27671
7247,-11845,27671
7247,-11845,27671
7247,-11845,27671
7247,-11845,27671
7247,-11845,27671
7247,-11845,27671
7247,-11845,27671
7247,-11845,27671
7247,-11845,27671
7247,-11845,27671
7247,-11845,27671
7247,-11845,27671
7247,-11845,27671
7247,-11845,27671
7247,-11845,27671
7247,-11845,27671
7247,-11845,27671
7247,-11845,27671
7247,-11845,27671
7247,-11845,27671
7247,-11845,27671
7247,-11845,27671
7247,-11845,27671
7247,-11845,27671
7247,-11845,27671
7247,-11845,27671
7247,-11845,27671
7247,-11845,27671
7247,-11845,27671
7247,-11845,27671
7247,-11845,27671
7247,-11845,27671
7247,-11845,27671
7247,-11845,27671
7247,-11845,27671
7247,-11845,27671
7247,-11845,27671
7247,-11845,27671
7247,-11845,27671
7247,-11845,27671
7247,-11845,27671
7247,-11845,27671
7247,-11845,27671
7247,-11845,27671
7247,-11845,27671
7247,-11845,27671
7247,-11845,27671
7247,-11845,27671
7247,-11845,27671
7247,-11845,27671
7247,-11845,27671
7247,-11845,27671
7247,-11845,27671
7247,-11845,27671
7247,-11845,27671
7247,-11845,27671
7247,-11845,27671
7247,-11845,27671
7247,-11845,27671
7247,-11845,27671
7247,-11845,27671
7247,-11845,27671
7247,-11845,27671
7247,-11845,27671
7247,-11845,27671
7247,-11845,27671
7247,-11845,27671
7247,-11845,27671
7247,-11845,27671
7247,-11845,27671
7247,-11845,27671
7247,-11845,27671
7247,-11845,27671
7247,-11845,27671
7247,-11845,27671
7247,-11845,27671
7247,-11845,27671
7247,-11845,27671
7247,-11845,27671
7247,-11845,27671
7247,-11845,27671
7247,-11845,27671
7247,-11845,27671
7247,-11845,27671
7247,-11845,27671
7247,-11845,27671
7247,-11845,27671
7247,-11845,27671
7247,-11845,27671
7247,-11845,27671
7247,-11845,27671
7247,-11845,27671
7247,-11845,27671
7247,-11845,27671
7247,-11845,27671
7247,-11845,27671
7247,-11845,27671
7247,-11845,27671
7247,-11845,27671
7247,-11845,27671
7247,-11845,27671
7247,-11845,27671
7247,-11845,27671
7247,-11845,27671
7247,-11845,27671
7247,-11845,27671
7247,-11845,27671
7247,-11845,27671
7247,-11845,27671
7247,-11845,27671
7247,-11845,27671
7247,-11845,27671
7247,-11845,27671
7247,-11845,27671
7247,-11845,27671
7247,-11845,27671
7247,-11845,27671
7247,-11845,27671
7247,-11845,27671
7247,-11845,27671
7247,-11845,27671
7247,-11845,27671
7247,-11845,27671
7247,-11845,27671
7247,-11845,27671
7247,-11845,27671
7247,-11845,27671
7247,-11845,27671
7247,-11845,27671
7247,-11845,27671
7247,-11845,27671
7247,-11845,27671
7247,-11845,27671
7247,-11845,27671
7247,-11845,27671
7247,-11845,27671
7247,-11845,27671
7247,-11845,27671
7247,-11845,27671
7247,-11845,27671
7247,-11845,27671
7247,-11845,27671
7247,-11845,27671
7247,-11845,27671
7247,-11845,27671
7247,-11845,27671
7247,-11845,27671
7247,-11845,27671
7247,-11845,27671
7247,-11845,27671
7247,-11845,27671
7247,-11845,27671
7247,-11845,27671
7247,-11845,27671
7247,-11845,27671
7247,-11845,27671
7247,-11845,27671
7247,-11845,27671
7247,-11845,27671
7247,-11845,27671
7247,-11845,27671
7247,-11845,27671
7247,-11845,27671
7247,-11845,27671
7247,-11845,27671
7247,-11845,27671
7247,-11845,27671
7247,-11845,27671
7247,-11845,27671
7247,-11845,27671
7247,-11845,27671
7247,-11845,27671
7247,-11845,27671
7247,-11845,27671
7247,-11845,27671
7247,-11845,27671
7247,-11845,27671
7247,-11845,27671
7247,-11845,27671
7247,-11845,27671
7247,-11845,27671
7247,-11845,27671
7247,-11845,27671
7247,-11845,27671
7247,-11845,27671
7247,-11845,27671
7247,-11845,27671
7247,-11845,27671
7247,-11845,27671
7247,-11845,27671
7247,-11845,27671
7247,-11845,27671
7247,-11845,27671
7247,-11845,27671
7247,-11845,27671
7247,-11845,27671
7247,-11845,27671
7247,-11845,27671
7247,-11845,27671
7247,-11845,27671
7247,-11845,27671
7247,-11845,27671
7247,-11845,27671
7247,-11845,27671
7247,-11845,27671
7247,-11845,27671
7247,-11845,27671
7247,-11845,27671
7247,-11845,27671
7247,-11845,27671
7247,-11845,27671
7247,-11845,27671
7247,-11845,27671
7247,-11845,27671
7247,-11845,27671
7247,-11845,27671
7247,-11845,27671
7247,-11845,27671
7247,-11845,27671
7247,-11845,27671
7247,-11845,27671
7247,-11845,27671
7247,-11845,27671
7247,-11845,27671
7247,-11845,27671
7247,-11845,27671
7247,-11845,27671
7247,-11845,27671
7247,-11845,27671
7247,-11845,27671
7247,-11845,27671
7247,-11845,27671
7247,-11845,27671
7247,-11845,27671
7247,-11845,27671
7247,-11845,27671
7247,-11845,27671
7247,-11845,27671
7247,-11845,27671
7247,-11845,27671
7247,-11845,27671
7247,-11845,27671
7247,-11845,27671
7247,-11845,27671
7247,-11845,27671
7247,-11845,27671
7247,-11845,27671
7247,-11845,27671
7247,-11845,27671
7247,-11845,27671
7247,-11845,27671
7247,-11845,27671
7247,-11845,27671
7247,-11845,27671
7247,-11845,27671
7247,-11845,27671
7247,-11845,27671
7247,-11845,27671
7247,-11845,27671
7247,-11845,27671
7247,-11845,27671
7247,-11845,27671
7247,-11845,27671
7247,-11845,27671
7247,-11845,27671
7247,-11845,27671
7247,-11845,27671
7247,-11845,27671
7247,-11845,27671
7247,-11845,27671
7247,-11845,27671
7247,-11845,27671
7247,-11845,27671
7247,-11845,27671
7247,-11845,27671
7247,-11845,27671
7247,-11845,27671
7247,-11845,27671
7247,-11845,27671
7247,-11845,27671
7247,-11845,27671
7247,-11845,27671
7247,-11845,27671
7247,-11845,27671
7247,-11845,27671
7247,-11845,27671
7247,-11845,27671
7247,-11845,27671
7247,-11845,27671
7247,-11845,27671
7247,-11845,27671
7247,-11845,27671
7247,-11845,27671
7247,-11845,27671
7247,-11845,27671
7247,-11845,27671
7247,-11845,27671
7247,-11845,27671
7247,-11845,27671
7247,-11845,27671
7247,-11845,27671
7247,-11845,27671
7247,-11845,27671
7247,-11845,27671
7247,-11845,27671
7247,-11845,27671
7247,-11845,27671
7247,-11845,27671
7247,-11845,27671
7247,-11845,27671
7247,-11845,27671
7247,-11845,27671
7247,-11845,27671
7247,-11845,27671
7247,-11845,27671
7247,-11845,27671
7247,-11845,27671
7247,-11845,27671
7247,-11845,27671
7247,-11845,27671
7247,-11845,27671
7247,-11845,27671
7247,-11845,27671
7247,-11845,27671
7247,-11845,27671
7247,-11845,27671
7247,-11845,27671
7247,-11845,27671
7247,-11845,27671
7247,-11845,27671
7247,-11845,27671
7247,-11845,27671
7247,-11845,27671
7247,-11845,27671
7247,-11845,27671
7247,-11845,27671
7247,-11845,27671
7247,-11845,27671
7247,-11845,27671
7247,-11845,27671
7247,-11845,27671
7247,-11845,27671
7247,-11845,27671
7247,-11845,27671
7247,-11845,27671
7247,-11845,27671
7247,-11845,27671
7247,-11845,27671
7247,-11845,27671
7247,-11845,27671
7247,-11845,27671
7247,-11845,27671
7247,-11845,27671
7247,-11845,27671
7247,-11845,27671
7247,-11845,27671
7247,-11845,27671
7247,-11845,27671
7247,-11845,27671
7247,-11845,27671
7247,-11845,27671
7247,-11845,27671
7247,-11845,27671
7247,-11845,27671
7247,-11845,27671
7247,-11845,27671
7247,-11845,27671
7247,-11845,27671
7247,-11845,27671
7247,-11845,27671
7247,-11845,27671
7247,-11845,27671
7247,-11845,27671
7247,-11845,27671
7247,-11845,27671
7247,-11845,27671
7247,-11845,27671
7247,-11845,27671
7247,-11845,27671
7247,-11845,27671
7247,-11845,27671
7247,-11845,27671
7247,-11845,27671
7247,-11845,27671
7247,-11845,27671
7247,-11845,27671
7247,-11845,27671
7247,-11845,27671
7247,-11845,27671
7247,-11845,27671
7247,-11845,27671
7247,-11845,27671
7247,-11845,27671
7247,-11845,27671
7247,-11845,27671
7247,-11845,27671
7247,-11845,27671
7247,-11845,27671
7247,-11845,27671
7247,-11845,27671
7247,-11845,27671
7247,-11845,27671
7247,-11845,27671
7247,-11845,27671
7247,-11845,27671
7247,-11845,27671
7247,-11845,27671
7247,-11845,27671
7247,-11845,27671
7247,-11845,27671
7247,-11845,27671
7247,-11845,27671
7247,-11845,27671
7247,-11845,27671
7247,-11845,27671
7247,-11845,27671
7247,-11845,27671
7247,-11845,27671
7247,-11845,27671
7247,-11845,27671
7247,-11845,27671
7247,-11845,27671
7247,-11845,27671
7247,-11845,27671
7247,-11845,27671
7247,-11845,27671
7247,-11845,27671
7247,-11845,27671
7247,-11845,27671
7247,-11845,27671
7247,-11845,27671
7247,-11845,27671
7247,-11845,27671
7247,-11845,27671
7247,-11845,27671
7247,-11845,27671
7247,-11845,27671
7247,-11845,27671
7247,-11845,27671
7247,-11845,27671
7247,-11845,27671
7247,-11845,27671
7247,-11845,27671
7247,-11845,27671
7247,-11845,27671
7247,-11845,27671
7247,-11845,27671
7247,-11845,27671
7247,-11845,27671
7247,-11845,27671
7247,-11845,27671
7247,-11845,27671
7247,-11845,27671
7247,-11845,27671
7247,-11845,27671
7247,-11845,27671
7247,-11845,27671
7247,-11845,27671
7247,-11845,27671
7247,-11845,27671
7247,-11845,27671
7247,-11845,27671
7247,-11845,27671
7247,-11845,27671
7247,-11845,27671
7247,-11845,27671
7247,-11845,27671
7247,-11845,27671
7247,-11845,27671
7247,-11845,27671
7247,-11845,27671
7247,-11845,27671
7247,-11845,27671
7247,-11845,27671
7247,-11845,27671
7247,-11845,27671
7247,-11845,27671
7247,-11845,27671
7247,-11845,27671
7247,-11845,27671
7247,-11845,27671
7247,-11845,27671
7247,-11845,27671
7247,-11845,27671
7247,-11845,27671
7247,-11845,27671
7247,-11845,27671
7247,-11845,27671
7247,-11845,27671
7247,-11845,27671
7247,-11845,27671
7247,-11845,27671
7247,-11845,27671
7247,-11845,27671
7247,-11845,27671
7247,-11845,27671
7247,-11845,27671
7247,-11845,27671
7247,-11845,27671
7247,-11845,27671
7247,-11845,27671
7247,-11845,27671
7247,-11845,27671
7247,-11845,27671
7247,-11845,27671
7247,-11845,27671
7247,-11845,27671
7247,-11845,27671
7247,-11845,27671
7247,-11845,27671
7247,-11845,27671
7247,-11845,27671
7247,-11845,27671
7247,-11845,27671
7247,-11845,27671
7247,-11845,27671
7247,-11845,27671
7247,-11845,27671
7247,-11845,27671
7247,-11845,27671
7247,-11845,27671
7247,-11845,27671
7247,-11845,27671
7247,-11845,27671
7247,-11845,27671
7247,-11845,27671
7247,-11845,27671
7247,-11845,27671
7247,-11845,27671
7247,-11845,27671
7247,-11845,27671
7247,-11845,27671
7247,-11845,27671
7247,-11845,27671
7247,-11845,27671
7247,-11845,27671
7247,-11845,27671
7247,-11845,27671
7247,-11845,27671
7247,-11845,27671
7247,-11845,27671
7247,-11845,27671
7247,-11845,27671
7247,-11845,27671
7247,-11845,27671
7247,-11845,27671
7247,-11845,27671
7247,-11845,27671
7247,-11845,27671
7247,-11845,27671
7247,-11845,27671
7247,-11845,27671
7247,-11845,27671
7247,-11845,27671
7247,-11845,27671
7247,-11845,27671
7247,-11845,27671
7247,-11845,27671
7247,-11845,27671
7247,-11845,27671
7247,-11845,27671
7247,-11845,27671
7247,-11845,27671
7247,-11845,27671
7247,-11845,27671
7247,-11845,27671
7247,-11845,27671
7247,-11845,27671
7247,-11845,27671
7247,-11845,27671
7247,-11845,27671
7247,-11845,27671
7247,-11845,27671
7247,-11845,27671
7247,-11845,27671
7247,-11845,27671
7247,-11845,27671
7247,-11845,27671
7247,-11845,27671
7247,-11845,27671
7247,-11845,27671
7247,-11845,27671
7247,-11845,27671
7247,-11845,27671
7247,-11845,27671
7247,-11845,27671
7247,-11845,27671
7247,-11845,27671
7247,-11845,27671
7247,-11845,27671
7247,-11845,27671
7247,-11845,27671
7247,-11845,27671
7247,-11845,27671
7247,-11845,27671
7247,-11845,27671
7247,-11845,27671
7247,-11845,27671
7247,-11845,27671
7247,-11845,27671
7247,-11845,27671
7247,-11845,27671
7247,-11845,27671
7247,-11845,27671
7247,-11845,27671
7247,-11845,27671
7247,-11845,27671
7247,-11845,27671
7247,-11845,27671
7247,-11845,27671
7247,-11845,27671
7247,-11845,27671
7247,-11845,27671
7247,-11845,27671
7247,-11845,27671
7247,-11845,27671
7247,-11845,27671
7247,-11845,27671
7247,-11845,27671
7247,-11845,27671
7247,-11845,27671
7247,-11845,27671
7247,-11845,27671
7247,-11845,27671
7247,-11845,27671
7247,-11845,27671
7247,-11845,27671
7247,-11845,27671
7247,-11845,27671
7247,-11845,27671
7247,-11845,27671
7247,-11845,27671
7247,-11845,27671
7247,-11845,27671
7247,-11845,27671
7247,-11845,27671
7247,-11845,27671
7247,-11845,27671
7247,-11845,27671
7247,-11845,27671
7247,-11845,27671
7247,-11845,27671
7247,-11845,27671
7247,-11845,27671
7247,-11845,27671
7247,-11845,27671
7247,-11845,27671
7247,-11845,27671
7247,-11845,27671
7247,-11845,27671
7247,-11845,27671
7247,-11845,27671
7247,-11845,27671
7247,-11845,27671
7247,-11845,27671
7247,-11845,27671
7247,-11845,27671
7247,-11845,27671
7247,-11845,27671
7247,-11845,27671
7247,-11845,27671
7247,-11845,27671
7247,-11845,27671
7247,-11845,27671
7247,-11845,27671
7247,-11845,27671
7247,-11845,27671
7247,-11845,27671
7247,-11845,27671
7247,-11845,27671
7247,-11845,27671
7247,-11845,27671
7247,-11845,27671
7247,-11845,27671
7247,-11845,27671
7247,-11845,27671
7247,-11845,27671
7247,-11845,27671
7247,-11845,27671
7247,-11845,27671
7247,-11845,27671
7247,-11845,27671
7247,-11845,27671
7247,-11845,27671
7247,-11845,27671
7247,-11845,27671
7247,-11845,27671
7247,-11845,27671
7247,-11845,27671
7247,-11845,27671
7247,-11845,27671
7247,-11845,27671
7247,-11845,27671
7247,-11845,27671
7247,-11845,27671
7247,-11845,27671
7247,-11845,27671
7247,-11845,27671
7247,-11845,27671
7247,-11845,27671
7247,-11845,27671
7247,-11845,27671
7247,-11845,27671
7247,-11845,27671
7247,-11845,27671
7247,-11845,27671
7247,-11845,27671
7247,-11845,27671
7247,-11845,27671
7247,-11845,27671
7247,-11845,27671
7247,-11845,27671
7247,-11845,27671
7247,-11845,27671
7247,-11845,27671
7247,-11845,27671
7247,-11845,27671
7247,-11845,27671
7247,-11845,27671
7247,-11845,27671
7247,-11845,27671
7247,-11845,27671
7247,-11845,27671
7247,-11845,27671
7247,-11845,27671
7247,-11845,27671
7247,-11845,27671
7247,-11845,27671
7247,-11845,27671
7247,-11845,27671
7247,-11845,27671
7247,-11845,27671
7247,-11845,27671
7247,-11845,27671
7247,-11845,27671
7247,-11845,27671
7247,-11845,27671
7247,-11845,27671
7247,-11845,27671
7247,-11845,27671
7247,-11845,27671
7247,-11845,27671
7247,-11845,27671
7247,-11845,27671
7247,-11845,27671
7247,-11845,27671
7247,-11845,27671
7247,-11845,27671
7247,-11845,27671
7247,-11845,27671
7247,-11845,27671
7247,-11845,27671
7247,-11845,27671
7247,-11845,27671
7247,-11845,27671
7247,-11845,27671
7247,-11845,27671
7247,-11845,27671
7247,-11845,27671
7247,-11845,27671
7247,-11845,27671
7247,-11845,27671
7247,-11845,27671
7247,-11845,27671
7247,-11845,27671
7247,-11845,27671
7247,-11845,27671
7247,-11845,27671
7247,-11845,27671
7247,-11845,27671
7247,-11845,27671
7247,-11845,27671
7247,-11845,27671
7247,-11845,27671
7247,-11845,27671
7247,-11845,27671
7247,-11845,27671
7247,-11845,27671
7247,-11845,27671
7247,-11845,27671
7247,-11845,27671
7247,-11845,27671
7247,-11845,27671
7247,-11845,27671
7247,-11845,27671
7247,-11845,27671
7247,-11845,27671
7247,-11845,27671
7247,-11845,27671
7247,-11845,27671
7247,-11845,27671
7247,-11845,27671
7247,-11845,27671
7247,-11845,27671
7247,-11845,27671
7247,-11845,27671
7247,-11845,27671
7247,-11845,27671
7247,-11845,27671
7247,-11845,27671
7247,-11845,27671
7247,-11845,27671
7247,-11845,27671
7247,-11845,27671
7247,-11845,27671
7247,-11845,27671
7247,-11845,27671
7247,-11845,27671
7247,-11845,27671
7247,-11845,27671
7247,-11845,27671
7247,-11845,27671
7247,-11845,27671
7247,-11845,27671
7247,-11845,27671
7247,-11845,27671
7247,-11845,27671
7247,-11845,27671
7247,-11845,27671
7247,-11845,27671
7247,-11845,27671
7247,-11845,27671
7247,-11845,27671
7247,-11845,27671
7247,-11845,27671
7247,-11845,27671
7247,-11845,27671
7247,-11845,27671
7247,-11845,27671
7247,-11845,27671
7247,-11845,27671
7247,-11845,27671
7247,-11845,27671
7247,-11845,27671
7247,-11845,27671
7247,-11845,27671
7247,-11845,27671
7247,-11845,27671
7247,-11845,27671
7247,-11845,27671
7247,-11845,27671
7247,-11845,27671
7247,-11845,27671
7247,-11845,27671
7247,-11845,27671
7247,-11845,27671
7247,-11845,27671
7247,-11845,27671
7247,-11845,27671
7247,-11845,27671
7247,-11845,27671
7247,-11845,27671
7247,-11845,27671
7247,-11845,27671
7247,-11845,27671
7247,-11845,27671
7247,-11845,27671
7247,-11845,27671
7247,-11845,27671
7247,-11845,27671
7247,-11845,27671
7247,-11845,27671
7247,-11845,27671
7247,-11845,27671
7247,-11845,27671
7247,-11845,27671
7247,-11845,27671
7247,-11845,27671
7247,-11845,27671
7247,-11845,27671
7247,-11845,27671
7247,-11845,27671
7247,-11845,27671
7247,-11845,27671
7247,-11845,27671
7247,-11845,27671
7247,-11845,27671
7247,-11845,27671
7247,-11845,27671
7247,-11845,27671
7247,-11845,27671
7247,-11845,27671
7247,-11845,27671
7247,-11845,27671
7247,-11845,27671
7247,-11845,27671
7247,-11845,27671
7247,-11845,27671
7247,-11845,27671
7247,-11845,27671
7247,-11845,27671
7247,-11845,27671
7247,-11845,27671
7247,-11845,27671
7247,-11845,27671
7247,-11845,27671
7247,-11845,27671
7247,-11845,27671
7247,-11845,27671
7247,-11845,27671
7247,-11845,27671
7247,-11845,27671
7247,-11845,27671
7247,-11845,27671
7247,-11845,27671
7247,-11845,27671
7247,-11845,27671
7247,-11845,27671
7247,-11845,27671
7247,-11845,27671
7247,-11845,27671
7247,-11845,27671
7247,-11845,27671
7247,-11845,27671
7247,-11845,27671
7247,-11845,27671
7247,-11845,27671
7247,-11845,27671
7247,-11845,27671
7247,-11845,27671
7247,-11845,27671
7247,-11845,27671
7247,-11845,27671
7247,-11845,27671
7247,-11845,27671
7247,-11845,27671
7247,-11845,27671
7247,-11845,27671
7247,-11845,27671
7247,-11845,27671
7247,-11845,27671
7247,-11845,27671
7247,-11845,27671
7247,-11845,27671
7247,-11845,27671
7247,-11845,27671
7247,-11845,27671
7247,-11845,27671
7247,-11845,27671
7247,-11845,27671
7247,-11845,27671
7247,-11845,27671
7247,-11845,27671
7247,-11845,27671
7247,-11845,27671
7247,-11845,27671
7247,-11845,27671
7247,-11845,27671
7247,-11845,27671
7247,-11845,27671
7247,-11845,27671
7247,-11845,27671
7247,-11845,27671
7247,-11845,27671
7247,-11845,27671
7247,-11845,27671
7247,-11845,27671
7247,-11845,27671
7247,-11845,27671
7247,-11845,27671
7247,-11845,27671
7247,-11845,27671
7247,-11845,27671
7247,-11845,27671
7247,-11845,27671
7247,-11845,27671
7247,-11845,27671
7247,-11845,27671
7247,-11845,27671
7247,-11845,27671
7247,-11845,27671
7247,-11845,27671
7247,-11845,27671
7247,-11845,27671
7247,-11845,27671
7247,-11845,27671
7247,-11845,27671
7247,-11845,27671
7247,-11845,27671
7247,-11845,27671
7247,-11845,27671
7247,-11845,27671
7247,-11845,27671
7247,-11845,27671
7247,-11845,27671
7247,-11845,27671
7247,-11845,27671
7247,-11845,27671
7247,-11845,27671
7247,-11845,27671
7247,-11845,27671
7247,-11845,27671
7247,-11845,27671
7247,-11845,27671
7247,-11845,27671
7247,-11845,27671
7247,-11845,27671
7247,-11845,27671
7247,-11845,27671
7247,-11845,27671
7247,-11845,27671
7247,-11845,27671
7247,-11845,27671
7247,-11845,27671
7247,-11845,27671
7247,-11845,27671
7247,-11845,27671
7247,-11845,27671
7247,-11845,27671
7247,-11845,27671
7247,-11845,27671
7247,-11845,27671
7247,-11845,27671
7247,-11845,27671
7247,-11845,27671
7247,-11845,27671
7247,-11845,27671
7247,-11845,27671
7247,-11845,27671
7247,-11845,27671
7247,-11845,27671
7247,-11845,27671
7247,-11845,27671
7247,-11845,27671
7247,-11845,27671
7247,-11845,27671
7247,-11845,27671
7247,-11845,27671
7247,-11845,27671
7247,-11845,27671
7247,-11845,27671
7247,-11845,27671
7247,-11845,27671
7247,-11845,27671
7247,-11845,27671
7247,-11845,27671
7247,-11845,27671
7247,-11845,27671
7247,-11845,27671
7247,-11845,27671
7247,-11845,27671
7247,-11845,27671
7247,-11845,27671
7247,-11845,27671
7247,-11845,27671
7247,-11845,27671
7247,-11845,27671
7247,-11845,27671
7247,-11845,27671
7247,-11845,27671
7247,-11845,27671
7247,-11845,27671
7247,-11845,27671
7247,-11845,27671
7247,-11845,27671
7247,-11845,27671
7247,-11845,27671
7247,-11845,27671
7247,-11845,27671
7247,-11845,27671
7247,-11845,27671
7247,-11845,27671
7247,-11845,27671
7247,-11845,27671
7247,-11845,27671
7247,-11845,27671
7247,-11845,27671
7247,-11845,27671
7247,-11845,27671
7247,-11845,27671
7247,-11845,27671
7247,-11845,27671
7247,-11845,27671
7247,-11845,27671
7247,-11845,27671
7247,-11845,27671
7247,-11845,27671
7247,-11845,27671
7247,-11845,27671
7247,-11845,27671
7247,-11845,27671
7247,-11845,27671
7247,-11845,27671
7247,-11845,27671
7247,-11845,27671
7247,-11845,27671
7247,-11845,27671
7247,-11845,27671
7247,-11845,27671
7247,-11845,27671
7247,-11845,27671
7247,-11845,27671
7247,-11845,27671
7247,-11845,27671
7247,-11845,27671
7247,-11845,27671
7247,-11845,27671
7247,-11845,27671
7247,-11845,27671
7247,-11845,27671
7247,-11845,27671
7247,-11845,27671
7247,-11845,27671
7247,-11845,27671
7247,-11845,27671
7247,-11845,27671
7247,-11845,27671
7247,-11845,27671
7247,-11845,27671
7247,-11845,27671
7247,-11845,27671
7247,-11845,27671
7247,-11845,27671
7247,-11845,27671
7247,-11845,27671
7247,-11845,27671
7247,-11845,27671
7247,-11845,27671
7247,-11845,27671
7247,-11845,27671
7247,-11845,27671
7247,-11845,27671
7247,-11845,27671
7247,-11845,27671
7247,-11845,27671
7247,-11845,27671
7247,-11845,27671
7247,-11845,27671
7247,-11845,27671
7247,-11845,27671
7247,-11845,27671
7247,-11845,27671
7247,-11845,27671
7247,-11845,27671
7247,-11845,27671
7247,-11845,27671
7247,-11845,27671
7247,-11845,27671
7247,-11845,27671
7247,-11845,27671
7247,-11845,27671
7247,-11845,27671
7247,-11845,27671
7247,-11845,27671
7247,-11845,27671
7247,-11845,27671
7247,-11845,27671
7247,-11845,27671
7247,-11845,27671
7247,-11845,27671
7247,-11845,27671
7247,-11845,27671
7247,-11845,27671
7247,-11845,27671
7247,-11845,27671
7247,-11845,27671
7247,-11845,27671
7247,-11845,27671
7247,-11845,27671
7247,-11845,27671
7247,-11845,27671
7247,-11845,27671
7247,-11845,27671
7247,-11845,27671
7247,-11845,27671
7247,-11845,27671
7247,-11845,27671
7247,-11845,27671
7247,-11845,27671
7247,-11845,27671
7247,-11845,27671
7247,-11845,27671
7247,-11845,27671
7247,-11845,27671
7247,-11845,27671
7247,-11845,27671
7247,-11845,27671
7247,-11845,27671
7247,-11845,27671
7247,-11845,27671
7247,-11845,27671
7247,-11845,27671
7247,-11845,27671
7247,-11845,27671
7247,-11845,27671
7247,-11845,27671
7247,-11845,27671
7247,-11845,27671
7247,-11845,27671
7247,-11845,27671
7247,-11845,27671
7247,-11845,27671
7247,-11845,27671
7247,-11845,27671
7247,-11845,27671
7247,-11845,27671
7247,-11845,27671
7247,-11845,27671
7247,-11845,27671
7247,-11845,27671
7247,-11845,27671
7247,-11845,27671
7247,-11845,27671
7247,-11845,27671
7247,-11845,27671
7247,-11845,27671
7247,-11845,27671
7247,-11845,27671
7247,-11845,27671
7247,-11845,27671
7247,-11845,27671
7247,-11845,27671
7247,-11845,27671
7247,-11845,27671
7247,-11845,27671
7247,-11845,27671
7247,-11845,27671
7247,-11845,27671
7247,-11845,27671
7247,-11845,27671
7247,-11845,27671
7247,-11845,27671
7247,-11845,27671
7247,-11845,27671
7247,-11845,27671
7247,-11845,27671
7247,-11845,27671
7247,-11845,27671
7247,-11845,27671
7247,-11845,27671
7247,-11845,27671
7247,-11845,27671
7247,-11845,27671
7247,-11845,27671
7247,-11845,27671
7247,-11845,27671
7247,-11845,27671
7247,-11845,27671
7247,-11845,27671
7247,-11845,27671
7247,-11845,27671
7247,-11845,27671
7247,-11845,27671
7247,-11845,27671
7247,-11845,27671
7247,-11845,27671
7247,-11845,27671
7247,-11845,27671
7247,-11845,27671
7247,-11845,27671
7247,-11845,27671
7247,-11845,27671
7247,-11845,27671
7247,-11845,27671
7247,-11845,27671
7247,-11845,27671
7247,-11845,27671
7247,-11845,27671
7247,-11845,27671
7247,-11845,27671
7247,-11845,27671
7247,-11845,27671
7247,-11845,27671
7247,-11845,27671
7247,-11845,27671
7247,-11845,27671
7247,-11845,27671
7247,-11845,27671
7247,-11845,27671
7247,-11845,27671
7247,-11845,27671
7247,-11845,27671
7247,-11845,27671
7247,-11845,27671
7247,-11845,27671
7247,-11845,27671
7247,-11845,27671
7247,-11845,27671
7247,-11845,27671
7247,-11845,27671
7247,-11845,27671
7247,-11845,27671
7247,-11845,27671
7247,-11845,27671
7247,-11845,27671
7247,-11845,27671
7247,-11845,27671
7247,-11845,27671
7247,-11845,27671
7247,-11845,27671
7247,-11845,27671
7247,-11845,27671
7247,-11845,27671
7247,-11845,27671
7247,-11845,27671
7247,-11845,27671
7247,-11845,27671
7247,-11845,27671
7247,-11845,27671
7247,-11845,27671
7247,-11845,27671
7247,-11845,27671
7247,-11845,27671
7247,-11845,27671
7247,-11845,27671
7247,-11845,27671
7247,-11845,27671
7247,-11845,27671
7247,-11845,27671
7247,-11845,27671
7247,-11845,27671
7247,-11845,27671
7247,-11845,27671
7247,-11845,27671
7247,-11845,27671
7247,-11845,27671
7247,-11845,27671
7247,-11845,27671
7247,-11845,27671
7247,-11845,27671
7247,-11845,27671
7247,-11845,27671
7247,-11845,27671
7247,-11845,27671
7247,-11845,27671
7247,-11845,27671
7247,-11845,27671
7247,-11845,27671
7247,-11845,27671
7247,-11845,27671
7247,-11845,27671
7247,-11845,27671
7247,-11845,27671
7247,-11845,27671
7247,-11845,27671
7247,-11845,27671
7247,-11845,27671
7247,-11845,27671
7247,-11845,27671
7247,-11845,27671
7247,-11845,27671
7247,-11845,27671
7247,-11845,27671
7247,-11845,27671
7247,-11845,27671
7247,-11845,27671
7247,-11845,27671
7247,-11845,27671
7247,-11845,27671
7247,-11845,27671
7247,-11845,27671
7247,-11845,27671
7247,-11845,27671
7247,-11845,27671
7247,-11845,27671
7247,-11845,27671
7247,-11845,27671
7247,-11845,27671
7247,-11845,27671
7247,-11845,27671
7247,-11845,27671
7247,-11845,27671
7247,-11845,27671
7247,-11845,27671
7247,-11845,27671
7247,-11845,27671
7247,-11845,27671
7247,-11845,27671
7247,-11845,27671
7247,-11845,27671
7247,-11845,27671
7247,-11845,27671
7247,-11845,27671
7247,-11845,27671
7247,-11845,27671
7247,-11845,27671
7247,-11845,27671
7247,-11845,27671
7247,-11845,27671
7247,-11845,27671
7247,-11845,27671
7247,-11845,27671
7247,-11845,27671
7247,-11845,27671
7247,-11845,27671
7247,-11845,27671
7247,-11845,27671
7247,-11845,27671
7247,-11845,27671
7247,-11845,27671
7247,-11845,27671
7247,-11845,27671
7247,-11845,27671
7247,-11845,27671
7247,-11845,27671
7247,-11845,27671
7247,-11845,27671
7247,-11845,27671
7247,-11845,27671
7247,-11845,27671
7247,-11845,27671
7247,-11845,27671
7247,-11845,27671
7247,-11845,27671
7247,-11845,27671
7247,-11845,27671
7247,-11845,27671
7247,-11845,27671
7247,-11845,27671
7247,-11845,27671
7247,-11845,27671
7247,-11845,27671
7247,-11845,27671
7247,-11845,27671
7247,-11845,27671
7247,-11845,27671
7247,-11845,27671
7247,-11845,27671
7247,-11845,27671
7247,-11845,27671
7247,-11845,27671
7247,-11845,27671
7247,-11845,27671
7247,-11845,27671
7247,-11845,27671
7247,-11845,27671
7247,-11845,27671
7247,-11845,27671
7247,-11845,27671
7247,-11845,27671
7247,-11845,27671
7247,-11845,27671
7247,-11845,27671
7247,-11845,27671
7247,-11845,27671
7247,-11845,27671
7247,-11845,27671
7247,-11845,27671
7247,-11845,27671
7247,-11845,27671
7247,-11845,27671
7247,-11845,27671
7247,-11845,27671
7247,-11845,27671
7247,-11845,27671
7247,-11845,27671
7247,-11845,27671
7247,-11845,27671
7247,-11845,27671
7247,-11845,27671
7247,-11845,27671
7247,-11845,27671
7247,-11845,27671
7247,-11845,27671
7247,-11845,27671
7247,-11845,27671
7247,-11845,27671
7247,-11845,27671
7247,-11845,27671
7247,-11845,27671
7247,-11845,27671
7247,-11845,27671
7247,-11845,27671
7247,-11845,27671
7247,-11845,27671
7247,-11845,27671
7247,-11845,27671
7247,-11845,27671
7247,-11845,27671
7247,-11845,27671
7247,-11845,27671
7247,-11845,27671
7247,-11845,27671
7247,-11845,27671
7247,-11845,27671
7247,-11845,27671
7247,-11845,27671
7247,-11845,27671
7247,-11845,27671
7247,-11845,27671
7247,-11845,27671
7247,-11845,27671
7247,-11845,27671
7247,-11845,27671
7247,-11845,27671
7247,-11845,27671
7247,-11845,27671
7247,-11845,27671
7247,-11845,27671
7247,-11845,27671
7247,-11845,27671
7247,-11845,27671
7247,-11845,27671
7247,-11845,27671
7247,-11845,27671
7247,-11845,27671
7247,-11845,27671
7247,-11845,27671
7247,-11845,27671
7247,-11845,27671
7247,-11845,27671
7247,-11845,27671
7247,-11845,27671
7247,-11845,27671
7247,-11845,27671
7247,-11845,27671
7247,-11845,27671
7247,-11845,27671
7247,-11845,27671
7247,-11845,27671
7247,-11845,27671
7247,-11845,27671
7247,-11845,27671
7247,-11845,27671
7247,-11845,27671
7247,-11845,27671
7247,-11845,27671
7247,-11845,27671
7247,-11845,27671
7247,-11845,27671
7247,-11845,27671
7247,-11845,27671
7247,-11845,27671
7247,-11845,27671
7247,-11845,27671
7247,-11845,27671
7247,-11845,27671
7247,-11845,27671
7247,-11845,27671
7247,-11845,27671
7247,-11845,27671
7247,-11845,27671
7247,-11845,27671
7247,-11845,27671
7247,-11845,27671
7247,-11845,27671
7247,-11845,27671
7247,-11845,27671
7247,-11845,27671
7247,-11845,27671
7247,-11845,27671
7247,-11845,27671
7247,-11845,27671
7247,-11845,27671
7247,-11845,27671
7247,-11845,27671
7247,-11845,27671
7247,-11845,27671
7247,-11845,27671
7247,-11845,27671
7247,-11845,27671
7247,-11845,27671
7247,-11845,27671
7247,-11845,27671
7247,-11845,27671
7247,-11845,27671
7247,-11845,27671
7247,-11845,27671
7247,-11845,27671
7247,-11845,27671
7247,-11845,27671
7247,-11845,27671
7247,-11845,27671
7247,-11845,27671
7247,-11845,27671
7247,-11845,27671
7247,-11845,27671
7247,-11845,27671
7247,-11845,27671
7247,-11845,27671
7247,-11845,27671
7247,-11845,27671
7247,-11845,27671
7247,-11845,27671
7247,-11845,27671
7247,-11845,27671
7247,-11845,27671
7247,-11845,27671
7247,-11845,27671
7247,-11845,27671
7247,-11845,27671
7247,-11845,27671
7247,-11845,27671
7247,-11845,27671
7247,-11845,27671
7247,-11845,27671
7247,-11845,27671
7247,-11845,27671
7247,-11845,27671
7247,-11845,27671
7247,-11845,27671
7247,-11845,27671
7247,-11845,27671
7247,-11845,27671
7247,-11845,27671
7247,-11845,27671
7247,-11845,27671
7247,-11845,27671
7247,-11845,27671
7247,-11845,27671
7247,-11845,27671
7247,-11845,27671
7247,-11845,27671
7247,-11845,27671
7247,-11845,27671
7247,-11845,27671
7247,-11845,27671
7247,-11845,27671
7247,-11845,27671
7247,-11845,27671
7247,-11845,27671
7247,-11845,27671
7247,-11845,27671
7247,-11845,27671
7247,-11845,27671
7247,-11845,27671
7247,-11845,27671
7247,-11845,27671
7247,-11845,27671
7247,-11845,27671
7247,-11845,27671
7247,-11845,27671
7247,-11845,27671
7247,-11845,27671
7247,-11845,27671
7247,-11845,27671
7247,-11845,27671
7247,-11845,27671
7247,-11845,27671
7247,-11845,27671
7247,-11845,27671
7247,-11845,27671
7247,-11845,27671
7247,-11845,27671
7247,-11845,27671
7247,-11845,27671
7247,-11845,27671
7247,-11845,27671
7247,-11845,27671
7247,-11845,27671
7247,-11845,27671
7247,-11845,27671
7247,-11845,27671
7247,-11845,27671
7247,-11845,27671
7247,-11845,27671
7247,-11845,27671
7247,-11845,27671
7247,-11845,27671
7247,-11845,27671
7247,-11845,27671
7247,-11845,27671
7247,-11845,27671
7247,-11845,27671
7247,-11845,27671
7247,-11845,27671
7247,-11845,27671
7247,-11845,27671
7247,-11845,27671
7247,-11845,27671
7247,-11845,27671
7247,-11845,27671
7247,-11845,27671
7247,-11845,27671
7247,-11845,27671
7247,-11845,27671
7247,-11845,27671
7247,-11845,27671
7247,-11845,27671
7247,-11845,27671
7247,-11845,27671
7247,-11845,27671
7247,-11845,27671
7247,-11845,27671
7247,-11845,27671
7247,-11845,27671
7247,-11845,27671
7247,-11845,27671
7247,-11845,27671
7247,-11845,27671
7247,-11845,27671
7247,-11845,27671
7247,-11845,27671
7247,-11845,27671
7247,-11845,27671
7247,-11845,27671
7247,-11845,27671
7247,-11845,27671
7247,-11845,27671
7247,-11845,27671
7247,-11845,27671
7247,-11845,27671
7247,-11845,27671
7247,-11845,27671
7247,-11845,27671
7247,-11845,27671
7247,-11845,27671
7247,-11845,27671
7247,-11845,27671
7247,-11845,27671
7247,-11845,27671
7247,-11845,27671
7247,-11845,27671
7247,-11845,27671
7247,-11845,27671
7247,-11845,27671
7247,-11845,27671
7247,-11845,27671
7247,-11845,27671
7247,-11845,27671
7247,-11845,27671
7247,-11845,27671
7247,-11845,27671
7247,-11845,27671
7247,-11845,27671
7247,-11845,27671
7247,-11845,27671
7247,-11845,27671
7247,-11845,27671
7247,-11845,27671
7247,-11845,27671
7247,-11845,27671
7247,-11845,27671
7247,-11845,27671
7247,-11845,27671
7247,-11845,27671
7247,-11845,27671
7247,-11845,27671
7247,-11845,27671
7247,-11845,27671
7247,-11845,27671
7247,-11845,27671
7247,-11845,27671
7247,-11845,27671
7247,-11845,27671
7247,-11845,27671
7247,-11845,27671
7247,-11845,27671
7247,-11845,27671
7247,-11845,27671
7247,-11845,27671
7247,-11845,27671
7247,-11845,27671
7247,-11845,27671
7247,-11845,27671
7247,-11845,27671
7247,-11845,27671
7247,-11845,27671
7247,-11845,27671
7247,-11845,27671
7247,-11845,27671
7247,-11845,27671
7247,-11845,27671
7247,-11845,27671
7247,-11845,27671
7247,-11845,27671
7247,-11845,27671
7247,-11845,27671
7247,-11845,27671
7247,-11845,27671
7247,-11845,27671
7247,-11845,27671
7247,-11845,27671
7247,-11845,27671
7247,-11845,27671
7247,-11845,27671
7247,-11845,27671
7247,-11845,27671
7247,-11845,27671
7247,-11845,27671
7247,-11845,27671
7247,-11845,27671
7247,-11845,27671
7247,-11845,27671
7247,-11845,27671
7247,-11845,27671
7247,-11845,27671
7247,-11845,27671
7247,-11845,27671
7247,-11845,27671
7247,-11845,27671
7247,-11845,27671
7247,-11845,27671
7247,-11845,27671
7247,-11845,27671
7247,-11845,27671
7247,-11845,27671
7247,-11845,27671
7247,-11845,27671
7247,-11845,27671
7247,-11845,27671
7247,-11845,27671
7247,-11845,27671
7247,-11845,27671
7247,-11845,27671
7247,-11845,27671
7247,-11845,27671
7247,-11845,27671
7247,-11845,27671
7247,-11845,27671
7247,-11845,27671
7247,-11845,27671
7247,-11845,27671
7247,-11845,27671
7247,-11845,27671
7247,-11845,27671
7247,-11845,27671
7247,-11845,27671
7247,-11845,27671
7247,-11845,27671
7247,-11845,27671
7247,-11845,27671
7247,-11845,27671
7247,-11845,27671
7247,-11845,27671
7247,-11845,27671
7247,-11845,27671
7247,-11845,27671
7247,-11845,27671
7247,-11845,27671
7247,-11845,27671
7247,-11845,27671
7247,-11845,27671
7247,-11845,27671
7247,-11845,27671
7247,-11845,27671
7247,-11845,27671
7247,-11845,27671
7247,-11845,27671
7247,-11845,27671
7247,-11845,27671
7247,-11845,27671
7247,-11845,27671
7247,-11845,27671
7247,-11845,27671
7247,-11845,27671
7247,-11845,27671
7247,-11845,27671
7247,-11845,27671
7247,-11845,27671
7247,-11845,27671
7247,-11845,27671
7247,-11845,27671
7247,-11845,27671
7247,-11845,27671
7247,-11845,27671
7247,-11845,27671
7247,-11845,27671
7247,-11845,27671
7247,-11845,27671
7247,-11845,27671
7247,-11845,27671
7247,-11845,27671
7247,-11845,27671
7247,-11845,27671
7247,-11845,27671
7247,-11845,27671
7247,-11845,27671
7247,-11845,27671
7247,-11845,27671
7247,-11845,27671
7247,-11845,27671
7247,-11845,27671
7247,-11845,27671
7247,-11845,27671
7247,-11845,27671
7247,-11845,27671
7247,-11845,27671
7247,-11845,27671
7247,-11845,27671
7247,-11845,27671
7247,-11845,27671
7247,-11845,27671
7247,-11845,27671
7247,-11845,27671
7247,-11845,27671
7247,-11845,27671
7247,-11845,27671
7247,-11845,27671
7247,-11845,27671
7247,-11845,27671
7247,-11845,27671
7247,-11845,27671
7247,-11845,27671
7247,-11845,27671
7247,-11845,27671
7247,-11845,27671
7247,-11845,27671
7247,-11845,27671
7247,-11845,27671
7247,-11845,27671
7247,-11845,27671
7247,-11845,27671
7247,-11845,27671
7247,-11845,27671
7247,-11845,27671
7247,-11845,27671
7247,-11845,27671
7247,-11845,27671
7247,-11845,27671
7247,-11845,27671
7247,-11845,27671
7247,-11845,27671
7247,-11845,27671
7247,-11845,27671
7247,-11845,27671
7247,-11845,27671
7247,-11845,27671
7247,-11845,27671
7247,-11845,27671
7247,-11845,27671
7247,-11845,27671
7247,-11845,27671
7247,-11845,27671
7247,-11845,27671
7247,-11845,27671
7247,-11845,27671
7247,-11845,27671
7247,-11845,27671
7247,-11845,27671
7247,-11845,27671
7247,-11845,27671
7247,-11845,27671
7247,-11845,27671
7247,-11845,27671
7247,-11845,27671
7247,-11845,27671
7247,-11845,27671
7247,-11845,27671
7247,-11845,27671
7247,-11845,27671
7247,-11845,27671
7247,-11845,27671
7247,-11845,27671
7247,-11845,27671
7247,-11845,27671
7247,-11845,27671
7247,-11845,27671
7247,-11845,27671
7247,-11845,27671
                  7247,-11845,27671
7247,-11845,27671
7247,-11845,27671
7247,-11845,27671
7247,-11845,27671
7247,-11845,27671
7252,-11845,27662
7259,-11912,27649
7252,-11847,27675
7257,-11842,27674
7265,-11839,27670
7254,-11844,27665
7254,-11844,27676
7209,-11849,27659
7211,-11849,27659
7211,-11849,27659
7211,-11849,27659
7211,-11849,27659
7211,-11849,27659
7212,-11849,27658
7200,-11849,27654
7193,-11845,27659
7205,-11846,27667
7204,-11848,27661
7205,-11848,27661
7205,-11848,27661
7205,-11848,27661
7205,-11848,27661
7193,-11849,27670
7193,-11849,27670
7193,-11849,27670
7193,-11849,27670
7193,-11849,27670
7193,-11849,27670
7193,-11849,27670
7193,-11849,27670
7193,-11849,27670
7193,-11849,27670
7187,-11847,27669
7204,-11847,27673
7210,-11847,27671
7210,-11847,27671
7201,-11847,27668
7200,-11847,27669
7200,-11847,27669
7200,-11847,27669
7200,-11847,27669
7210,-11848,27670
7210,-11848,27670
7204,-11847,27673
7209,-11848,27677
7198,-11849,27668
7200,-11846,27669
7200,-11846,27669
7200,-11846,27669
7204,-11847,27673
7199,-11849,27670
7199,-11849,27670
7199,-11849,27670
7199,-11849,27670
7200,-11849,27671
7200,-11849,27671
7229,-11845,27651
7191,-11848,27658
7188,-11838,27648
7249,-11846,27675
7250,-11846,27662
7201,-11849,27670
7201,-11849,27670
7250,-11847,27662
