7204,-11847,27673
7259,-11846,27691
7251,-11845,27695
7251,-11845,27695
7251,-11845,27695
7251,-11845,27695
7260,-11845,27713
7276,-11828,27722
7269,-11826,27730
7205,-11846,27664
7193,-11885,27662
7273,-11836,27714
7277,-11834,27718
7253,-11845,27722
7254,-11845,27721
7278,-11837,27707
7204,-11847,27673
7212,-11844,27673
7262,-11838,27684
7250,-11845,27724
7250,-11845,27713
7250,-11845,27712
7246,-11845,27713
7247,-11845,27713
7247,-11845,27713
7248,-11845,27711
7250,-11845,27721
7249,-11845,27721
7249,-11845,27722
7249,-11845,27716
7253,-11845,27711
7204,-11847,27673
7241,-11845,27709
7244,-11845,27716
7245,-11845,27714
7244,-11844,27715
7247,-11845,27716
7204,-11847,27673
7211,-11843,27669
7246,-11844,27714
7204,-11847,27673
7244,-11842,27714
7246,-11842,27723
7244,-11842,27715
7245,-11844,27717
7247,-11845,27716
7247,-11845,27716
7247,-11845,27716
7240,-11841,27724
7247,-11842,27727
7251,-11845,27717
7254,-11844,27711
7248,-11845,27715
7252,-11844,27719
7243,-11841,27706
7247,-11845,27717
7249,-11845,27718
7254,-11843,27713
7250,-11845,27717
7249,-11845,27720
7243,-11846,27708
7197,-11849,27669
7204,-11847,27673
7266,-11844,27692
7256,-11839,27728
7269,-11844,27713
7255,-11847,27718
7246,-11842,27709
7264,-11846,27707
7240,-11844,27713
7243,-11844,27690
7202,-11847,27668
7202,-11847,27668
7194,-11843,27659
7183,-11843,27683
7190,-11844,27672
7205,-11849,27672
7205,-11848,27672
7185,-11839,27655
7194,-11839,27656
7274,-11839,27708
7256,-11842,27704
7249,-11846,27712
7262,-11844,27709
7253,-11845,27706
7272,-11844,27707
7194,-11844,27664
7169,-11840,27662
7219,-11831,27645
7204,-11847,27673
7249,-11844,27715
7250,-11849,27714
7252,-11840,27711
7247,-11845,27722
7247,-11845,27722
7247,-11845,27722
7247,-11845,27722
7247,-11845,27722
7247,-11845,27722
7247,-11845,27722
7247,-11845,27722
7247,-11845,27722
7247,-11845,27722
7247,-11845,27722
7247,-11845,27722
7247,-11845,27722
7247,-11845,27722
7247,-11845,27722
7247,-11845,27722
7247,-11845,27722
7247,-11845,27722
7247,-11845,27722
7247,-11845,27722
7247,-11845,27722
7247,-11845,27722
7247,-11845,27722
7247,-11845,27722
7247,-11845,27722
7247,-11845,27722
7247,-11845,27722
7247,-11845,27722
7247,-11845,27722
7247,-11845,27722
7247,-11845,27722
7247,-11845,27722
7247,-11845,27722
7247,-11845,27722
7247,-11845,27722
7247,-11845,27722
7247,-11845,27722
7247,-11845,27722
7247,-11845,27722
7247,-11845,27722
7247,-11845,27722
7247,-11845,27722
7247,-11845,27722
7247,-11845,27722
7247,-11845,27722
7247,-11845,27722
7247,-11845,27722
7247,-11845,27722
7247,-11845,27722
7247,-11845,27722
7247,-11845,27722
7247,-11845,27722
7247,-11845,27722
7247,-11845,27722
7247,-11845,27722
7247,-11845,27722
7247,-11845,27722
7247,-11845,27722
7247,-11845,27722
7247,-11845,27722
7247,-11845,27722
7247,-11845,27722
7247,-11845,27722
7247,-11845,27722
7247,-11845,27722
7247,-11845,27722
7247,-11845,27722
7247,-11845,27722
7247,-11845,27722
7247,-11845,27722
7247,-11845,27722
7247,-11845,27722
7247,-11845,27722
7247,-11845,27722
7247,-11845,27722
7247,-11845,27722
7247,-11845,27722
7247,-11845,27722
7247,-11845,27722
7247,-11845,27722
7247,-11845,27722
7247,-11845,27722
7247,-11845,27722
7247,-11845,27722
7247,-11845,27722
7247,-11845,27722
7247,-11845,27722
7247,-11845,27722
7247,-11845,27722
7247,-11845,27722
7247,-11845,27722
7247,-11845,27722
7247,-11845,27722
7247,-11845,27722
7247,-11845,27722
7247,-11845,27722
7247,-11845,27722
7247,-11845,27722
7247,-11845,27722
7247,-11845,27722
7247,-11845,27722
7247,-11845,27722
7247,-11845,27722
7247,-11845,27722
7247,-11845,27722
7247,-11845,27722
7247,-11845,27722
7247,-11845,27722
7247,-11845,27722
7247,-11845,27722
7247,-11845,27722
7247,-11845,27722
7247,-11845,27722
7247,-11845,27722
7247,-11845,27722
7247,-11845,27722
7247,-11845,27722
7247,-11845,27722
7247,-11845,27722
7247,-11845,27722
7247,-11845,27722
7247,-11845,27722
7247,-11845,27722
7247,-11845,27722
7247,-11845,27722
7247,-11845,27722
7247,-11845,27722
7247,-11845,27722
7247,-11845,27722
7247,-11845,27722
7247,-11845,27722
7247,-11845,27722
7247,-11845,27722
7247,-11845,27722
7247,-11845,27722
7247,-11845,27722
7247,-11845,27722
7247,-11845,27722
7247,-11845,27722
7247,-11845,27722
7247,-11845,27722
7247,-11845,27722
7247,-11845,27722
7247,-11845,27722
7247,-11845,27722
7247,-11845,27722
7247,-11845,27722
7247,-11845,27722
7247,-11845,27722
7247,-11845,27722
7247,-11845,27722
7247,-11845,27722
7247,-11845,27722
7247,-11845,27722
7247,-11845,27722
7247,-11845,27722
7247,-11845,27722
7247,-11845,27722
7247,-11845,27722
7247,-11845,27722
7247,-11845,27722
7247,-11845,27722
7247,-11845,27722
7247,-11845,27722
7247,-11845,27722
7247,-11845,27722
7247,-11845,27722
7247,-11845,27722
7268,-11841,27727
7254,-11845,27718
7249,-11845,27729
7263,-11845,27710
7266,-11850,27691
7201,-11847,27662
7199,-11844,27660
7224,-11848,27659
7213,-11840,27653
7234,-11833,27716
7199,-11842,27650
7228,-11845,27680
7220,-11849,27670
7246,-11833,27643
7258,-11844,27709
7251,-11847,27724
7254,-11839,27736
7242,-11837,27729
7245,-11837,27699
7257,-11842,27730
7264,-11839,27704
7253,-11839,27755
7229,-11841,27697
7249,-11841,27670
7234,-11844,27691
7204,-11847,27673
7200,-11848,27668
7205,-11847,27670
7197,-11849,27664
7210,-11851,27678
7201,-11850,27654
7276,-11843,27671
7262,-11837,27696
7179,-11837,27674
7250,-11847,27711
7250,-11847,27711
7208,-11848,27679
7258,-11840,27736
7258,-11845,27716
7258,-11845,27716
7258,-11845,27716
7261,-11896,27718
7252,-11845,27727
7273,-11844,27717
7207,-11847,27674
7271,-11837,27711
7275,-11840,27727
7266,-11843,27739
7234,-11845,27779
7211,-11845,27674
7224,-11843,27667
7247,-11845,27721
7247,-11845,27721
7247,-11845,27721
7247,-11845,27721
7247,-11845,27721
7247,-11845,27721
7247,-11845,27721
7247,-11845,27721
7247,-11845,27721
7247,-11845,27721
7247,-11845,27721
7247,-11845,27721
7247,-11845,27721
7247,-11845,27721
7247,-11845,27721
7247,-11845,27721
7247,-11845,27721
7247,-11845,27721
7247,-11845,27721
7247,-11845,27721
7247,-11845,27721
7247,-11845,27721
7247,-11845,27721
7247,-11845,27721
7247,-11845,27721
7247,-11845,27721
7247,-11845,27721
7247,-11845,27721
7247,-11845,27721
7247,-11845,27721
7247,-11845,27721
7247,-11845,27721
7247,-11845,27721
7247,-11845,27721
7247,-11845,27721
7247,-11845,27721
7247,-11845,27721
7247,-11845,27721
7247,-11845,27721
7247,-11845,27721
7247,-11845,27721
7247,-11845,27721
7247,-11845,27721
7247,-11845,27721
7247,-11845,27721
7247,-11845,27721
7247,-11845,27721
7247,-11845,27721
7247,-11845,27721
7247,-11845,27721
7247,-11845,27721
7247,-11845,27721
7247,-11845,27721
7247,-11845,27721
7247,-11845,27721
7247,-11845,27721
7247,-11845,27721
7247,-11845,27721
7247,-11845,27721
7247,-11845,27721
7247,-11845,27721
7247,-11845,27721
7247,-11845,27721
7247,-11845,27721
7247,-11845,27721
7247,-11845,27721
7247,-11845,27721
7247,-11845,27721
7247,-11845,27721
7247,-11845,27721
7247,-11845,27721
7247,-11845,27721
7247,-11845,27721
7247,-11845,27721
7247,-11845,27721
7247,-11845,27721
7247,-11845,27721
7247,-11845,27721
7247,-11845,27721
7247,-11845,27721
7247,-11845,27721
7247,-11845,27721
7247,-11845,27721
7247,-11845,27721
7247,-11845,27721
7247,-11845,27721
7247,-11845,27721
7247,-11845,27721
7247,-11845,27721
7247,-11845,27721
7247,-11845,27721
7247,-11845,27721
7247,-11845,27721
7247,-11845,27721
7247,-11845,27721
7247,-11845,27721
7247,-11845,27721
7247,-11845,27721
7247,-11845,27721
7247,-11845,27721
7247,-11845,27721
7247,-11845,27721
7247,-11845,27721
7247,-11845,27721
7247,-11845,27721
7247,-11845,27721
7247,-11845,27721
7247,-11845,27721
7247,-11845,27721
7247,-11845,27721
7247,-11845,27721
7247,-11845,27721
7247,-11845,27721
7247,-11845,27721
7247,-11845,27721
7247,-11845,27721
7247,-11845,27721
7247,-11845,27721
7247,-11845,27721
7247,-11845,27721
7247,-11845,27721
7247,-11845,27721
7247,-11845,27721
7247,-11845,27721
7247,-11845,27721
7247,-11845,27721
7247,-11845,27721
7247,-11845,27721
7247,-11845,27721
7247,-11845,27721
7247,-11845,27721
7247,-11845,27721
7247,-11845,27721
7247,-11845,27721
7247,-11845,27721
7247,-11845,27721
7247,-11845,27721
7247,-11845,27721
7247,-11845,27721
7247,-11845,27721
7247,-11845,27721
7247,-11845,27721
7247,-11845,27721
7247,-11845,27721
7247,-11845,27721
7247,-11845,27721
7247,-11845,27721
7247,-11845,27721
7247,-11845,27721
7247,-11845,27721
7247,-11845,27721
7247,-11845,27721
7247,-11845,27721
7247,-11845,27721
7247,-11845,27721
7247,-11845,27721
7247,-11845,27721
7247,-11845,27721
7247,-11845,27721
7247,-11845,27721
7247,-11845,27721
7247,-11845,27721
7247,-11845,27721
7247,-11845,27721
7247,-11845,27721
7247,-11845,27721
7247,-11845,27721
7247,-11845,27721
7247,-11845,27721
7247,-11845,27721
7247,-11845,27721
7247,-11845,27721
7247,-11845,27721
7247,-11845,27721
7247,-11845,27721
7247,-11845,27721
7247,-11845,27721
7247,-11845,27721
7247,-11845,27721
7247,-11845,27721
7247,-11845,27721
7247,-11845,27721
7247,-11845,27721
7247,-11845,27721
7247,-11845,27721
7247,-11845,27721
7247,-11845,27721
7247,-11845,27721
7247,-11845,27721
7247,-11845,27721
7247,-11845,27721
7247,-11845,27721
7247,-11845,27721
7247,-11845,27721
7247,-11845,27721
7247,-11845,27721
7247,-11845,27721
7247,-11845,27721
7247,-11845,27721
7247,-11845,27721
7247,-11845,27721
7247,-11845,27721
7247,-11845,27721
7247,-11845,27721
7247,-11845,27721
7247,-11845,27721
7247,-11845,27721
7247,-11845,27721
7247,-11845,27721
7247,-11845,27721
7247,-11845,27721
7247,-11845,27721
7247,-11845,27721
7247,-11845,27721
7247,-11845,27721
7247,-11845,27721
7247,-11845,27721
7247,-11845,27721
7247,-11845,27721
7247,-11845,27721
7247,-11845,27721
7247,-11845,27721
7247,-11845,27721
7247,-11845,27721
7247,-11845,27721
7247,-11845,27721
7247,-11845,27721
7247,-11845,27721
7247,-11845,27721
7247,-11845,27721
7247,-11845,27721
7247,-11845,27721
7247,-11845,27721
7247,-11845,27721
7247,-11845,27721
7247,-11845,27721
7247,-11845,27721
7247,-11845,27721
7247,-11845,27721
7222,-11848,27705
7232,-11849,27689
7266,-11811,27692
7192,-11870,27657
7241,-11835,27647
7233,-11846,27645
7233,-11845,27714
7208,-11848,27670
7247,-11845,27722
7247,-11845,27722
7247,-11845,27722
7247,-11845,27722
7247,-11845,27722
7247,-11845,27722
7247,-11845,27722
7247,-11845,27722
7247,-11845,27722
7247,-11845,27722
7247,-11845,27722
7247,-11845,27722
7247,-11845,27722
7247,-11845,27722
7247,-11845,27722
7247,-11845,27722
7247,-11845,27722
7247,-11845,27722
7247,-11845,27722
7247,-11845,27722
7247,-11845,27722
7247,-11845,27722
7247,-11845,27722
7247,-11845,27722
7247,-11845,27722
7247,-11845,27722
7247,-11845,27722
7247,-11845,27722
7247,-11845,27722
7247,-11845,27722
7247,-11845,27722
7247,-11845,27722
7247,-11845,27722
7247,-11845,27722
7247,-11845,27722
7247,-11845,27722
7247,-11845,27722
7247,-11845,27722
7247,-11845,27722
7247,-11845,27722
7247,-11845,27722
7247,-11845,27722
7247,-11845,27722
7247,-11845,27722
7247,-11845,27722
7247,-11845,27722
7247,-11845,27722
7247,-11845,27722
7247,-11845,27722
7247,-11845,27722
7247,-11845,27722
7247,-11845,27722
7247,-11845,27722
7247,-11845,27722
7247,-11845,27722
7247,-11845,27722
7247,-11845,27722
7247,-11845,27722
7247,-11845,27722
7247,-11845,27722
7247,-11845,27722
7247,-11845,27722
7247,-11845,27722
7247,-11845,27722
7247,-11845,27722
7247,-11845,27722
7247,-11845,27722
7247,-11845,27722
7247,-11845,27722
7247,-11845,27722
7247,-11845,27722
7247,-11845,27722
7247,-11845,27722
7247,-11845,27722
7247,-11845,27722
7247,-11845,27722
7247,-11845,27722
7247,-11845,27722
7247,-11845,27722
7247,-11845,27722
7247,-11845,27722
7247,-11845,27722
7247,-11845,27722
7247,-11845,27722
7247,-11845,27722
7247,-11845,27722
7247,-11845,27722
7247,-11845,27722
7247,-11845,27722
7247,-11845,27722
7247,-11845,27722
7247,-11845,27722
7247,-11845,27722
7247,-11845,27722
7247,-11845,27722
7247,-11845,27722
7247,-11845,27722
7247,-11845,27722
7247,-11845,27722
7247,-11845,27722
7247,-11845,27722
7247,-11845,27722
7247,-11845,27722
7247,-11845,27722
7247,-11845,27722
7247,-11845,27722
7247,-11845,27722
7247,-11845,27722
7247,-11845,27722
7247,-11845,27722
7247,-11845,27722
7247,-11845,27722
7247,-11845,27722
7247,-11845,27722
7247,-11845,27722
7247,-11845,27722
7247,-11845,27722
7247,-11845,27722
7247,-11845,27722
7247,-11845,27722
7247,-11845,27722
7247,-11845,27722
7247,-11845,27722
7247,-11845,27722
7247,-11845,27722
7247,-11845,27722
7247,-11845,27722
7247,-11845,27722
7247,-11845,27722
7247,-11845,27722
7247,-11845,27722
7247,-11845,27722
7247,-11845,27722
7247,-11845,27722
7247,-11845,27722
7247,-11845,27722
7247,-11845,27722
7247,-11845,27722
7247,-11845,27722
7247,-11845,27722
7247,-11845,27722
7247,-11845,27722
7247,-11845,27722
7247,-11845,27722
7247,-11845,27722
7247,-11845,27722
7247,-11845,27722
7247,-11845,27722
7247,-11845,27722
7247,-11845,27722
7247,-11845,27722
7247,-11845,27722
7247,-11845,27722
7247,-11845,27722
7247,-11845,27722
7247,-11845,27722
7247,-11845,27722
7247,-11845,27722
7247,-11845,27722
7247,-11845,27722
7247,-11845,27722
7247,-11845,27722
7247,-11845,27722
7247,-11845,27722
7247,-11845,27722
7247,-11845,27722
7247,-11845,27722
7247,-11845,27722
7247,-11845,27722
7247,-11845,27722
7247,-11845,27722
7247,-11845,27722
7247,-11845,27722
7247,-11845,27722
7247,-11845,27722
7247,-11845,27722
7247,-11845,27722
7247,-11845,27722
7247,-11845,27722
7247,-11845,27722
7247,-11845,27722
7247,-11845,27722
7247,-11845,27722
7247,-11845,27722
7247,-11845,27722
7247,-11845,27722
7247,-11845,27722
7247,-11845,27722
7247,-11845,27722
7247,-11845,27722
7247,-11845,27722
7247,-11845,27722
7247,-11845,27722
7247,-11845,27722
7247,-11845,27722
7247,-11845,27722
7247,-11845,27722
7247,-11845,27722
7247,-11845,27722
7247,-11845,27722
7247,-11845,27722
7247,-11845,27722
7247,-11845,27722
7247,-11845,27722
7247,-11845,27722
7247,-11845,27722
7247,-11845,27722
7247,-11845,27722
7247,-11845,27722
7247,-11845,27722
7247,-11845,27722
7247,-11845,27722
7247,-11845,27722
7247,-11845,27722
7247,-11845,27722
7247,-11845,27722
7247,-11845,27722
7247,-11845,27722
7247,-11845,27722
7247,-11845,27722
7247,-11845,27722
7247,-11845,27722
7247,-11845,27722
7247,-11845,27722
7247,-11845,27722
7247,-11845,27722
7247,-11845,27722
7247,-11845,27722
7247,-11845,27722
7247,-11845,27722
7247,-11845,27722
7247,-11845,27722
7247,-11845,27722
7247,-11845,27722
7247,-11845,27722
7196,-11847,27672
7192,-11850,27643
7201,-11847,27664
7202,-11847,27668
7212,-11849,27668
7212,-11849,27668
7198,-11849,27671
7255,-11846,27733
7249,-11845,27726
7259,-11915,27724
7251,-11845,27720
7251,-11845,27744
7260,-11868,27714
7259,-11910,27718
7262,-11880,27720
7262,-11907,27723
7262,-11942,27720
7270,-11837,27758
7267,-11845,27688
7263,-11854,27648
7218,-11833,27646
7204,-11847,27673
7247,-11845,27746
7247,-11845,27746
7247,-11845,27746
7247,-11845,27746
7247,-11845,27746
7247,-11845,27746
7247,-11845,27746
7247,-11845,27746
7247,-11845,27746
7247,-11845,27746
7247,-11845,27746
7247,-11845,27746
7247,-11845,27746
7247,-11845,27746
7247,-11845,27746
7247,-11845,27746
7247,-11845,27746
7247,-11845,27746
7247,-11845,27746
7247,-11845,27746
7247,-11845,27746
7247,-11845,27746
7247,-11845,27746
7247,-11845,27746
7247,-11845,27746
7247,-11845,27746
7247,-11845,27746
7247,-11845,27746
7247,-11845,27746
7247,-11845,27746
7247,-11845,27746
7247,-11845,27746
7247,-11845,27746
7247,-11845,27746
7247,-11845,27746
7247,-11845,27746
7247,-11845,27746
7247,-11845,27746
7247,-11845,27746
7247,-11845,27746
7247,-11845,27746
7247,-11845,27746
7247,-11845,27746
7247,-11845,27746
7247,-11845,27746
7247,-11845,27746
7247,-11845,27746
7247,-11845,27746
7247,-11845,27746
7247,-11845,27746
7247,-11845,27746
7247,-11845,27746
7247,-11845,27746
7247,-11845,27746
7247,-11845,27746
7247,-11845,27746
7247,-11845,27746
7247,-11845,27746
7247,-11845,27746
7247,-11845,27746
7247,-11845,27746
7247,-11845,27746
7247,-11845,27746
7247,-11845,27746
7247,-11845,27746
7247,-11845,27746
7247,-11845,27746
7247,-11845,27746
7247,-11845,27746
7247,-11845,27746
7247,-11845,27746
7247,-11845,27746
7247,-11845,27746
7247,-11845,27746
7263,-11861,27731
7221,-11844,27726
7210,-11843,27690
7210,-11843,27690
7188,-11847,27656
7203,-11838,27679
7203,-11838,27679
7203,-11838,27679
7203,-11838,27679
7203,-11838,27679
7203,-11838,27679
7203,-11838,27679
7203,-11838,27679
7203,-11838,27679
7204,-11847,27673
7211,-11847,27693
7202,-11846,27667
7201,-11844,27665
7202,-11846,27667
7203,-11844,27664
7203,-11844,27664
7193,-11850,27676
7191,-11841,27655
7193,-11843,27659
7198,-11847,27658
7191,-11906,27668
7199,-11841,27652
7199,-11841,27652
7199,-11841,27652
7199,-11841,27652
7179,-11839,27649
7200,-11839,27678
7310,-11848,27654
7213,-11848,27675
7213,-11848,27677
7266,-11850,27732
7248,-11851,27748
7256,-11847,27772
7259,-11842,27730
7204,-11849,27670
7241,-11840,27715
7208,-11843,27656
7204,-11847,27674
7204,-11847,27674
7204,-11847,27674
7204,-11847,27674
7204,-11847,27674
7204,-11847,27674
7204,-11847,27674
7204,-11847,27674
7204,-11847,27674
7204,-11847,27674
7204,-11847,27674
7204,-11847,27674
7204,-11847,27674
7204,-11847,27674
7204,-11847,27674
7204,-11847,27674
7204,-11847,27674
7204,-11847,27674
7204,-11847,27674
7204,-11847,27674
7204,-11847,27674
7204,-11847,27674
7204,-11847,27674
7204,-11847,27674
7204,-11847,27674
7204,-11847,27674
7204,-11847,27674
7204,-11847,27674
7204,-11847,27674
7204,-11847,27674
7204,-11847,27674
7204,-11847,27674
7204,-11847,27674
7204,-11847,27674
7204,-11847,27674
7204,-11847,27674
7204,-11847,27674
7204,-11847,27674
7204,-11847,27674
7204,-11847,27674
7204,-11847,27674
7204,-11847,27674
7204,-11847,27674
7204,-11847,27674
7204,-11847,27674
7204,-11847,27674
7204,-11847,27674
7204,-11847,27674
7204,-11847,27674
7204,-11847,27674
7204,-11847,27674
7204,-11847,27674
7204,-11847,27674
7204,-11847,27674
7204,-11847,27674
7204,-11847,27674
7204,-11847,27674
7204,-11847,27674
7204,-11847,27674
7204,-11847,27674
7204,-11847,27674
7204,-11847,27674
7204,-11847,27674
7204,-11847,27674
7204,-11847,27674
7204,-11847,27674
7204,-11847,27674
7204,-11847,27674
7204,-11847,27674
7204,-11847,27674
7204,-11847,27674
7204,-11847,27674
7204,-11847,27674
7204,-11847,27674
7204,-11847,27674
7204,-11847,27674
7204,-11847,27674
7204,-11847,27674
7204,-11847,27674
7204,-11847,27674
7204,-11847,27674
7204,-11847,27674
7204,-11847,27674
7204,-11847,27674
7204,-11847,27674
7204,-11847,27674
7204,-11847,27674
7204,-11847,27674
7204,-11847,27674
7204,-11847,27674
7204,-11847,27674
7204,-11847,27674
7204,-11847,27674
7204,-11847,27674
7204,-11847,27674
7204,-11847,27674
7204,-11847,27674
7204,-11847,27674
7204,-11847,27674
7204,-11847,27674
7204,-11847,27674
7204,-11847,27674
7204,-11847,27674
7204,-11847,27674
7204,-11847,27674
7204,-11847,27674
7204,-11847,27674
7204,-11847,27674
7204,-11847,27674
7204,-11847,27674
7204,-11847,27674
7204,-11847,27674
7204,-11847,27674
7204,-11847,27674
7204,-11847,27674
7204,-11847,27674
7204,-11847,27674
7204,-11847,27674
7204,-11847,27674
7204,-11847,27674
7204,-11847,27674
7204,-11847,27674
7204,-11847,27674
7204,-11847,27674
7204,-11847,27674
7204,-11847,27674
7204,-11847,27674
7204,-11847,27674
7204,-11847,27674
7204,-11847,27674
7204,-11847,27674
7204,-11847,27674
7204,-11847,27674
7204,-11847,27674
7204,-11847,27674
7204,-11847,27674
7204,-11847,27674
7204,-11847,27674
7204,-11847,27674
7204,-11847,27674
7204,-11847,27674
7204,-11847,27674
7204,-11847,27674
7204,-11847,27674
7204,-11847,27674
7204,-11847,27674
7204,-11847,27674
7204,-11847,27674
7204,-11847,27674
7204,-11847,27674
7204,-11847,27674
7204,-11847,27674
7204,-11847,27674
7204,-11847,27674
7204,-11847,27674
7204,-11847,27674
7204,-11847,27674
7204,-11847,27674
7204,-11847,27674
7204,-11847,27674
7204,-11847,27674
7204,-11847,27674
7204,-11847,27674
7204,-11847,27674
7204,-11847,27674
7204,-11847,27674
7204,-11847,27674
7204,-11847,27674
7204,-11847,27674
7204,-11847,27674
7204,-11847,27674
7204,-11847,27674
7204,-11847,27674
7204,-11848,27674
7204,-11848,27674
7204,-11848,27674
7204,-11848,27674
7204,-11848,27674
7204,-11848,27674
7204,-11848,27674
7204,-11848,27674
7204,-11848,27674
7204,-11848,27674
7204,-11848,27674
7204,-11848,27674
7204,-11848,27674
7204,-11848,27674
7204,-11848,27674
7204,-11848,27674
7204,-11848,27674
7204,-11848,27674
7204,-11848,27674
7204,-11848,27674
7204,-11848,27674
7204,-11848,27674
7204,-11848,27674
7204,-11848,27674
7204,-11848,27674
7204,-11848,27674
7204,-11848,27674
7204,-11848,27674
7204,-11848,27674
7204,-11848,27674
7204,-11848,27674
7204,-11848,27674
7204,-11848,27674
7204,-11848,27674
7204,-11848,27674
7204,-11848,27674
7204,-11848,27674
7204,-11848,27674
7204,-11848,27674
7204,-11848,27674
7204,-11848,27674
7204,-11848,27674
7204,-11848,27674
7204,-11848,27674
7204,-11848,27674
7204,-11848,27674
7204,-11848,27674
7204,-11848,27674
7204,-11848,27674
7204,-11848,27674
7204,-11848,27674
7204,-11848,27674
7204,-11848,27674
7204,-11848,27674
7204,-11848,27674
7204,-11848,27674
7204,-11848,27674
7204,-11848,27674
7204,-11848,27674
7204,-11848,27674
7204,-11848,27674
7204,-11848,27674
7204,-11848,27674
7204,-11848,27674
7204,-11848,27674
7204,-11848,27674
7204,-11848,27674
7204,-11848,27674
7204,-11848,27674
7204,-11848,27674
7204,-11848,27674
7204,-11848,27674
7204,-11848,27674
7204,-11848,27674
7204,-11848,27674
7204,-11848,27674
7204,-11848,27674
7204,-11848,27674
7204,-11848,27674
7204,-11848,27674
7204,-11848,27674
7204,-11848,27674
7204,-11848,27674
7204,-11848,27674
7204,-11848,27674
7204,-11848,27674
7204,-11848,27674
7204,-11848,27674
7204,-11848,27674
7204,-11848,27674
7204,-11848,27674
7204,-11848,27674
7204,-11848,27674
7204,-11848,27674
7204,-11848,27674
7204,-11848,27674
7204,-11848,27674
7204,-11848,27674
7204,-11848,27674
7204,-11848,27674
7204,-11848,27674
7204,-11848,27674
7204,-11848,27674
7204,-11848,27674
7204,-11848,27674
7204,-11848,27674
7204,-11848,27674
7204,-11848,27674
7204,-11848,27674
7204,-11848,27674
7204,-11848,27674
7204,-11848,27674
7204,-11848,27674
7204,-11848,27674
7204,-11848,27674
7204,-11848,27674
7204,-11848,27674
7204,-11848,27674
7204,-11848,27674
7204,-11848,27674
7204,-11848,27674
7204,-11848,27674
7204,-11848,27674
7204,-11848,27674
7204,-11848,27674
7204,-11848,27674
7204,-11848,27674
7204,-11848,27674
7204,-11848,27674
7204,-11848,27674
7204,-11848,27674
7204,-11848,27674
7204,-11848,27674
7204,-11848,27674
7204,-11848,27674
7204,-11848,27674
7204,-11848,27674
7204,-11848,27674
7204,-11848,27674
7204,-11848,27674
7204,-11848,27674
7204,-11848,27674
7204,-11848,27674
7204,-11848,27674
7204,-11848,27674
7204,-11848,27674
7204,-11848,27674
7204,-11848,27674
7204,-11848,27674
7204,-11848,27674
7204,-11848,27674
7204,-11848,27674
7204,-11848,27674
7204,-11848,27674
7204,-11848,27674
7204,-11848,27674
7204,-11848,27674
7204,-11848,27674
7204,-11848,27674
7204,-11848,27674
7204,-11848,27674
7204,-11848,27674
7204,-11848,27674
7204,-11848,27674
7204,-11848,27674
7204,-11848,27674
7204,-11848,27674
7204,-11848,27674
7204,-11848,27674
7204,-11848,27674
7204,-11848,27674
7204,-11848,27674
7204,-11848,27674
7204,-11848,27674
7204,-11848,27674
7204,-11848,27674
7204,-11848,27674
7204,-11848,27674
7204,-11848,27674
7204,-11848,27674
7204,-11848,27674
7204,-11848,27674
7204,-11848,27674
7204,-11848,27674
7204,-11848,27674
7204,-11848,27674
7204,-11848,27674
7204,-11848,27674
7204,-11848,27674
7204,-11848,27674
7204,-11848,27674
7204,-11848,27674
7204,-11848,27674
7204,-11848,27674
7204,-11848,27674
7204,-11848,27674
7204,-11848,27674
7204,-11848,27674
7204,-11848,27674
7204,-11848,27674
7204,-11848,27674
7204,-11848,27674
7204,-11848,27674
7204,-11848,27674
7204,-11848,27674
7204,-11848,27674
7204,-11848,27674
7204,-11848,27674
7204,-11848,27674
7204,-11848,27674
7204,-11848,27674
7204,-11848,27674
7204,-11848,27674
7204,-11848,27674
7204,-11848,27674
7204,-11848,27674
7204,-11848,27674
7204,-11848,27674
7204,-11848,27674
7204,-11848,27674
7204,-11848,27674
7204,-11848,27674
7204,-11848,27674
7204,-11848,27674
7204,-11848,27674
7204,-11848,27674
7204,-11848,27674
7204,-11848,27674
7204,-11848,27674
7204,-11848,27674
7204,-11848,27674
7204,-11848,27674
7204,-11848,27674
7204,-11848,27674
7204,-11848,27674
7204,-11848,27674
7204,-11848,27674
7204,-11848,27674
7204,-11848,27674
7204,-11848,27674
7204,-11848,27674
7204,-11848,27674
7204,-11848,27674
7204,-11848,27674
7204,-11848,27674
7204,-11848,27674
7204,-11848,27674
7204,-11848,27674
7204,-11848,27674
7204,-11848,27674
7204,-11848,27674
7204,-11848,27674
7204,-11848,27674
7204,-11848,27674
7204,-11848,27674
7204,-11848,27674
7204,-11848,27674
7204,-11848,27674
7204,-11848,27674
7204,-11848,27674
7204,-11848,27674
7204,-11848,27674
7204,-11848,27674
7204,-11848,27674
7204,-11848,27674
7204,-11848,27674
7204,-11848,27674
7204,-11848,27674
7204,-11848,27674
7204,-11848,27674
7204,-11848,27674
7204,-11848,27674
7204,-11848,27674
7204,-11848,27674
7204,-11848,27674
7204,-11848,27674
7204,-11848,27674
7204,-11848,27674
7204,-11848,27674
7204,-11848,27674
7204,-11848,27674
7204,-11848,27674
7204,-11848,27674
7204,-11848,27674
7204,-11848,27674
7204,-11848,27674
7204,-11848,27674
7204,-11848,27674
7204,-11848,27674
7204,-11848,27674
7204,-11848,27674
7204,-11848,27674
7204,-11848,27674
7204,-11848,27674
7204,-11848,27674
7204,-11848,27674
7204,-11848,27674
7204,-11848,27674
7204,-11848,27674
7204,-11848,27674
7204,-11848,27674
7204,-11848,27674
7204,-11848,27674
7204,-11848,27674
7204,-11848,27674
7204,-11848,27674
7204,-11848,27674
7204,-11848,27674
7204,-11848,27674
7204,-11848,27674
7204,-11848,27674
7204,-11848,27674
7204,-11848,27674
7204,-11848,27674
7204,-11848,27674
7204,-11848,27674
7204,-11848,27674
7204,-11848,27674
7204,-11848,27674
7204,-11848,27674
7204,-11848,27674
7204,-11848,27674
7204,-11848,27674
7204,-11848,27674
7204,-11848,27674
7204,-11848,27674
7204,-11848,27674
7204,-11848,27674
7204,-11848,27674
7204,-11848,27674
7204,-11848,27674
7204,-11848,27674
7204,-11848,27674
7204,-11848,27674
7204,-11848,27674
7204,-11848,27674
7204,-11848,27674
7204,-11848,27674
7204,-11848,27674
7204,-11848,27674
7204,-11848,27674
7204,-11848,27674
7204,-11848,27674
7204,-11848,27674
7204,-11848,27674
7204,-11848,27674
7204,-11848,27674
7204,-11848,27674
7204,-11848,27674
7204,-11848,27674
7204,-11848,27674
7204,-11848,27674
7204,-11848,27674
7204,-11848,27674
7204,-11848,27674
7204,-11848,27674
7204,-11848,27674
7204,-11848,27674
7204,-11848,27674
7204,-11848,27674
7204,-11848,27674
7204,-11848,27674
7204,-11848,27674
7204,-11848,27674
7204,-11848,27674
7204,-11848,27674
7204,-11848,27674
7204,-11848,27674
7204,-11848,27674
7204,-11848,27674
7204,-11848,27674
7204,-11848,27674
7204,-11848,27674
7204,-11848,27674
7204,-11848,27674
7204,-11848,27674
7204,-11848,27674
7204,-11848,27674
7204,-11848,27674
7204,-11848,27674
7204,-11848,27674
7204,-11848,27674
7204,-11848,27674
7204,-11848,27674
7204,-11848,27674
7204,-11848,27674
7204,-11848,27674
7204,-11848,27674
7204,-11848,27674
7204,-11848,27674
7204,-11848,27674
7204,-11848,27674
7204,-11848,27674
7204,-11848,27674
7204,-11848,27674
7204,-11848,27674
7204,-11848,27674
7204,-11848,27674
7204,-11848,27674
7204,-11848,27674
7204,-11848,27674
7204,-11848,27674
7204,-11848,27674
7204,-11848,27674
7204,-11848,27674
7204,-11848,27674
7204,-11848,27674
7204,-11848,27674
7204,-11848,27674
7204,-11848,27674
7204,-11848,27674
7204,-11848,27674
7204,-11848,27674
7204,-11848,27674
7204,-11848,27674
7204,-11848,27674
7204,-11848,27674
7204,-11848,27674
7204,-11848,27674
7204,-11848,27674
7204,-11848,27674
7204,-11848,27674
7204,-11848,27674
7204,-11848,27674
7204,-11848,27674
7204,-11848,27674
7204,-11848,27674
7204,-11848,27674
7204,-11848,27674
7204,-11848,27674
7204,-11848,27674
7204,-11848,27674
7204,-11848,27674
7204,-11848,27674
7204,-11848,27674
7204,-11848,27674
7204,-11848,27674
7204,-11848,27674
7204,-11848,27674
7204,-11848,27674
7204,-11848,27674
7204,-11848,27674
7204,-11848,27674
7204,-11848,27674
7204,-11848,27674
7204,-11848,27674
7204,-11848,27674
7204,-11848,27674
7204,-11848,27674
7204,-11848,27674
7204,-11848,27674
7204,-11848,27674
7204,-11848,27674
7204,-11848,27674
7204,-11848,27674
7204,-11848,27674
7204,-11848,27674
7204,-11848,27674
7204,-11848,27674
7204,-11848,27674
7204,-11848,27674
7204,-11848,27674
7204,-11848,27674
7204,-11848,27674
7204,-11848,27674
7204,-11848,27674
7204,-11848,27674
7204,-11848,27674
7204,-11848,27674
7204,-11848,27674
7204,-11848,27674
7204,-11848,27674
7204,-11848,27674
7204,-11848,27674
7204,-11848,27674
7204,-11848,27674
7204,-11848,27674
7204,-11848,27674
7204,-11848,27674
7204,-11848,27674
7204,-11848,27674
7204,-11848,27674
7204,-11848,27674
7204,-11848,27674
7204,-11848,27674
7204,-11848,27674
7204,-11848,27674
7204,-11848,27674
7204,-11848,27674
7204,-11848,27674
7204,-11848,27674
7204,-11848,27674
7204,-11848,27674
7204,-11848,27674
7204,-11848,27674
7204,-11848,27674
7204,-11848,27674
7204,-11848,27674
7204,-11848,27674
7204,-11848,27674
7204,-11848,27674
7204,-11848,27674
7204,-11848,27674
7204,-11848,27674
7204,-11848,27674
7204,-11848,27674
7204,-11848,27674
7204,-11848,27674
7204,-11848,27674
7204,-11848,27674
7204,-11848,27674
7204,-11848,27674
7204,-11848,27674
7204,-11848,27674
7204,-11848,27674
7204,-11848,27674
7204,-11848,27674
7204,-11848,27674
7204,-11848,27674
7204,-11848,27674
7204,-11848,27674
7204,-11848,27674
7204,-11848,27674
7204,-11848,27674
7204,-11848,27674
7204,-11848,27674
7204,-11848,27674
7204,-11848,27674
7204,-11848,27674
7204,-11848,27674
7204,-11848,27674
7204,-11848,27674
7204,-11848,27674
7204,-11848,27674
7204,-11848,27674
7204,-11848,27674
7204,-11848,27674
7204,-11848,27674
7204,-11848,27674
7204,-11848,27674
7204,-11848,27674
7204,-11848,27674
7204,-11848,27674
7204,-11848,27674
7204,-11848,27674
7204,-11848,27674
7204,-11848,27674
7204,-11848,27674
7204,-11848,27674
7204,-11848,27674
7204,-11848,27674
7204,-11848,27674
7204,-11848,27674
7204,-11848,27674
7204,-11848,27674
7204,-11848,27674
7204,-11848,27674
7204,-11848,27674
7204,-11848,27674
7204,-11848,27674
7204,-11848,27674
7204,-11848,27674
7204,-11848,27674
7204,-11848,27674
7204,-11848,27674
7204,-11848,27674
7204,-11848,27674
7204,-11848,27674
7204,-11848,27674
7204,-11848,27674
7204,-11848,27674
7204,-11848,27674
7204,-11848,27674
7204,-11848,27674
7204,-11848,27674
7204,-11848,27674
7204,-11848,27674
7204,-11848,27674
7204,-11848,27674
7204,-11848,27674
7204,-11848,27674
7204,-11848,27674
7204,-11848,27674
7204,-11848,27674
7204,-11848,27674
7204,-11848,27674
7204,-11848,27674
7204,-11848,27674
7204,-11848,27674
7204,-11848,27674
7204,-11848,27674
7204,-11848,27674
7204,-11848,27674
7204,-11848,27674
7204,-11848,27674
7204,-11848,27674
7204,-11848,27674
7204,-11848,27674
7204,-11848,27674
7204,-11848,27674
7204,-11848,27674
7204,-11848,27674
7204,-11848,27674
7204,-11848,27674
7204,-11848,27674
7204,-11848,27674
7204,-11848,27674
7204,-11848,27674
7204,-11848,27674
7204,-11848,27674
7204,-11848,27674
7204,-11848,27674
7204,-11848,27674
7204,-11848,27674
7204,-11848,27674
7204,-11848,27674
7204,-11848,27674
7204,-11848,27674
7204,-11848,27674
7204,-11848,27674
7204,-11848,27674
7204,-11848,27674
7204,-11848,27674
7204,-11848,27674
7204,-11848,27674
7204,-11848,27674
7204,-11848,27674
7204,-11848,27674
7204,-11848,27674
7204,-11848,27674
7204,-11848,27674
7204,-11848,27674
7204,-11848,27674
7204,-11848,27674
7204,-11848,27674
7204,-11848,27674
7204,-11848,27674
7204,-11848,27674
7204,-11848,27674
7204,-11848,27674
7204,-11848,27674
7204,-11848,27674
7204,-11848,27674
7204,-11848,27674
7204,-11848,27674
7204,-11848,27674
7204,-11848,27674
7204,-11848,27674
7204,-11848,27674
7204,-11848,27674
7204,-11848,27674
7204,-11848,27674
7204,-11848,27674
7204,-11848,27674
7204,-11848,27674
7204,-11848,27674
7204,-11848,27674
7204,-11848,27674
7204,-11848,27674
7204,-11848,27674
7204,-11848,27674
7204,-11848,27674
7204,-11848,27674
7204,-11848,27674
7204,-11848,27674
7204,-11848,27674
7204,-11848,27674
7204,-11848,27674
7204,-11848,27674
7204,-11848,27674
7204,-11848,27674
7204,-11848,27674
7204,-11848,27674
7204,-11848,27674
7204,-11848,27674
7204,-11848,27674
7204,-11848,27674
7204,-11848,27674
7204,-11848,27674
7204,-11848,27674
7204,-11848,27674
7204,-11848,27674
7204,-11848,27674
7204,-11848,27674
7204,-11848,27674
7204,-11848,27674
7204,-11848,27674
7204,-11848,27674
7204,-11848,27674
7204,-11848,27674
7204,-11848,27674
7204,-11848,27674
7204,-11848,27674
7204,-11848,27674
7204,-11848,27674
7204,-11848,27674
7204,-11848,27674
7204,-11848,27674
7204,-11848,27674
7204,-11848,27674
7204,-11848,27674
7204,-11848,27674
7204,-11848,27674
7204,-11848,27674
7204,-11848,27674
7204,-11848,27674
7204,-11848,27674
7204,-11848,27674
7204,-11848,27674
7204,-11848,27674
7204,-11848,27674
7204,-11848,27674
7204,-11848,27674
7204,-11848,27674
7204,-11848,27674
7204,-11848,27674
7204,-11848,27674
7204,-11848,27674
7204,-11848,27674
7204,-11848,27674
7204,-11848,27674
7204,-11848,27674
7204,-11848,27674
7204,-11848,27674
7204,-11848,27674
7204,-11848,27674
7204,-11848,27674
7204,-11848,27674
7204,-11848,27674
7204,-11848,27674
7204,-11848,27674
7204,-11848,27674
7204,-11848,27674
7204,-11848,27674
7204,-11848,27674
7204,-11848,27674
7204,-11848,27674
7204,-11848,27674
7204,-11848,27674
7204,-11848,27674
7204,-11848,27674
7204,-11848,27674
7220,-11847,27674
7235,-11848,27751
7267,-11838,27709
7251,-11845,27744
7251,-11845,27744
7267,-11843,27736
7302,-11832,27781
7253,-11845,27755
7260,-11838,27689
7187,-11854,27669
7195,-11847,27669
7204,-11848,27672
7204,-11848,27672
7199,-11849,27688
7186,-11850,27684
7200,-11845,27684
7204,-11847,27690
7204,-11847,27690
7204,-11847,27690
7204,-11847,27690
7204,-11847,27690
7204,-11847,27690
7204,-11847,27690
7204,-11847,27690
7204,-11847,27690
7204,-11847,27690
7204,-11847,27690
7204,-11847,27690
7204,-11847,27690
7204,-11847,27690
7204,-11847,27690
7204,-11847,27690
7204,-11847,27690
7204,-11847,27690
7204,-11847,27690
7204,-11847,27690
7204,-11847,27690
7204,-11847,27690
7204,-11847,27690
7204,-11847,27690
7204,-11847,27690
7204,-11847,27690
7204,-11847,27690
7204,-11847,27690
7204,-11847,27690
7204,-11847,27690
7204,-11847,27690
7204,-11847,27690
7204,-11847,27690
7204,-11847,27690
7204,-11847,27690
7204,-11847,27690
7204,-11847,27690
7204,-11847,27690
7204,-11847,27690
7204,-11847,27690
7204,-11847,27690
7204,-11847,27690
7204,-11847,27690
7204,-11847,27690
7204,-11847,27690
7204,-11847,27690
7204,-11847,27690
7204,-11847,27690
7204,-11847,27690
7204,-11847,27690
7204,-11847,27690
7204,-11847,27690
7204,-11847,27690
7204,-11847,27690
7204,-11847,27690
7204,-11847,27690
7204,-11847,27690
7204,-11847,27690
7204,-11847,27690
7204,-11847,27690
7204,-11847,27690
7204,-11847,27690
7204,-11847,27690
7204,-11847,27690
7204,-11847,27690
7204,-11847,27690
7204,-11847,27690
7204,-11847,27690
7204,-11847,27690
7204,-11847,27690
7204,-11847,27690
7204,-11847,27690
7204,-11847,27690
7204,-11847,27690
7204,-11847,27690
7204,-11847,27690
7204,-11847,27690
7204,-11847,27690
7204,-11847,27690
7204,-11847,27690
7204,-11847,27690
7204,-11847,27690
7204,-11847,27690
7204,-11847,27690
7204,-11847,27690
7204,-11847,27690
7204,-11847,27690
7204,-11847,27690
7204,-11847,27690
7204,-11847,27690
7204,-11847,27690
7204,-11847,27690
7204,-11847,27690
7204,-11847,27690
7204,-11847,27690
7204,-11847,27690
7204,-11847,27690
7204,-11847,27690
7204,-11847,27690
7204,-11847,27690
7204,-11847,27690
7204,-11847,27690
7204,-11847,27690
7204,-11847,27690
7204,-11847,27690
7204,-11847,27690
7204,-11847,27690
7204,-11847,27690
7204,-11847,27690
7204,-11847,27690
7204,-11847,27690
7204,-11847,27690
7204,-11847,27690
7204,-11847,27690
7204,-11847,27690
7204,-11847,27690
7204,-11847,27690
7204,-11847,27690
7204,-11847,27690
7204,-11847,27690
7204,-11847,27690
7204,-11847,27690
7204,-11847,27690
7204,-11847,27690
7204,-11847,27690
7204,-11847,27690
7204,-11847,27690
7204,-11847,27690
7204,-11847,27690
7204,-11847,27690
7204,-11847,27690
7204,-11847,27690
7204,-11847,27690
7204,-11847,27690
7204,-11847,27690
7204,-11847,27690
7204,-11847,27690
7204,-11847,27690
7204,-11847,27690
7204,-11847,27690
7204,-11847,27690
7204,-11847,27690
7204,-11847,27690
7204,-11847,27690
7204,-11847,27690
7204,-11847,27690
7204,-11847,27690
7204,-11847,27690
7204,-11847,27690
7204,-11847,27690
7204,-11847,27690
7204,-11847,27690
7204,-11847,27690
7204,-11847,27690
7204,-11847,27690
7204,-11847,27690
7204,-11847,27690
7204,-11847,27690
7204,-11847,27690
7204,-11847,27690
7204,-11847,27690
7204,-11847,27690
7204,-11847,27690
7204,-11847,27690
7204,-11847,27690
7204,-11847,27690
7204,-11847,27690
7204,-11847,27690
7204,-11847,27690
7204,-11847,27690
7204,-11847,27690
7204,-11847,27690
7204,-11847,27690
7204,-11847,27690
7204,-11847,27690
7204,-11847,27690
7204,-11847,27690
7204,-11847,27690
7204,-11847,27690
7204,-11847,27690
7204,-11847,27690
7204,-11847,27690
7204,-11847,27690
7204,-11847,27690
7204,-11847,27690
7204,-11847,27690
7204,-11847,27690
7204,-11847,27690
7204,-11847,27690
7204,-11847,27690
7204,-11847,27690
7204,-11847,27690
7204,-11847,27690
7204,-11847,27690
7204,-11847,27690
7204,-11847,27690
7204,-11847,27690
7204,-11847,27690
7204,-11847,27690
7204,-11847,27690
7204,-11847,27690
7204,-11847,27690
7204,-11847,27690
7204,-11847,27690
7204,-11847,27690
7204,-11847,27690
7204,-11847,27690
7204,-11847,27690
7204,-11847,27690
7204,-11847,27690
7204,-11847,27690
7204,-11847,27690
7204,-11847,27690
7204,-11847,27690
7204,-11847,27690
7204,-11847,27690
7204,-11847,27690
7204,-11847,27690
7204,-11847,27690
7204,-11847,27690
7204,-11847,27690
7204,-11847,27690
7204,-11847,27690
7204,-11847,27690
7204,-11847,27690
7204,-11847,27690
7204,-11847,27690
7204,-11847,27690
7204,-11847,27690
7204,-11847,27690
7204,-11847,27690
7204,-11847,27690
7204,-11847,27690
7204,-11847,27690
7204,-11847,27690
7204,-11847,27690
7204,-11847,27690
7204,-11847,27690
7204,-11847,27690
7204,-11847,27690
7204,-11847,27690
7204,-11847,27690
7204,-11847,27690
7204,-11847,27690
7204,-11847,27690
7204,-11847,27690
7204,-11847,27690
7204,-11847,27690
7204,-11847,27690
7204,-11847,27690
7204,-11847,27690
7204,-11847,27690
7204,-11847,27690
7204,-11847,27690
7204,-11847,27690
7204,-11847,27690
7204,-11847,27690
7204,-11847,27690
7204,-11847,27690
7204,-11847,27690
7204,-11847,27690
7204,-11847,27690
7204,-11847,27690
7204,-11847,27690
7204,-11847,27690
7204,-11847,27690
7204,-11847,27690
7204,-11847,27690
7204,-11847,27690
7204,-11847,27690
7204,-11847,27690
7204,-11847,27690
7204,-11847,27690
7204,-11847,27690
7204,-11847,27690
7204,-11847,27690
7204,-11847,27690
7204,-11847,27690
7204,-11847,27690
7204,-11847,27690
7204,-11847,27690
7204,-11847,27690
7204,-11847,27690
7204,-11847,27690
7204,-11847,27690
7204,-11847,27690
7204,-11847,27690
7204,-11847,27690
7204,-11847,27690
7204,-11847,27690
7204,-11847,27690
7204,-11847,27690
7204,-11847,27690
7204,-11847,27690
7204,-11847,27690
7204,-11847,27690
7204,-11847,27690
7204,-11847,27690
7204,-11847,27690
7204,-11847,27690
7204,-11847,27690
7204,-11847,27690
7204,-11847,27690
7204,-11847,27690
7204,-11847,27690
7204,-11847,27690
7204,-11847,27690
7204,-11847,27690
7204,-11847,27690
7204,-11847,27690
7204,-11847,27690
7204,-11847,27690
7204,-11847,27690
7204,-11847,27690
7204,-11847,27690
7204,-11847,27690
7204,-11847,27690
7204,-11847,27690
7204,-11847,27690
7204,-11847,27690
7204,-11847,27690
7204,-11847,27690
7204,-11847,27690
7204,-11847,27690
7204,-11847,27690
7204,-11847,27690
7204,-11847,27690
7204,-11847,27690
7204,-11847,27690
7204,-11847,27690
7204,-11847,27690
7204,-11847,27690
7204,-11847,27690
7204,-11847,27690
7204,-11847,27690
7204,-11847,27690
7204,-11847,27690
7204,-11847,27690
7204,-11847,27690
7204,-11847,27690
7204,-11847,27690
7204,-11847,27690
7204,-11847,27690
7204,-11847,27690
7204,-11847,27690
7204,-11847,27690
7204,-11847,27690
7204,-11847,27690
7204,-11847,27690
7204,-11847,27690
7204,-11847,27690
7204,-11847,27690
7204,-11847,27690
7204,-11847,27690
7204,-11847,27690
7204,-11847,27690
7204,-11847,27690
7204,-11847,27690
7204,-11847,27690
7204,-11847,27690
7204,-11847,27690
7204,-11847,27690
7204,-11847,27690
7204,-11847,27690
7204,-11847,27690
7204,-11847,27690
7204,-11847,27690
7204,-11847,27690
7204,-11847,27690
7204,-11847,27690
7204,-11847,27690
7204,-11847,27690
7204,-11847,27690
7204,-11847,27690
7204,-11847,27690
7204,-11847,27690
7204,-11847,27690
7204,-11847,27690
7204,-11847,27690
7204,-11847,27690
7204,-11847,27690
7204,-11847,27690
7204,-11847,27690
7204,-11847,27690
7204,-11847,27690
7204,-11847,27690
7204,-11847,27690
7204,-11847,27690
7204,-11847,27690
7204,-11847,27690
7204,-11847,27690
7204,-11847,27690
7204,-11847,27690
7204,-11847,27690
7204,-11847,27690
7204,-11847,27690
7204,-11847,27690
7204,-11847,27690
7204,-11847,27690
7204,-11847,27690
7204,-11847,27690
7204,-11847,27690
7204,-11847,27690
7204,-11847,27690
7204,-11847,27690
7204,-11847,27690
7204,-11847,27690
7204,-11847,27690
7204,-11847,27690
7204,-11847,27690
7204,-11847,27690
7204,-11847,27690
7204,-11847,27690
7204,-11847,27690
7204,-11847,27690
7204,-11847,27690
7204,-11847,27690
7204,-11847,27690
7204,-11847,27690
7204,-11847,27690
7204,-11847,27690
7204,-11847,27690
7204,-11847,27690
7204,-11847,27690
7204,-11847,27690
7204,-11847,27690
7204,-11847,27690
7204,-11847,27690
7204,-11847,27690
7204,-11847,27690
7204,-11847,27690
7204,-11847,27690
7204,-11847,27690
7204,-11847,27690
7204,-11847,27690
7204,-11847,27690
7204,-11847,27690
7204,-11847,27690
7204,-11847,27690
7204,-11847,27690
7204,-11847,27690
7204,-11847,27690
7204,-11847,27690
7204,-11847,27690
7204,-11847,27690
7204,-11847,27690
7204,-11847,27690
7204,-11847,27690
7204,-11847,27690
7204,-11847,27690
7204,-11847,27690
7204,-11847,27690
7204,-11847,27690
7204,-11847,27690
7204,-11847,27690
7204,-11847,27690
7204,-11847,27690
7204,-11847,27690
7204,-11847,27690
7204,-11847,27690
7204,-11847,27690
7204,-11847,27690
7204,-11847,27690
7204,-11847,27690
7204,-11847,27690
7204,-11847,27690
7204,-11847,27690
7204,-11847,27690
7204,-11847,27690
7204,-11847,27690
7204,-11847,27690
7204,-11847,27690
7204,-11847,27690
7204,-11847,27690
7204,-11847,27690
7204,-11847,27690
7204,-11847,27690
7204,-11847,27690
7204,-11847,27690
7204,-11847,27690
7204,-11847,27690
7204,-11847,27690
7204,-11847,27690
7204,-11847,27690
7204,-11847,27690
7204,-11847,27690
7204,-11847,27690
7204,-11847,27690
7204,-11847,27690
7204,-11847,27690
7204,-11847,27690
7204,-11847,27690
7204,-11847,27690
7204,-11847,27690
7204,-11847,27690
7204,-11847,27690
7204,-11847,27690
7204,-11847,27690
7204,-11847,27690
7204,-11847,27690
7204,-11847,27690
7204,-11847,27690
7204,-11847,27690
7204,-11847,27690
7204,-11847,27690
7204,-11847,27690
7204,-11847,27690
7204,-11847,27690
7204,-11847,27690
7204,-11847,27690
7204,-11847,27690
7204,-11847,27690
7204,-11847,27690
7204,-11847,27690
7204,-11847,27690
7204,-11847,27690
7204,-11847,27690
7204,-11847,27690
7204,-11847,27690
7204,-11847,27690
7204,-11847,27690
7204,-11847,27690
7204,-11847,27690
7204,-11847,27690
7204,-11847,27690
7204,-11847,27690
7204,-11847,27690
7204,-11847,27690
7204,-11847,27690
7204,-11847,27690
7204,-11847,27690
7204,-11847,27690
7204,-11847,27690
7204,-11847,27690
7204,-11847,27690
7204,-11847,27690
7204,-11847,27690
7204,-11847,27690
7204,-11847,27690
7204,-11847,27690
7204,-11847,27690
7204,-11847,27690
7204,-11847,27690
7204,-11847,27690
7204,-11847,27690
7204,-11847,27690
7204,-11847,27690
7204,-11847,27690
7204,-11847,27690
7204,-11847,27690
7204,-11847,27690
7204,-11847,27690
7204,-11847,27690
7204,-11847,27690
7204,-11847,27690
7204,-11847,27690
7204,-11847,27690
7204,-11847,27690
7204,-11847,27690
7204,-11847,27690
7204,-11847,27690
7204,-11847,27690
7204,-11847,27690
7204,-11847,27690
7204,-11847,27690
7204,-11847,27690
7204,-11847,27690
7204,-11847,27690
7204,-11847,27690
7204,-11847,27690
7204,-11847,27690
7204,-11847,27690
7204,-11847,27690
7204,-11847,27690
7204,-11847,27690
7204,-11847,27690
7204,-11847,27690
7204,-11847,27690
7204,-11847,27690
7204,-11847,27690
7204,-11847,27690
7204,-11847,27690
7204,-11847,27690
7204,-11847,27690
7248,-11834,27730
7253,-11851,27766
7259,-11845,27760
7205,-11847,27690
7205,-11847,27690
7205,-11847,27690
7205,-11847,27690
7205,-11847,27690
7205,-11847,27690
7205,-11847,27690
7205,-11847,27690
7205,-11847,27690
7205,-11847,27690
7205,-11847,27690
7205,-11847,27690
7205,-11847,27690
7205,-11847,27690
7205,-11847,27690
7205,-11847,27690
7205,-11847,27690
7205,-11847,27690
7205,-11847,27690
7205,-11847,27690
7205,-11847,27690
7205,-11847,27690
7205,-11847,27690
7205,-11847,27690
7205,-11847,27690
7205,-11847,27690
7205,-11847,27690
7205,-11847,27690
7205,-11847,27690
7205,-11847,27690
7205,-11847,27690
7205,-11847,27690
7205,-11847,27690
7205,-11847,27690
7205,-11847,27690
7205,-11847,27690
7205,-11847,27690
7205,-11847,27690
7205,-11847,27690
7205,-11847,27690
7205,-11847,27690
7205,-11847,27690
7205,-11847,27690
7205,-11847,27690
7205,-11847,27690
7205,-11847,27690
7205,-11847,27690
7205,-11847,27690
7205,-11847,27690
7205,-11847,27690
7205,-11847,27690
7205,-11847,27690
7205,-11847,27690
7205,-11847,27690
7205,-11847,27690
7205,-11847,27690
7205,-11847,27690
7205,-11847,27690
7205,-11847,27690
7205,-11847,27690
7205,-11847,27690
7205,-11847,27690
7205,-11847,27690
7205,-11847,27690
7205,-11847,27690
7205,-11847,27690
7205,-11847,27690
7205,-11847,27690
7205,-11847,27690
7205,-11847,27690
7205,-11847,27690
7205,-11847,27690
7205,-11847,27690
7205,-11847,27690
7205,-11847,27690
7205,-11847,27690
7205,-11847,27690
7205,-11847,27690
7205,-11847,27690
7205,-11847,27690
7205,-11847,27690
7205,-11847,27690
7205,-11847,27690
7205,-11847,27690
7205,-11847,27690
7205,-11847,27690
7205,-11847,27690
7205,-11847,27690
7205,-11847,27690
7205,-11847,27690
7205,-11847,27690
7205,-11847,27690
7205,-11847,27690
7205,-11847,27690
7205,-11847,27690
7205,-11847,27690
7205,-11847,27690
7205,-11847,27690
7205,-11847,27690
7205,-11847,27690
7205,-11847,27690
7205,-11847,27690
7205,-11847,27690
7205,-11847,27690
7205,-11847,27690
7205,-11847,27690
7205,-11847,27690
7205,-11847,27690
7205,-11847,27690
7205,-11847,27690
7205,-11847,27690
7205,-11847,27690
7205,-11847,27690
7205,-11847,27690
7205,-11847,27690
7205,-11847,27690
7205,-11847,27690
7205,-11847,27690
7205,-11847,27690
7205,-11847,27690
7205,-11847,27690
7205,-11847,27690
7205,-11847,27690
7205,-11847,27690
7205,-11847,27690
7205,-11847,27690
7205,-11847,27690
7205,-11847,27690
7205,-11847,27690
7205,-11847,27690
7205,-11847,27690
7205,-11847,27690
7205,-11847,27690
7205,-11847,27690
7205,-11847,27690
7205,-11847,27690
7205,-11847,27690
7205,-11847,27690
7205,-11847,27690
7205,-11847,27690
7205,-11847,27690
7205,-11847,27690
7205,-11847,27690
7205,-11847,27690
7205,-11847,27690
7205,-11847,27690
7205,-11847,27690
7205,-11847,27690
7205,-11847,27690
7205,-11847,27690
7205,-11847,27690
7205,-11847,27690
7205,-11847,27690
7205,-11847,27690
7205,-11847,27690
7205,-11847,27690
7205,-11847,27690
7205,-11847,27690
7205,-11847,27690
7205,-11847,27690
7205,-11847,27690
7205,-11847,27690
7205,-11847,27690
7205,-11847,27690
7205,-11847,27690
7205,-11847,27690
7205,-11847,27690
7205,-11847,27690
7205,-11847,27690
7205,-11847,27690
7205,-11847,27690
7205,-11847,27690
7205,-11847,27690
7205,-11847,27690
7205,-11847,27690
7205,-11847,27690
7205,-11847,27690
7205,-11847,27690
7205,-11847,27690
7205,-11847,27690
7205,-11847,27690
7205,-11847,27690
7205,-11847,27690
7205,-11847,27690
7205,-11847,27690
7205,-11847,27690
7205,-11847,27690
7205,-11847,27690
7205,-11847,27690
7205,-11847,27690
7205,-11847,27690
7205,-11847,27690
7205,-11847,27690
7205,-11847,27690
7205,-11847,27690
7205,-11847,27690
7205,-11847,27690
7205,-11847,27690
7205,-11847,27690
7205,-11847,27690
7205,-11847,27690
7205,-11847,27690
7205,-11847,27690
7205,-11847,27690
7205,-11847,27690
7205,-11847,27690
7205,-11847,27690
7205,-11847,27690
7205,-11847,27690
7205,-11847,27690
7205,-11847,27690
7205,-11847,27690
7205,-11847,27690
7205,-11847,27690
7205,-11847,27690
7205,-11847,27690
7205,-11847,27690
7205,-11847,27690
7205,-11847,27690
7205,-11847,27690
7205,-11847,27690
7205,-11847,27690
7205,-11847,27690
7205,-11847,27690
7205,-11847,27690
7205,-11847,27690
7205,-11847,27690
7205,-11847,27690
7205,-11847,27690
7205,-11847,27690
7205,-11847,27690
7205,-11847,27690
7205,-11847,27690
7205,-11847,27690
7205,-11847,27690
7205,-11847,27690
7205,-11847,27690
7205,-11847,27690
7205,-11847,27690
7205,-11847,27690
7205,-11847,27690
7205,-11847,27690
7205,-11847,27690
7205,-11847,27690
7205,-11847,27690
7205,-11847,27690
7205,-11847,27690
7205,-11847,27690
7205,-11847,27690
7205,-11847,27690
7205,-11847,27690
7205,-11847,27690
7205,-11847,27690
7205,-11847,27690
7205,-11847,27690
7205,-11847,27690
7205,-11847,27690
7205,-11847,27690
7205,-11847,27690
7205,-11847,27690
7205,-11847,27690
7205,-11847,27690
7205,-11847,27690
7205,-11847,27690
7205,-11847,27690
7205,-11847,27690
7205,-11847,27690
7205,-11847,27690
7205,-11847,27690
7205,-11847,27690
7205,-11847,27690
7205,-11847,27690
7205,-11847,27690
7205,-11847,27690
7205,-11847,27690
7205,-11847,27690
7205,-11847,27690
7205,-11847,27690
7205,-11847,27690
7205,-11847,27690
7205,-11847,27690
7205,-11847,27690
7205,-11847,27690
7205,-11847,27690
7205,-11847,27690
7205,-11847,27690
7205,-11847,27690
7205,-11847,27690
7205,-11847,27690
7205,-11847,27690
7205,-11847,27690
7205,-11847,27690
7205,-11847,27690
7205,-11847,27690
7205,-11847,27690
7205,-11847,27690
7205,-11847,27690
7205,-11847,27690
7205,-11847,27690
7205,-11847,27690
7205,-11847,27690
7205,-11847,27690
7205,-11847,27690
7205,-11847,27690
7205,-11847,27690
7205,-11847,27690
7205,-11847,27690
7205,-11847,27690
7205,-11847,27690
7205,-11847,27690
7205,-11847,27690
7205,-11847,27690
7205,-11847,27690
7205,-11847,27690
7205,-11847,27690
7205,-11847,27690
7205,-11847,27690
7205,-11847,27690
7205,-11847,27690
7205,-11847,27690
7205,-11847,27690
7205,-11847,27690
7205,-11847,27690
7205,-11847,27690
7205,-11847,27690
7205,-11847,27690
7205,-11847,27690
7205,-11847,27690
7205,-11847,27690
7205,-11847,27690
7205,-11847,27690
7205,-11847,27690
7205,-11847,27690
7205,-11847,27690
7205,-11847,27690
7205,-11847,27690
7205,-11847,27690
7205,-11847,27690
7205,-11847,27690
7205,-11847,27690
7205,-11847,27690
7205,-11847,27690
7205,-11847,27690
7205,-11847,27690
7205,-11847,27690
7205,-11847,27690
7205,-11847,27690
7205,-11847,27690
7205,-11847,27690
7205,-11847,27690
7205,-11847,27690
7205,-11847,27690
7205,-11847,27690
7205,-11847,27690
7205,-11847,27690
7205,-11847,27690
7205,-11847,27690
7205,-11847,27690
7205,-11847,27690
7205,-11847,27690
7205,-11847,27690
7205,-11847,27690
7205,-11847,27690
7205,-11847,27690
7205,-11847,27690
7205,-11847,27690
7205,-11847,27690
7205,-11847,27690
7205,-11847,27690
7205,-11847,27690
7205,-11847,27690
7205,-11847,27690
7205,-11847,27690
7205,-11847,27690
7205,-11847,27690
7205,-11847,27690
7205,-11847,27690
7205,-11847,27690
7205,-11847,27690
7205,-11847,27690
7205,-11847,27690
7205,-11847,27690
7205,-11847,27690
7205,-11847,27690
7205,-11847,27690
7205,-11847,27690
7205,-11847,27690
7205,-11847,27690
7205,-11847,27690
7205,-11847,27690
7205,-11847,27690
7205,-11847,27690
7205,-11847,27690
7205,-11847,27690
7205,-11847,27690
7205,-11847,27690
7205,-11847,27690
7205,-11847,27690
7205,-11847,27690
7205,-11847,27690
7205,-11847,27690
7205,-11847,27690
7205,-11847,27690
7205,-11847,27690
7205,-11847,27690
7205,-11847,27690
7205,-11847,27690
7205,-11847,27690
7205,-11847,27690
7205,-11847,27690
7205,-11847,27690
7205,-11847,27690
7205,-11847,27690
7205,-11847,27690
7205,-11847,27690
7205,-11847,27690
7205,-11847,27690
7204,-11847,27689
7204,-11847,27690
7204,-11847,27690
7204,-11847,27690
7204,-11847,27690
7204,-11847,27690
7204,-11847,27690
7204,-11847,27690
7204,-11847,27690
7204,-11847,27690
7204,-11847,27690
7204,-11847,27690
7204,-11847,27690
7204,-11847,27690
7204,-11847,27690
7204,-11847,27690
7204,-11847,27690
7204,-11847,27690
7204,-11847,27690
7204,-11847,27690
7204,-11847,27690
7204,-11847,27690
7204,-11847,27690
7204,-11847,27690
7204,-11847,27690
7204,-11847,27690
7204,-11847,27690
7204,-11847,27690
7204,-11847,27690
7204,-11847,27690
7204,-11847,27690
7204,-11847,27690
7204,-11847,27690
7204,-11847,27690
7204,-11847,27690
7204,-11847,27690
7204,-11847,27690
7204,-11847,27690
7204,-11847,27690
7204,-11847,27690
7204,-11847,27690
7204,-11847,27690
7204,-11847,27690
7204,-11847,27690
7204,-11847,27690
7204,-11847,27690
7204,-11847,27690
7204,-11847,27690
7204,-11847,27690
7204,-11847,27690
7204,-11847,27690
7204,-11847,27690
7204,-11847,27690
7204,-11847,27690
7204,-11847,27690
7204,-11847,27690
7204,-11847,27690
7204,-11847,27690
7204,-11847,27690
7204,-11847,27690
7204,-11847,27690
7204,-11847,27690
7204,-11847,27690
7204,-11847,27690
7204,-11847,27690
7204,-11847,27690
7204,-11847,27690
7204,-11847,27690
7204,-11847,27690
7204,-11847,27690
7204,-11847,27690
7204,-11847,27690
7204,-11847,27690
7204,-11847,27690
7204,-11847,27690
7204,-11847,27690
7204,-11847,27690
7204,-11847,27690
7204,-11847,27690
7204,-11847,27690
7204,-11847,27690
7204,-11847,27690
7204,-11847,27690
7204,-11847,27690
7204,-11847,27690
7204,-11847,27690
7204,-11847,27690
7204,-11847,27690
7204,-11847,27690
7204,-11847,27690
7204,-11847,27690
7204,-11847,27690
7204,-11847,27690
7204,-11847,27690
7204,-11847,27690
7204,-11847,27690
7204,-11847,27690
7204,-11847,27690
7204,-11847,27690
7204,-11847,27690
7204,-11847,27690
7204,-11847,27690
7204,-11847,27690
7204,-11847,27690
7204,-11847,27690
7204,-11847,27690
7204,-11847,27690
7204,-11847,27690
7204,-11847,27690
7204,-11847,27690
7204,-11847,27690
7204,-11847,27690
7204,-11847,27690
7204,-11847,27690
7204,-11847,27690
7204,-11847,27690
7204,-11847,27690
7204,-11847,27690
7204,-11847,27690
7204,-11847,27690
7204,-11847,27690
7204,-11847,27690
7204,-11847,27690
7204,-11847,27690
7204,-11847,27690
7204,-11847,27690
7204,-11847,27690
7204,-11847,27690
7204,-11847,27690
7204,-11847,27690
7204,-11847,27690
7204,-11847,27690
7204,-11847,27690
7204,-11847,27690
7204,-11847,27690
7204,-11847,27690
7204,-11847,27690
7204,-11847,27690
7204,-11847,27690
7204,-11847,27690
7204,-11847,27690
7204,-11847,27690
7204,-11847,27690
7204,-11847,27690
7204,-11847,27690
7204,-11847,27690
7204,-11847,27690
7204,-11847,27690
7204,-11847,27690
7204,-11847,27690
7204,-11847,27690
7204,-11847,27690
7204,-11847,27690
7204,-11847,27690
7204,-11847,27690
7204,-11847,27690
7204,-11847,27690
7204,-11847,27690
7204,-11847,27690
7204,-11847,27690
7204,-11847,27690
7204,-11847,27690
7204,-11847,27690
7204,-11847,27690
7204,-11847,27690
7204,-11847,27690
7204,-11847,27690
7204,-11847,27690
7204,-11847,27690
7204,-11847,27690
7204,-11847,27690
7204,-11847,27690
7204,-11847,27690
7204,-11847,27690
7204,-11847,27690
7204,-11847,27690
7204,-11847,27690
7204,-11847,27690
7204,-11847,27690
7204,-11847,27690
7204,-11847,27690
7204,-11847,27690
7204,-11847,27690
7204,-11847,27690
7204,-11847,27690
7204,-11847,27690
7204,-11847,27690
7204,-11847,27690
7204,-11847,27690
7204,-11847,27690
7204,-11847,27690
7204,-11847,27690
7204,-11847,27690
7204,-11847,27690
7204,-11847,27690
7204,-11847,27690
7204,-11847,27690
7204,-11847,27690
7204,-11847,27690
7204,-11847,27690
7204,-11847,27690
7204,-11847,27690
7204,-11847,27690
7204,-11847,27690
7204,-11847,27690
7204,-11847,27690
7204,-11847,27690
7204,-11847,27690
7204,-11847,27690
7204,-11847,27690
7204,-11847,27690
7204,-11847,27690
7204,-11847,27690
7204,-11847,27690
7204,-11847,27690
7204,-11847,27690
7204,-11847,27690
7204,-11847,27690
7204,-11847,27690
7204,-11847,27690
7204,-11847,27690
7204,-11847,27690
7204,-11847,27690
7204,-11847,27690
7204,-11847,27690
7204,-11847,27690
7204,-11847,27690
7204,-11847,27690
7204,-11847,27690
7204,-11847,27690
7204,-11847,27690
7204,-11847,27690
7204,-11847,27690
7204,-11847,27690
7204,-11847,27690
7204,-11847,27690
7204,-11847,27690
7204,-11847,27690
7204,-11847,27690
7204,-11847,27690
7204,-11847,27690
7204,-11847,27690
7204,-11847,27690
7204,-11847,27690
7204,-11847,27690
7204,-11847,27690
7204,-11847,27690
7204,-11847,27690
7204,-11847,27690
7204,-11847,27690
7204,-11847,27690
7204,-11847,27690
7204,-11847,27690
7204,-11847,27690
7204,-11847,27690
7204,-11847,27690
7204,-11847,27690
7204,-11847,27690
7204,-11847,27690
7204,-11847,27690
7204,-11847,27690
7204,-11847,27690
7204,-11847,27690
7204,-11847,27690
7204,-11847,27690
7204,-11847,27690
7204,-11847,27690
7204,-11847,27690
7204,-11847,27690
7204,-11847,27690
7204,-11847,27690
7204,-11847,27690
7204,-11847,27690
7204,-11847,27690
7204,-11847,27690
7204,-11847,27690
7204,-11847,27690
7204,-11847,27690
7204,-11847,27690
7204,-11847,27690
7204,-11847,27690
7204,-11847,27690
7204,-11847,27690
7199,-11849,27682
7247,-11844,27735
7257,-11923,27761
7204,-11847,27688
