807,108,1915
607,108,1915
607,108,1915
607,108,1915
607,108,1915
607,108,1915
607,108,1915
607,308,1915
27007,20108,2915
26607,8908,915
19407,20908,18915
-2593,13708,-6085
12807,4908,22515
1407,10508,30115
4607,12308,12115
807,4508,11315
20207,1308,-15285
15207,21308,-21085
-10993,20908,-7485
-28993,3508,16515
-11393,-93,-21821
-22793,6308,-12885
27407,-4893,-23285
-15193,508,-20485
9607,7108,-6085
25943,9108,-4085
7007,-4093,-19085
-29329,3708,-4485
-2593,1708,26115
-10593,-2892,3515
-7193,308,-3685
5407,4108,1115
-12393,-1893,20515
-31993,11708,2115
-8993,3508,-1485
30407,-20493,-685
-14793,-27293,18515
-27593,-13293,17115
-6393,10708,-19085
11407,-27493,-32421
-16993,-8093,28315
5007,-21093,10515
32407,2308,4115
-7793,-22293,-11085
-24593,-4293,6115
29807,-22693,13915
9407,-9893,1915
28807,-11893,-13485
-24193,-9493,-18485
-26593,-29093,-9485
1607,8308,-18285
2807,-13093,16315
-24393,-17093,19915
-10593,-12093,19915
-1393,20108,-7485
-12993,-4693,-16021
11007,-22093,-1885
-32529,7308,-14285
607,108,1915
407,28308,-22685
12407,-9693,-28885
-5393,-31828,5915
-18593,5308,-7285
-31729,-1293,6115
-8993,24443,12315
-25129,-27093,-1885
-7793,-13293,-15885
27407,19908,-19885
607,108,1915
607,108,1915
607,108,1915
-31593,-30428,19851
