-3367,29,-343
-3365,29,-341
-3368,29,-338
-3368,29,-338
-3368,29,-338
-3368,29,-338
-3368,29,-338
-3368,29,-338
-3368,29,-338
-3367,29,-336
-3382,29,-344
-3375,24,-338
-3375,24,-343
-3375,24,-340
-3375,24,-340
-3375,24,-340
-3375,24,-340
-3375,24,-340
-3376,24,-337
-3376,24,-337
-3377,24,-342
-3378,24,-346
-3382,24,-345
-3357,28,-340
-3333,23,-332
-3316,19,-317
-3307,17,-286
-3296,16,-297
-3296,16,-292
-3302,16,-287
-1710,10,296
-1711,10,296
4388,15,628
4391,15,626
4394,15,642
4394,15,628
4395,15,645
4384,15,645
4382,15,647
4351,18,652
4374,15,655
4376,15,647
4393,16,663
4393,16,653
4393,16,653
4397,16,653
4397,16,653
4395,15,647
4373,16,631
4371,17,634
4372,22,641
4367,27,637
4376,27,642
4373,18,637
-3377,28,-342
-3359,26,-338
-3324,20,-313
-3315,18,-310
-3315,18,-310
-3315,18,-310
-3319,19,-315
-3319,19,-315
-3327,20,-321
-3325,20,-327
-3329,21,-331
-3329,21,-331
-3325,21,-330
-3328,21,-318
-3359,25,-326
-3357,26,-334
-3350,27,-346
-3379,29,-341
-3376,13,-330
-3376,13,-330
-3376,13,-330
-3376,13,-330
-3376,13,-330
-3376,13,-330
-3376,13,-330
-3376,13,-330
-3376,13,-330
-3376,13,-330
-3376,13,-330
-3376,13,-330
-3376,13,-330
-3376,13,-330
-3376,13,-330
-3291,23,-432
-3302,29,-400
-3323,30,-364
-3366,29,-343
-3366,29,-343
-3366,29,-343
-3366,29,-343
-3365,29,-338
-3354,27,-330
-3354,27,-330
-3354,27,-330
-3362,31,-328
-3362,31,-329
-3351,24,-331
-3345,24,-331
-3345,24,-331
-3345,24,-331
-3365,28,-341
-3355,26,-338
-3344,24,-333
-3355,28,-342
-3355,28,-342
-3365,28,-331
-3367,29,-339
-3378,24,-343
-3374,24,-342
-3374,24,-342
-3374,24,-342
-3371,29,-337
-3364,32,-334
-3363,31,-340
-3364,29,-339
-3360,28,-341
-3364,29,-344
-3366,29,-331
-3365,31,-337
-3363,29,-345
-3366,29,-336
-3367,29,-335
-3367,29,-335
-3367,29,-335
-3364,29,-338
-3365,29,-334
-3334,24,-335
-3334,24,-335
-3352,28,-344
-3364,28,-340
-3364,28,-340
-3364,28,-340
-3367,28,-332
-3359,31,-329
-3363,30,-329
-3366,29,-336
-3365,29,-344
-3365,33,-345
-3365,29,-342
-3365,29,-342
-3363,29,-346
-3364,30,-348
-3360,30,-348
-3365,30,-341
-3364,29,-331
-3365,29,-337
-3364,29,-347
-3358,28,-346
-3348,27,-346
-3348,27,-346
-3348,27,-346
-3348,27,-346
-3351,27,-345
-3376,29,-337
-3379,29,-338
-3367,29,-329
-3366,29,-332
-3368,29,-336
-3366,32,-337
-3366,30,-337
-3366,30,-337
-3366,33,-339
-3366,29,-338
-3367,29,-335
-3367,29,-337
-3367,29,-337
-3367,29,-337
-3369,29,-337
-3374,24,-344
-3374,24,-344
-3378,24,-345
-3377,28,-341
-3365,29,-336
-3366,29,-334
-3358,26,-338
-3365,28,-338
-3365,28,-338
-3367,28,-337
-3380,24,-345
-3375,28,-340
-3367,29,-337
-3367,29,-337
-3367,29,-337
-3367,29,-337
-3367,29,-337
-3367,29,-337
-3367,29,-337
-3367,29,-337
-3367,29,-337
-3367,29,-337
-3366,29,-341
-3348,27,-345
-3337,24,-335
-3335,27,-351
-3342,24,-343
-3341,18,-347
-3341,18,-344
-3341,18,-348
-3343,17,-346
-3343,13,-346
-3378,29,-342
-3355,26,-338
-3348,24,-336
-3326,23,-336
-3319,25,-344
-3294,23,-341
-3330,23,-334
-3343,25,-343
-3343,18,-343
-3343,18,-343
-3343,21,-343
-3353,28,-344
-3353,28,-344
-3353,28,-344
-3353,28,-344
-3367,29,-337
-3381,13,-345
-3378,24,-344
-3381,24,-339
-3381,24,-339
-3381,24,-339
-3381,24,-337
-3378,24,-339
-3379,24,-337
-3376,24,-342
-3378,24,-344
-3380,24,-344
-3380,24,-344
-3379,24,-337
-3379,24,-337
-3379,24,-337
-3379,24,-337
-3379,24,-337
-3379,24,-337
-3379,24,-337
-3379,24,-337
-3379,24,-337
-3379,24,-337
-3379,24,-337
-3379,24,-337
-3379,24,-337
-3379,24,-337
-3379,24,-337
-3379,24,-337
-3379,24,-337
-3377,24,-344
-3375,24,-339
-3375,24,-339
-3375,24,-339
-3375,24,-339
-3375,24,-339
-3375,24,-338
-3378,24,-345
-3378,24,-345
-3378,24,-345
-3374,53,-340
-3375,53,-336
-3375,53,-336
-3374,53,-335
-3374,53,-333
-3375,53,-339
-3382,29,-344
-3375,24,-339
-3375,24,-344
-3377,29,-338
-3374,53,-337
-3374,53,-333
-3375,53,-332
-3376,53,-332
-3377,53,-332
-3378,53,-334
-3378,53,-334
-3376,53,-334
-3377,53,-335
-3376,53,-337
-3373,52,-340
-3373,51,-339
-3373,51,-339
-3376,51,-336
-3376,51,-334
-3378,51,-334
-3378,51,-334
-3377,51,-336
-3377,51,-336
-3376,51,-334
-3375,51,-335
-3374,51,-338
-3373,51,-339
-3373,51,-339
-3373,51,-337
-3373,51,-337
-3373,51,-334
-3373,51,-334
-3373,51,-334
-3374,51,-333
-3375,51,-333
-3375,51,-333
-3375,51,-333
-3377,51,-332
-3377,51,-332
-3377,51,-332
-3377,51,-332
-3377,51,-334
-3378,50,-335
-3378,50,-335
-3378,50,-335
-3375,50,-335
-3375,50,-337
-3375,50,-339
-3375,50,-339
-3376,50,-336
-3374,50,-334
-3374,50,-337
-3376,49,-337
-3376,49,-337
-3375,49,-338
-3374,48,-340
-3374,48,-340
-3375,48,-339
-3373,47,-341
-3373,46,-340
-3373,45,-340
-3378,47,-332
-3375,46,-330
-3375,46,-330
-3379,47,-332
-3379,47,-332
-3379,47,-332
-3373,45,-332
-3372,45,-335
24026,-29756,869
-3377,43,-340
-3377,43,-340
-3377,43,-340
-3377,43,-340
-3376,43,-339
-3377,44,-338
-3377,44,-338
-3378,43,-336
-3378,43,-333
-3378,43,-333
-3378,43,-333
-3378,43,-333
-3378,43,-334
-3378,43,-333
-3377,43,-334
-3377,43,-333
-3376,44,-334
-3375,44,-336
-3375,44,-332
-3377,44,-332
-3377,44,-332
-3378,44,-333
-3372,44,-336
-3372,44,-338
-3372,44,-338
-3373,44,-340
-3373,44,-340
-3374,44,-336
-3375,29,-335
-3363,29,-337
-3337,24,-334
-3337,24,-334
-3337,24,-334
-3337,24,-334
-3337,24,-334
-3337,24,-334
-3337,24,-334
-3337,24,-334
-3337,24,-334
-3337,24,-334
-3337,24,-334
-3337,24,-334
-3337,24,-334
-3337,24,-334
-3337,24,-334
-3337,24,-334
-3337,24,-334
-3337,24,-334
-3337,24,-334
-3337,24,-334
-3337,24,-334
-3355,26,-331
-3371,30,-313
-3374,34,-314
-3384,39,-313
-3387,33,-315
-3390,39,-323
-3386,32,-326
-3387,34,-300
-3395,31,-310
-3398,30,-323
-3392,31,-346
-3392,31,-346
-3376,29,-350
-3377,29,-337
-3375,59,-335
-3374,44,-338
-3374,44,-338
-3375,43,-336
-3378,43,-332
-3376,43,-334
-3376,43,-332
-3376,43,-330
-3377,43,-335
-3375,43,-337
-3373,43,-338
-3372,43,-334
-3373,43,-340
-3373,43,-340
-3374,43,-340
-3374,43,-340
-3375,42,-342
-3373,42,-342
-3372,42,-340
-3372,42,-335
-3373,42,-332
-3373,42,-332
-3375,42,-330
-3375,42,-330
-3379,42,-329
-3381,42,-329
-3381,42,-329
-3381,42,-330
-3383,42,-331
-3383,42,-331
-3381,42,-332
-3381,42,-332
-3381,42,-332
-3381,42,-332
-3381,42,-332
-3379,42,-334
-3377,42,-337
-3376,42,-339
-3373,42,-342
-3374,42,-332
-3381,42,-330
-3377,42,-336
-3376,42,-337
-3376,42,-337
-3376,42,-337
-3376,42,-337
-3376,42,-337
-3376,42,-337
-3376,42,-337
-3376,42,-337
-3376,42,-337
-3376,42,-337
-3376,42,-337
-3376,42,-337
-3376,42,-337
-3376,42,-337
-3376,42,-337
-3376,42,-337
