1073,21,2934
1017,21,2990
973,23,3037
691,20,2941
691,21,2941
691,21,2941
691,21,2941
691,21,2941
691,21,2941
691,21,2941
691,21,2941
691,21,2941
691,21,2941
691,21,2941
691,21,2941
691,21,2941
691,21,2941
691,21,2941
691,21,2941
691,21,2941
691,21,2941
691,21,2941
691,21,2941
691,21,2941
691,21,2941
686,13,2900
694,17,2956
706,17,2964
653,14,2943
692,115,2911
692,115,2929
692,114,2953
692,114,2953
692,114,2953
692,114,2953
692,114,2953
692,114,2953
692,114,2953
692,114,2953
692,114,2953
692,114,2953
692,114,2953
692,114,2953
692,114,2953
692,114,2953
692,114,2953
692,114,2953
692,114,2953
692,114,2953
692,114,2953
692,114,2953
692,114,2953
692,114,2953
692,114,2953
692,114,2953
692,114,2953
692,114,2953
692,115,2953
692,21,2941
692,21,2941
692,21,2941
692,21,2941
692,21,2941
692,21,2941
692,21,2941
692,21,2941
692,21,2941
692,21,2941
692,21,2941
692,21,2941
693,18,2936
685,6,2929
685,6,2937
685,6,2935
686,6,2935
698,17,2911
697,17,2900
701,17,2921
701,17,2943
701,17,2953
705,17,2961
705,17,2942
705,17,2922
705,17,2898
693,16,2910
709,17,2908
709,17,2913
709,17,2917
709,17,2929
709,17,2949
709,17,2963
685,6,2929
692,115,2912
692,115,2919
692,115,2926
692,115,2942
692,115,2936
684,6,2936
683,6,2936
685,6,2937
685,6,2926
685,6,2937
673,6,2933
671,6,2932
685,6,2935
686,6,2934
703,17,2926
707,17,2919
708,17,2906
707,17,2906
712,17,2918
679,17,2939
691,21,2941
657,6,2936
671,6,2939
670,6,2933
686,6,2934
686,6,2927
686,6,2927
686,6,2927
686,6,2927
684,6,2931
684,6,2931
684,6,2931
686,6,2936
685,6,2935
685,6,2926
685,6,2927
679,8,2925
686,6,2940
684,6,2935
684,6,2935
684,6,2935
684,6,2935
684,6,2935
684,6,2935
684,6,2935
684,6,2935
684,6,2935
684,6,2935
921,28,3093
921,28,3093
921,28,3093
921,28,3093
921,28,3093
921,28,3093
921,28,3093
926,29,3098
922,29,3094
655,8,2941
662,6,2941
656,8,2940
656,8,2940
656,8,2940
651,6,2933
651,6,2933
651,6,2933
651,6,2933
651,6,2933
651,6,2933
651,6,2933
651,6,2933
651,6,2933
651,6,2933
651,6,2933
651,6,2933
651,6,2933
651,6,2933
651,6,2933
651,6,2933
651,6,2933
651,6,2933
651,6,2933
651,6,2933
651,6,2933
651,6,2933
651,6,2933
651,6,2933
651,6,2933
651,6,2933
651,6,2933
651,6,2933
651,6,2933
651,6,2933
651,6,2933
651,6,2933
651,6,2933
651,6,2933
651,6,2933
688,6,2942
906,13,3093
924,29,3092
925,27,3089
925,28,3090
921,27,3093
921,27,3092
921,26,3092
922,28,3096
920,27,3093
920,27,3093
922,29,3094
922,27,3092
926,26,3087
932,26,3080
938,25,3073
1130,5,2887
1126,5,2883
1122,5,2879
1117,5,2874
1121,5,2878
1125,5,2881
1126,5,2881
1126,5,2881
1124,5,2877
1119,7,2878
1128,5,2889
1121,5,2883
1125,5,2887
1122,5,2884
1116,5,2877
1116,10,2879
1129,6,2876
1131,6,2881
1130,6,2886
1295,28,3094
1295,28,3094
1295,28,3094
1295,28,3094
1295,28,3094
1295,28,3094
1295,28,3094
1295,28,3094
1295,28,3094
1295,28,3094
1295,28,3094
1295,28,3094
1295,28,3094
1295,28,3094
1295,28,3094
1295,28,3094
1295,28,3094
1295,28,3094
1295,28,3094
1295,28,3094
1295,28,3094
1295,28,3094
1295,28,3094
1295,28,3094
1295,28,3094
1295,28,3094
1295,28,3094
1111,31,2912
1111,30,2911
1114,28,2913
1168,27,2966
1210,29,3009
692,21,2941
692,21,2941
692,21,2941
692,21,2941
692,21,2941
692,21,2941
692,21,2941
692,21,2941
692,21,2941
692,21,2941
692,21,2941
692,21,2941
1108,42,2921
1108,42,2921
1108,42,2921
1108,42,2921
1108,42,2921
1108,42,2921
1108,42,2921
1108,42,2921
1108,42,2921
1108,42,2921
1108,42,2921
1108,42,2921
1108,42,2921
1108,42,2921
1108,42,2921
1108,42,2921
1108,42,2921
1108,42,2921
1108,42,2921
1108,42,2921
1108,42,2921
1108,42,2921
1108,42,2921
1112,43,2925
1112,43,2924
1158,43,2971
1254,42,3067
1281,42,3094
1281,42,3094
1281,42,3094
1281,42,3094
1281,42,3094
1281,42,3094
1281,42,3094
1281,42,3094
1281,42,3094
1281,42,3094
1281,42,3094
1281,42,3094
1281,42,3094
1281,42,3094
1281,42,3094
1281,42,3094
1281,42,3094
1281,42,3094
1281,42,3094
1281,42,3094
1281,42,3094
1281,42,3094
1281,42,3094
1281,42,3094
1281,42,3094
1281,42,3094
1281,42,3094
1281,42,3094
1281,42,3094
1281,42,3094
1281,42,3094
1281,42,3094
1281,42,3094
1281,42,3094
1281,42,3094
1281,42,3094
1276,36,3096
1275,37,3098
1277,37,3098
1276,44,3091
1277,44,3092
1279,43,3096
1225,41,3151
1153,43,3222
1108,42,3267
1108,42,3267
1108,42,3267
1108,42,3267
1108,42,3267
1108,42,3267
1108,42,3267
1108,42,3267
1108,42,3267
1108,42,3267
1108,42,3267
1108,42,3267
1108,42,3267
1108,42,3267
1108,42,3267
1108,42,3267
1108,42,3267
1108,42,3267
1108,42,3267
1108,42,3267
1108,42,3267
1108,42,3267
1108,42,3267
1108,42,3267
1108,42,3267
1108,42,3267
1108,42,3267
1108,42,3267
1108,42,3267
1108,42,3267
1108,42,3267
1108,42,3267
1108,42,3267
1108,42,3267
1108,42,3267
1108,42,3267
1108,42,3267
1107,44,3266
1085,38,3248
1031,38,3194
982,43,3140
937,44,3093
935,42,3094
935,42,3094
935,42,3094
935,42,3094
935,42,3094
935,42,3094
935,42,3094
935,42,3094
935,42,3094
935,42,3094
935,42,3094
935,42,3094
935,42,3094
935,42,3094
935,42,3094
935,42,3094
935,42,3094
935,42,3094
935,42,3094
935,42,3094
935,42,3094
935,42,3094
935,42,3094
935,42,3094
935,42,3094
935,42,3094
935,42,3094
935,42,3094
935,42,3094
935,42,3094
935,42,3094
935,42,3094
935,42,3094
935,42,3094
935,42,3094
935,42,3094
937,42,3092
939,44,3092
936,43,3095
939,46,3096
936,44,3096
685,6,2929
658,6,2941
657,6,2940
657,6,2940
657,6,2940
657,6,2940
680,6,2939
648,6,2941
649,6,2938
649,7,2937
649,7,2939
649,7,2939
649,7,2939
649,7,2939
649,7,2939
649,7,2939
649,7,2939
649,7,2939
649,7,2939
649,7,2939
649,7,2939
673,6,2933
673,6,2932
685,6,2938
685,6,2938
673,6,2932
673,6,2932
674,6,2931
674,6,2931
674,6,2931
675,6,2935
686,6,2929
686,6,2929
669,6,2940
654,6,2938
654,6,2937
649,6,2937
650,6,2936
655,6,2941
656,6,2938
654,6,2942
650,6,2936
649,6,2938
659,6,2938
653,6,2937
657,6,2934
653,6,2937
652,6,2933
647,6,2940
648,6,2942
649,6,2941
647,7,2941
646,8,2939
649,6,2942
648,6,2938
645,6,2937
647,6,2934
647,6,2934
647,7,2934
647,7,2934
647,7,2934
647,7,2934
647,7,2934
654,7,2938
646,6,2940
645,6,2940
645,6,2940
645,6,2940
654,6,2935
655,6,2942
655,6,2941
656,6,2942
654,6,2938
655,6,2940
657,9,2936
684,6,2938
684,6,2935
684,7,2932
686,7,2931
687,-2,2943
674,-4,2943
686,-2,2943
687,0,2943
683,6,2928
683,6,2928
684,6,2927
674,-3,2942
674,-2,2941
675,-1,2943
675,-2,2943
676,-2,2941
671,-3,2943
674,-3,2943
674,-3,2943
672,-4,2943
671,-4,2943
673,-4,2943
685,6,2936
685,6,2935
684,7,2927
685,7,2937
685,7,2937
684,7,2934
686,7,2936
684,7,2935
684,6,2935
684,6,2926
684,7,2934
690,79,2933
683,21,2941
690,21,2941
685,8,2932
685,8,2932
685,8,2932
687,6,2938
660,6,2942
682,6,2940
685,7,2932
686,8,2932
685,7,2936
684,7,2926
664,-4,2943
664,-3,2939
663,-1,2938
653,-3,2932
654,-3,2931
668,-3,2940
685,-1,2941
686,8,2933
687,7,2935
670,6,2933
670,6,2933
670,6,2933
670,6,2933
670,6,2933
670,6,2933
685,6,2939
684,6,2936
685,7,2938
685,7,2925
686,7,2932
686,7,2932
686,7,2932
685,7,2926
685,7,2934
682,7,2939
653,6,2941
685,6,2934
676,6,2940
685,6,2933
685,6,2935
678,6,2942
669,6,2933
669,6,2933
671,6,2934
671,6,2934
686,6,2940
692,110,2926
692,17,2936
691,21,2941
691,21,2941
691,21,2941
691,21,2941
691,21,2941
691,21,2941
691,21,2941
691,21,2941
691,21,2941
691,21,2941
691,21,2941
691,21,2941
691,21,2941
691,21,2941
691,21,2941
691,21,2941
691,21,2941
691,21,2941
691,21,2941
691,21,2941
691,21,2941
691,21,2941
691,21,2941
691,21,2941
691,21,2941
691,21,2941
691,21,2941
691,21,2941
691,21,2941
691,21,2941
691,21,2941
691,21,2941
691,21,2941
691,21,2941
691,21,2941
691,21,2941
691,21,2941
691,21,2941
691,21,2941
691,21,2941
691,21,2941
691,21,2941
691,21,2941
691,21,2941
691,21,2941
691,21,2941
691,21,2941
691,21,2941
691,21,2941
691,21,2941
691,21,2941
691,21,2941
691,21,2941
691,21,2941
691,21,2941
691,21,2941
691,21,2941
691,21,2941
691,21,2941
691,21,2941
691,21,2941
691,21,2941
691,21,2941
691,21,2941
691,21,2941
691,21,2941
698,36,2939
703,36,2956
701,52,2936
700,36,2934
700,36,2934
701,36,2934
702,36,2919
707,36,2922
702,35,2923
689,28,2948
689,28,2948
689,28,2948
689,28,2948
689,28,2948
689,28,2948
689,28,2948
689,28,2948
689,28,2948
689,28,2948
689,28,2948
689,28,2948
689,28,2948
689,28,2948
689,28,2948
689,28,2948
689,28,2948
689,28,2948
689,28,2948
689,28,2948
689,28,2948
689,28,2948
689,28,2948
689,28,2948
689,28,2948
689,28,2948
689,28,2948
689,28,2948
689,28,2948
689,28,2948
689,28,2948
689,28,2948
689,28,2948
689,28,2948
689,28,2948
689,28,2948
689,28,2948
689,28,2948
689,28,2948
689,28,2948
689,28,2948
689,28,2948
689,28,2948
689,28,2948
689,28,2948
689,28,2948
689,28,2948
689,28,2948
689,28,2948
689,28,2948
689,28,2948
689,28,2948
689,28,2948
689,28,2948
689,28,2948
689,28,2948
689,28,2948
689,28,2948
689,28,2948
689,28,2948
689,28,2948
689,28,2948
689,28,2948
689,28,2948
689,28,2948
689,28,2948
689,28,2948
689,28,2948
689,28,2948
689,28,2948
689,28,2948
689,28,2948
689,28,2948
689,28,2948
689,28,2948
689,28,2948
689,28,2948
689,28,2948
689,28,2948
689,28,2948
689,28,2948
689,28,2948
689,28,2948
689,28,2948
689,28,2948
689,28,2948
689,28,2948
689,28,2948
689,28,2948
689,28,2948
689,28,2948
689,28,2948
689,28,2948
689,28,2948
689,28,2948
689,28,2948
689,28,2948
689,28,2948
689,28,2948
689,28,2948
689,28,2948
689,28,2948
689,28,2948
689,28,2948
689,28,2948
689,28,2948
689,28,2948
689,28,2948
689,28,2948
689,28,2948
689,28,2948
689,28,2948
689,28,2948
689,28,2948
689,28,2948
689,28,2948
689,28,2948
689,28,2948
689,28,2948
689,28,2948
689,28,2948
689,28,2948
689,28,2948
689,28,2948
689,28,2948
689,28,2948
689,28,2948
689,28,2948
689,28,2948
689,28,2948
695,19,2936
703,17,2925
702,17,2907
702,17,2954
702,17,2957
701,17,2950
702,17,2910
694,17,2929
692,114,2925
692,115,2911
692,115,2920
693,19,2923
696,17,2929
692,115,2922
692,115,2925
692,115,2932
692,115,2942
692,115,2954
684,6,2936
683,6,2933
683,6,2935
683,6,2935
683,6,2935
683,6,2935
681,6,2938
685,6,2937
678,6,2940
686,6,2933
686,6,2933
673,6,2942
684,7,2925
684,7,2925
671,7,2942
668,6,2939
672,6,2941
659,6,2944
686,8,2935
686,6,2934
685,6,2935
685,6,2935
685,6,2933
693,14,2929
691,17,2924
679,20,2943
687,27,2944
686,27,2945
686,28,2945
686,28,2945
686,28,2945
686,28,2945
686,28,2945
686,28,2945
686,28,2945
686,28,2945
686,28,2945
686,28,2945
686,28,2945
686,28,2945
686,28,2945
686,28,2945
686,28,2945
686,28,2945
686,28,2945
686,28,2945
686,28,2945
686,28,2945
686,28,2945
686,28,2945
686,28,2945
686,28,2945
686,28,2945
686,28,2945
686,28,2945
686,28,2945
686,28,2945
686,28,2945
686,28,2945
686,28,2945
686,28,2945
686,28,2945
686,28,2945
686,28,2945
686,28,2945
686,28,2945
686,28,2945
686,28,2945
686,28,2945
686,28,2945
686,28,2945
686,28,2945
686,28,2945
686,28,2945
686,28,2945
686,28,2945
686,28,2945
686,28,2945
686,28,2945
686,28,2945
686,28,2945
686,28,2945
686,28,2945
686,28,2945
686,28,2945
686,28,2945
686,28,2945
686,28,2945
686,28,2945
686,28,2945
686,28,2945
686,28,2945
686,28,2945
686,28,2945
686,28,2945
686,28,2945
686,28,2945
686,28,2945
686,28,2945
686,28,2945
686,28,2945
686,28,2945
686,28,2945
686,28,2945
686,28,2945
686,28,2945
686,28,2945
686,28,2945
686,28,2945
686,28,2945
686,28,2945
686,28,2945
686,28,2945
686,28,2945
686,28,2945
686,28,2945
686,28,2945
686,28,2945
686,28,2945
686,28,2945
686,28,2945
686,28,2945
686,28,2945
686,28,2945
686,28,2945
686,28,2945
686,28,2945
686,28,2945
686,28,2945
686,28,2945
686,28,2945
686,28,2945
686,28,2945
686,28,2945
686,28,2945
686,28,2945
686,28,2945
686,28,2945
686,28,2945
686,28,2945
686,28,2945
686,28,2945
686,28,2945
686,28,2945
686,28,2945
686,28,2945
686,28,2945
686,28,2945
686,28,2945
686,28,2945
686,28,2945
686,28,2945
686,28,2945
686,28,2945
686,28,2945
686,28,2945
686,28,2945
686,28,2945
686,28,2945
686,28,2945
686,28,2945
686,28,2945
686,28,2945
686,28,2945
686,28,2945
686,28,2945
686,28,2945
686,28,2945
686,28,2945
686,28,2945
686,28,2945
686,28,2945
686,28,2945
686,28,2945
686,28,2945
686,28,2945
686,28,2945
686,28,2945
686,28,2945
686,28,2945
686,28,2945
686,28,2945
686,28,2945
686,28,2945
686,28,2945
686,28,2945
686,28,2945
686,28,2945
686,28,2945
686,28,2945
686,28,2945
686,28,2945
686,28,2945
686,28,2945
686,28,2945
686,28,2945
686,28,2945
686,28,2945
686,28,2945
686,28,2945
686,28,2945
686,28,2945
686,28,2945
686,28,2945
686,28,2945
686,28,2945
686,28,2945
686,28,2945
686,28,2945
686,28,2945
686,28,2945
686,28,2945
686,28,2945
686,28,2945
686,28,2945
686,28,2945
686,28,2945
686,28,2945
686,28,2945
686,28,2945
686,28,2945
686,28,2945
686,28,2945
686,28,2945
686,28,2945
686,28,2945
686,28,2945
686,28,2945
686,28,2945
686,28,2945
686,28,2945
686,28,2945
686,28,2945
686,28,2945
686,28,2945
686,28,2945
686,28,2945
686,28,2945
686,28,2945
686,28,2945
686,28,2945
686,28,2945
686,28,2945
686,28,2945
686,28,2945
686,28,2945
686,28,2945
686,28,2945
686,28,2945
686,28,2945
686,28,2945
686,28,2945
686,28,2945
686,28,2945
686,28,2945
686,28,2945
686,28,2945
686,28,2945
686,28,2945
686,28,2945
686,28,2945
686,28,2945
686,28,2945
686,28,2945
686,28,2945
686,28,2945
686,28,2945
686,28,2945
686,28,2945
686,28,2945
686,28,2945
686,28,2945
686,28,2945
686,28,2945
686,28,2945
686,28,2945
686,28,2945
686,28,2945
686,28,2945
686,28,2945
686,28,2945
686,28,2945
686,28,2945
686,28,2945
686,28,2945
686,28,2945
686,28,2945
686,28,2945
686,28,2945
686,28,2945
686,28,2945
686,28,2945
686,28,2945
686,28,2945
686,28,2945
686,28,2945
686,28,2945
686,28,2945
686,28,2945
686,28,2945
686,28,2945
686,28,2945
686,28,2945
686,28,2945
686,28,2945
686,28,2945
686,28,2945
686,28,2945
686,28,2945
686,28,2945
686,28,2945
686,28,2945
686,28,2945
686,28,2945
686,28,2945
686,28,2945
686,28,2945
686,28,2945
686,28,2945
686,28,2945
686,28,2945
686,28,2945
686,28,2945
686,28,2945
686,28,2945
686,28,2945
686,28,2945
686,28,2945
704,18,2925
702,17,2932
703,17,2949
702,17,2917
702,17,2919
699,17,2911
699,17,2957
633,14,2950
685,6,2935
685,6,2935
685,6,2935
685,6,2927
692,114,2910
692,114,2923
692,115,2935
692,115,2949
692,115,2934
691,27,2941
691,23,2942
691,23,2942
691,23,2942
691,23,2942
691,23,2942
691,23,2942
691,23,2942
691,23,2942
691,23,2942
691,23,2942
691,23,2942
691,23,2942
691,23,2942
691,23,2942
691,23,2942
691,23,2942
691,23,2942
691,23,2942
691,23,2942
691,23,2942
691,23,2942
691,23,2942
691,23,2942
691,23,2942
691,23,2942
691,23,2942
691,23,2942
691,23,2942
691,23,2942
691,23,2942
691,23,2942
691,23,2942
691,23,2942
691,23,2942
691,23,2942
691,23,2942
691,23,2942
691,23,2942
691,23,2942
691,23,2942
691,23,2942
691,23,2942
691,23,2942
691,23,2942
691,23,2942
691,23,2942
691,23,2942
691,23,2942
691,23,2942
691,23,2942
691,23,2942
691,23,2942
691,23,2942
691,23,2942
691,23,2942
691,23,2942
691,23,2942
691,23,2942
691,23,2942
691,23,2942
691,23,2942
691,23,2942
691,23,2942
691,23,2942
691,23,2942
691,23,2942
691,23,2942
691,23,2942
691,23,2942
691,23,2942
691,23,2942
691,23,2942
691,23,2942
691,23,2942
691,23,2942
691,23,2942
691,23,2942
691,23,2942
691,23,2942
691,23,2942
691,23,2942
691,23,2942
691,23,2942
691,23,2942
691,23,2942
691,23,2942
691,23,2942
691,23,2942
691,23,2942
691,23,2942
691,23,2942
691,23,2942
691,23,2942
691,23,2942
691,23,2942
691,23,2942
691,23,2942
691,23,2942
691,23,2942
691,23,2942
691,23,2942
691,23,2942
691,23,2942
691,23,2942
691,23,2942
691,23,2942
691,23,2942
691,23,2942
691,23,2942
691,23,2942
691,23,2942
691,23,2942
691,23,2942
691,23,2942
691,23,2942
691,23,2942
691,23,2942
691,23,2942
691,23,2942
691,23,2942
691,23,2942
691,23,2942
691,23,2942
691,23,2942
691,23,2942
691,23,2942
691,23,2942
691,23,2942
691,23,2942
691,23,2942
691,23,2942
691,23,2942
691,23,2942
691,23,2942
691,23,2942
691,23,2942
691,23,2942
691,23,2942
691,23,2942
691,23,2942
691,23,2942
691,23,2942
691,23,2942
691,23,2942
691,23,2942
691,23,2942
691,23,2942
691,23,2942
691,23,2942
691,23,2942
691,23,2942
691,23,2942
691,23,2942
691,23,2942
691,23,2942
691,23,2942
691,23,2942
691,23,2942
691,23,2942
691,23,2942
691,23,2942
691,23,2942
691,23,2942
691,23,2942
691,23,2942
691,23,2942
691,23,2942
691,23,2942
691,23,2942
691,23,2942
691,23,2942
691,23,2942
691,23,2942
691,23,2942
691,23,2942
691,23,2942
691,23,2942
691,23,2942
691,23,2942
691,23,2942
691,23,2942
691,23,2942
691,23,2942
691,23,2942
691,23,2942
691,23,2942
691,23,2942
691,23,2942
691,23,2942
691,23,2942
691,23,2942
691,23,2942
691,23,2942
691,23,2942
691,23,2942
691,23,2942
691,23,2942
691,23,2942
691,23,2942
691,23,2942
691,23,2942
691,23,2942
691,23,2942
691,23,2942
691,23,2942
691,23,2942
691,23,2942
691,23,2942
672,6,2933
672,6,2933
672,6,2933
669,6,2932
669,6,2932
669,6,2932
669,6,2932
669,6,2932
669,6,2932
669,6,2932
669,6,2932
669,6,2932
676,6,2935
686,7,2927
671,5,2933
669,5,2933
685,8,2925
670,5,2934
668,5,2932
669,6,2932
677,6,2942
687,7,2930
672,5,2932
670,5,2932
669,6,2932
669,6,2932
669,6,2932
680,6,2942
685,8,2932
685,8,2932
653,8,2940
684,9,2934
669,6,2933
669,6,2933
669,6,2933
669,6,2933
669,6,2933
669,6,2933
669,6,2933
686,6,2934
686,6,2933
668,6,2933
667,6,2933
667,6,2933
667,6,2933
667,6,2933
667,6,2933
667,6,2933
667,6,2933
667,6,2933
667,6,2933
667,6,2933
667,6,2933
667,6,2933
667,6,2933
667,6,2933
667,6,2933
667,6,2933
667,6,2933
667,6,2933
667,6,2933
667,6,2933
667,6,2933
667,6,2933
667,6,2933
667,6,2933
682,6,2931
686,6,2933
684,6,2936
654,6,2940
683,6,2934
684,6,2935
686,6,2932
686,6,2932
686,6,2932
685,6,2935
669,6,2934
684,6,2940
682,8,2940
669,5,2933
669,5,2933
669,6,2933
669,6,2933
686,7,2929
685,7,2935
685,7,2935
685,7,2935
685,7,2935
688,7,2946
683,-4,2935
687,-1,2942
693,-2,2932
702,16,2905
702,16,2955
702,17,2927
702,17,2909
699,17,2936
640,14,2944
639,14,2940
633,13,2949
692,115,2913
692,115,2914
692,115,2926
692,115,2941
692,115,2952
692,115,2927
684,7,2932
684,6,2935
684,6,2936
689,6,2946
686,-4,2938
687,5,2944
687,28,2942
687,28,2942
687,28,2942
687,28,2942
687,28,2942
687,28,2942
687,28,2942
687,28,2942
687,28,2942
1106,56,2937
1109,56,2934
1144,55,2970
1208,53,3033
1265,53,3089
1267,55,3093
1269,54,3095
1233,49,3134
1174,53,3190
1114,54,3250
1108,52,3257
1108,52,3257
1108,52,3257
1108,52,3257
1108,52,3257
1108,52,3257
1108,52,3257
1108,52,3257
1108,52,3257
1108,52,3257
1108,52,3257
1108,52,3257
1108,52,3257
1108,52,3257
685,6,2929
685,6,2929
685,6,2929
685,6,2929
685,6,2929
685,6,2929
685,6,2929
685,6,2929
685,6,2929
685,7,2933
685,7,2933
685,7,2934
685,7,2934
684,7,2934
646,6,2942
684,6,2936
684,7,2931
685,7,2932
685,7,2932
673,6,2934
684,8,2927
685,6,2927
674,8,2936
673,6,2933
669,6,2933
668,6,2933
668,6,2933
668,6,2933
668,6,2933
668,6,2933
668,6,2933
668,6,2933
668,6,2933
668,6,2933
668,6,2933
668,6,2933
668,6,2933
668,6,2933
668,6,2933
668,6,2933
668,6,2933
668,6,2933
668,6,2933
668,6,2933
668,6,2933
668,6,2933
668,6,2933
668,6,2933
668,6,2933
668,6,2933
668,6,2933
668,6,2933
668,6,2933
668,6,2933
668,6,2933
668,6,2933
668,6,2933
668,6,2933
668,6,2933
668,6,2933
668,6,2933
668,6,2933
668,6,2933
668,6,2933
668,6,2933
668,6,2933
668,6,2933
668,6,2933
668,6,2933
668,6,2933
684,6,2927
684,6,2927
684,6,2927
684,6,2927
686,7,2933
685,7,2934
685,7,2926
684,6,2927
684,6,2927
685,8,2932
685,8,2932
685,8,2932
685,8,2932
685,8,2933
675,8,2938
675,8,2934
670,6,2933
685,6,2936
685,6,2936
672,6,2932
670,6,2932
686,7,2925
685,7,2931
657,-3,2938
655,-3,2936
654,-3,2935
666,-2,2942
654,-2,2933
653,-2,2933
666,-4,2943
654,-4,2930
679,-4,2942
688,0,2943
685,7,2926
685,7,2925
669,6,2933
686,6,2934
686,6,2934
686,6,2927
686,6,2927
667,6,2942
667,6,2942
667,6,2942
686,6,2934
686,6,2934
686,6,2934
686,6,2934
686,6,2934
686,6,2934
686,6,2934
686,6,2934
686,6,2934
686,6,2934
686,6,2934
686,6,2934
686,6,2934
686,6,2934
686,6,2934
686,6,2934
686,6,2934
686,6,2934
686,6,2934
686,6,2934
686,6,2934
686,6,2934
686,6,2934
686,6,2934
686,6,2934
686,6,2934
686,6,2934
686,6,2934
686,6,2934
686,6,2934
686,6,2934
686,6,2934
686,6,2934
686,6,2934
686,6,2934
686,6,2934
686,6,2934
686,6,2934
686,6,2934
686,6,2934
686,6,2934
686,6,2934
686,6,2934
686,6,2934
686,6,2934
686,6,2934
686,6,2934
686,6,2934
686,6,2934
686,6,2934
686,6,2934
696,17,2929
702,17,2910
702,17,2931
702,17,2949
703,17,2923
703,17,2905
654,15,2943
692,114,2925
692,114,2910
692,114,2921
693,114,2932
692,114,2944
692,114,2953
693,17,2929
678,17,2929
683,19,2942
691,17,2937
684,6,2936
684,6,2936
684,6,2936
684,6,2936
684,6,2936
683,7,2926
683,7,2926
683,7,2926
683,7,2926
683,7,2926
683,7,2926
683,7,2926
683,7,2926
683,7,2926
683,7,2926
683,7,2926
683,7,2926
683,7,2926
683,7,2926
683,7,2926
683,7,2926
683,7,2926
683,7,2926
683,7,2926
683,7,2926
683,7,2926
685,7,2933
685,7,2933
685,7,2933
685,7,2933
684,6,2935
644,6,2941
684,6,2935
685,7,2932
685,7,2932
684,7,2937
671,6,2933
686,6,2928
676,7,2939
671,6,2932
677,6,2941
684,6,2930
671,6,2933
679,6,2942
689,6,2942
684,8,2931
684,8,2931
684,8,2931
684,8,2931
684,8,2931
684,8,2931
684,8,2931
684,8,2931
684,8,2931
684,8,2931
684,8,2931
684,8,2931
684,8,2931
684,8,2931
684,8,2931
684,8,2931
684,8,2931
684,8,2931
684,8,2931
684,8,2931
684,8,2931
684,8,2931
684,8,2931
684,8,2931
684,8,2931
684,8,2931
684,8,2931
684,8,2931
684,8,2931
684,8,2931
684,8,2931
684,8,2931
684,8,2931
684,8,2931
684,8,2931
684,8,2931
684,8,2931
684,8,2931
684,8,2931
684,8,2931
684,8,2931
684,8,2931
684,8,2931
684,8,2931
684,8,2931
684,8,2931
684,8,2931
684,8,2931
684,8,2931
684,8,2931
684,8,2931
684,8,2931
684,8,2931
684,8,2931
684,8,2931
684,8,2931
685,6,2930
685,6,2930
685,6,2930
685,6,2930
685,6,2930
685,6,2930
685,6,2930
685,6,2930
685,6,2930
685,6,2930
685,6,2930
685,6,2930
685,6,2930
685,6,2930
685,6,2930
685,6,2930
685,6,2930
685,6,2930
685,6,2930
685,6,2930
685,6,2930
685,6,2930
685,6,2930
685,6,2930
685,6,2930
685,6,2930
685,6,2930
685,6,2930
685,6,2930
685,6,2930
685,6,2930
685,6,2930
685,6,2930
685,6,2930
685,6,2930
685,6,2930
685,6,2930
685,6,2930
685,6,2930
685,6,2930
685,6,2930
685,6,2930
685,6,2930
685,6,2930
685,6,2930
685,6,2930
685,6,2930
685,6,2930
685,6,2930
685,6,2930
685,6,2930
685,6,2930
685,6,2930
685,6,2930
685,6,2930
685,6,2930
685,6,2930
685,6,2930
685,6,2930
685,6,2930
685,6,2930
685,6,2930
685,6,2930
685,6,2930
685,6,2930
685,6,2930
685,6,2930
685,6,2936
685,6,2936
685,6,2936
685,6,2936
685,6,2936
685,6,2936
685,6,2936
685,6,2936
685,6,2936
685,6,2936
685,6,2936
685,6,2936
685,6,2936
685,6,2936
685,6,2936
685,6,2936
685,6,2936
685,6,2936
685,6,2936
685,6,2936
685,6,2936
685,6,2936
685,6,2936
685,6,2936
685,6,2936
685,6,2936
685,6,2936
685,6,2936
685,6,2936
685,6,2936
685,6,2936
685,6,2936
685,6,2936
685,6,2936
685,6,2936
685,6,2936
685,6,2936
685,6,2936
685,6,2936
685,6,2936
685,6,2936
685,6,2936
685,6,2936
685,6,2936
685,6,2936
685,6,2936
685,6,2936
685,6,2936
685,6,2936
685,6,2936
685,6,2936
685,6,2936
685,6,2936
685,6,2936
685,6,2936
685,6,2936
685,6,2936
685,6,2936
685,6,2936
685,6,2936
685,6,2936
685,6,2936
685,6,2936
685,6,2936
685,6,2936
685,6,2935
685,6,2935
685,6,2935
685,6,2935
685,6,2935
685,6,2935
685,6,2935
685,6,2935
685,6,2935
685,6,2935
685,6,2935
685,6,2935
685,6,2935
685,6,2935
685,6,2935
685,6,2935
685,6,2935
685,6,2935
685,6,2935
675,8,2939
679,6,2940
685,7,2936
672,6,2933
672,6,2933
674,6,2934
672,6,2933
672,6,2933
670,6,2933
671,6,2933
671,6,2933
671,6,2933
685,6,2938
693,17,2929
702,17,2918
702,17,2943
702,17,2910
702,17,2931
703,17,2951
702,17,2959
695,17,2948
685,7,2932
686,15,2948
692,114,2912
692,114,2918
692,114,2928
692,114,2937
692,114,2950
692,114,2954
681,17,2934
679,11,2888
626,6,2877
589,3,2841
590,2,2827
577,3,2824
563,2,2826
563,-15,2828
563,-15,2828
563,-29,2827
565,-37,2801
563,-28,2827
563,-12,2828
563,-7,2827
563,3,2827
563,-4,2827
563,3,2827
562,3,2826
562,3,2826
577,2,2821
574,23,2808
570,101,2810
572,100,2815
572,100,2815
572,100,2815
572,100,2815
572,100,2815
558,101,2811
558,101,2811
558,101,2811
563,100,2796
555,102,2803
555,102,2803
554,102,2802
572,99,2810
572,99,2796
558,101,2803
559,101,2813
571,99,2800
572,99,2805
573,99,2796
572,100,2804
573,100,2807
568,98,2794
565,100,2794
570,99,2795
568,99,2795
567,99,2796
567,99,2799
570,98,2801
568,100,2801
571,100,2805
569,100,2792
566,97,2792
572,99,2793
564,99,2793
572,99,2798
573,98,2797
573,99,2801
573,99,2805
573,99,2808
572,99,2805
570,100,2803
570,100,2803
570,100,2803
570,100,2803
569,101,2811
568,101,2814
568,100,2795
567,101,2799
566,101,2814
571,100,2809
573,100,2809
558,101,2812
558,101,2812
560,101,2816
559,101,2817
556,101,2823
557,100,2822
558,101,2812
557,101,2813
555,101,2815
560,101,2822
560,101,2822
558,101,2811
554,103,2811
554,102,2816
567,108,2815
562,108,2816
566,107,2817
566,107,2817
549,105,2820
555,101,2802
569,100,2801
569,100,2801
569,101,2814
558,101,2814
557,101,2816
557,101,2816
557,101,2816
557,101,2816
557,101,2816
557,101,2811
572,100,2816
685,6,2934
670,6,2933
674,6,2935
670,6,2932
683,7,2926
687,7,2943
653,-4,2930
684,-4,2943
684,-4,2943
686,6,2941
686,6,2941
684,6,2927
684,6,2927
685,6,2932
685,6,2935
686,6,2939
690,6,2925
690,7,2939
686,6,2933
684,6,2933
684,6,2933
685,6,2927
685,6,2927
685,6,2927
683,-3,2943
664,-3,2943
654,-4,2934
665,-4,2943
687,0,2943
670,6,2933
685,6,2938
685,6,2932
685,6,2932
685,6,2932
685,6,2932
685,6,2932
685,6,2932
685,6,2932
685,6,2932
685,6,2932
685,6,2932
685,6,2932
685,6,2932
685,6,2932
685,6,2932
685,6,2932
685,6,2932
685,6,2932
685,6,2932
685,6,2932
685,6,2932
685,6,2932
685,6,2932
685,6,2932
685,6,2932
685,6,2932
685,6,2932
685,6,2932
685,6,2932
685,6,2932
685,6,2932
685,6,2932
685,6,2932
685,6,2932
685,6,2932
685,6,2932
685,6,2932
685,6,2932
685,6,2932
685,6,2932
685,6,2932
685,6,2932
685,6,2932
685,6,2932
685,6,2932
685,6,2932
685,6,2932
685,6,2932
685,6,2932
685,6,2932
685,6,2932
685,6,2932
685,6,2932
685,6,2932
685,6,2932
685,6,2932
685,6,2932
685,6,2932
685,6,2932
685,6,2932
685,6,2932
685,6,2932
685,6,2932
685,6,2932
685,6,2932
685,6,2932
685,6,2932
685,6,2932
685,6,2932
685,6,2932
685,6,2932
685,6,2932
685,6,2932
685,6,2932
685,6,2932
685,6,2932
670,6,2933
670,6,2933
670,6,2933
670,6,2933
670,6,2933
670,6,2933
670,6,2933
670,6,2933
670,6,2933
670,6,2933
670,6,2933
670,6,2933
686,6,2935
684,7,2926
685,6,2939
669,6,2934
669,6,2934
669,6,2934
669,6,2934
669,6,2934
669,6,2934
669,6,2934
669,6,2934
669,6,2934
669,6,2934
669,6,2934
669,6,2934
669,6,2934
669,6,2934
669,6,2934
669,6,2934
669,6,2934
669,6,2934
669,6,2934
669,6,2934
669,6,2934
669,6,2934
669,6,2934
669,6,2934
669,6,2934
669,6,2934
669,6,2934
669,6,2934
669,6,2934
669,6,2934
669,6,2934
669,6,2934
669,6,2934
669,6,2934
669,6,2934
669,6,2934
669,6,2934
669,6,2934
669,6,2934
669,6,2934
669,6,2934
669,6,2934
669,6,2934
669,6,2934
669,6,2934
669,6,2934
669,6,2934
669,6,2934
669,6,2934
669,6,2934
669,6,2934
669,6,2934
669,6,2934
669,6,2934
669,6,2934
669,6,2934
669,6,2934
669,6,2934
669,6,2934
669,6,2934
669,6,2934
678,6,2942
684,6,2936
684,6,2936
684,6,2936
684,6,2936
684,6,2936
684,6,2936
683,6,2941
684,6,2940
684,6,2934
684,6,2934
684,6,2934
684,6,2934
684,6,2934
684,6,2934
684,6,2934
684,6,2934
684,6,2934
684,6,2934
684,6,2934
684,6,2934
684,6,2934
684,6,2934
684,6,2934
684,6,2934
684,6,2934
684,6,2934
684,6,2934
684,6,2934
684,6,2934
686,6,2929
685,6,2932
641,7,2932
682,6,2924
654,8,2935
659,6,2934
658,6,2934
658,6,2934
645,9,2929
643,7,2931
643,7,2931
663,6,2939
685,6,2933
685,6,2933
685,6,2933
685,6,2933
685,6,2933
685,6,2933
685,6,2933
685,6,2933
685,6,2933
685,6,2933
685,6,2933
685,6,2933
685,6,2933
685,6,2933
685,6,2933
685,6,2933
685,6,2933
685,6,2933
685,6,2933
685,6,2933
685,6,2933
685,6,2933
685,6,2933
960,67,3095
670,6,2933
670,6,2933
670,6,2933
670,6,2933
670,6,2933
670,6,2933
670,6,2933
670,6,2933
670,6,2933
670,6,2933
670,6,2933
670,6,2933
670,6,2933
670,6,2933
670,6,2933
670,6,2933
670,6,2933
670,6,2933
670,6,2933
670,6,2933
670,6,2933
670,6,2933
670,6,2933
670,6,2933
670,6,2933
670,6,2933
670,6,2933
670,6,2933
670,6,2933
670,6,2933
670,6,2933
670,6,2933
670,6,2933
670,6,2933
670,6,2933
670,6,2933
670,6,2933
670,6,2933
670,6,2933
670,6,2933
670,6,2933
670,6,2933
670,6,2933
670,6,2933
670,6,2933
670,6,2933
670,6,2933
670,6,2933
670,6,2933
670,6,2933
670,6,2933
670,6,2933
670,6,2933
670,6,2933
670,6,2933
670,6,2933
670,6,2933
670,6,2933
670,6,2933
670,6,2933
670,6,2933
670,6,2933
670,6,2933
685,6,2936
684,6,2936
684,6,2936
684,6,2936
684,6,2936
684,6,2936
684,6,2936
684,6,2936
684,6,2936
684,6,2936
684,6,2936
684,6,2936
684,6,2936
684,6,2936
684,6,2936
684,6,2936
684,6,2936
684,6,2936
684,6,2936
684,6,2936
684,6,2936
684,6,2936
684,6,2936
684,6,2936
684,6,2936
684,6,2936
684,6,2936
684,6,2936
684,6,2936
684,6,2936
684,6,2936
684,6,2936
684,6,2936
684,6,2936
684,6,2936
684,6,2936
684,6,2936
684,6,2936
684,6,2936
684,6,2936
684,6,2936
684,6,2936
684,6,2936
684,6,2936
684,6,2936
684,6,2936
684,6,2936
684,6,2936
684,6,2936
684,6,2936
684,6,2936
684,6,2936
684,6,2936
684,6,2936
685,6,2934
685,6,2934
685,6,2934
684,8,2926
685,8,2932
684,6,2934
687,2,2943
674,6,2933
671,6,2933
679,6,2941
694,17,2929
702,17,2929
701,17,2927
702,17,2926
702,17,2935
702,17,2941
698,17,2948
699,17,2938
645,17,2945
639,15,2943
639,15,2943
685,5,2929
692,114,2925
692,114,2912
692,114,2918
692,114,2929
692,114,2940
692,115,2953
692,115,2910
692,115,2932
692,115,2924
684,23,2941
685,6,2929
685,6,2929
685,6,2929
685,6,2929
685,6,2929
685,6,2929
684,6,2937
684,6,2934
666,6,2938
666,6,2938
662,6,2939
662,6,2940
684,6,2935
685,7,2931
686,7,2932
685,7,2933
685,7,2932
685,7,2932
683,7,2938
666,8,2942
658,7,2938
659,7,2939
659,7,2937
657,7,2939
684,7,2934
685,7,2932
685,7,2932
685,7,2932
685,7,2932
672,7,2940
657,7,2936
657,7,2937
659,9,2940
668,7,2940
684,7,2932
685,7,2932
685,7,2932
685,7,2932
685,7,2932
684,7,2935
685,7,2931
685,7,2931
685,7,2931
684,7,2934
669,6,2933
685,6,2936
685,6,2926
683,8,2936
671,6,2933
674,6,2934
671,6,2932
671,6,2932
671,6,2932
671,6,2932
671,6,2932
671,6,2932
671,6,2932
671,6,2932
671,6,2932
671,6,2932
671,6,2932
671,6,2932
671,6,2932
671,6,2932
671,6,2932
671,6,2932
671,6,2932
671,6,2932
671,6,2932
671,6,2932
671,6,2932
671,6,2932
671,6,2932
671,6,2932
671,6,2932
671,6,2932
671,6,2932
671,6,2932
671,6,2932
671,6,2932
671,6,2932
671,6,2932
671,6,2932
671,6,2932
671,6,2932
671,6,2932
671,6,2932
671,6,2932
671,6,2932
671,6,2932
671,6,2932
671,6,2932
671,6,2932
671,6,2932
671,6,2932
671,6,2932
671,6,2932
671,6,2932
671,6,2932
671,6,2932
671,6,2932
671,6,2932
671,6,2932
671,6,2932
671,6,2932
671,6,2932
671,6,2932
671,6,2932
671,6,2932
671,6,2932
671,6,2932
671,6,2932
671,6,2932
671,6,2932
671,6,2932
671,6,2932
671,6,2932
671,6,2932
671,6,2932
671,6,2932
671,6,2932
671,6,2932
671,6,2932
671,6,2932
671,6,2932
671,6,2932
671,6,2932
671,6,2932
671,6,2932
671,6,2932
671,6,2932
671,6,2932
671,6,2932
671,6,2932
671,6,2932
671,6,2932
671,6,2932
671,6,2932
671,6,2932
671,6,2932
671,6,2932
671,6,2932
671,6,2932
671,6,2932
671,6,2932
671,6,2932
671,6,2932
671,6,2932
671,6,2932
671,6,2932
671,6,2932
671,6,2932
671,6,2932
671,6,2932
671,6,2932
671,6,2932
671,6,2932
671,6,2932
671,6,2932
671,6,2932
671,6,2932
671,6,2932
671,6,2932
671,6,2932
671,6,2932
671,6,2932
671,6,2932
671,6,2932
671,6,2932
671,6,2932
671,6,2932
671,6,2932
671,6,2932
671,6,2932
671,6,2932
671,6,2932
671,6,2932
671,6,2932
671,6,2932
671,6,2932
671,6,2932
671,6,2932
671,6,2932
671,6,2932
671,6,2932
671,6,2932
671,6,2932
671,6,2932
671,6,2932
671,6,2932
671,6,2932
671,6,2932
671,6,2932
671,6,2932
671,6,2932
671,6,2932
671,6,2932
671,6,2932
671,6,2932
671,6,2932
671,6,2932
671,6,2932
671,6,2932
671,6,2932
671,6,2932
671,6,2932
671,6,2932
671,6,2932
671,6,2932
671,6,2932
671,6,2932
671,6,2932
671,6,2932
671,6,2932
671,6,2932
671,6,2932
671,6,2932
671,6,2932
671,6,2932
671,6,2932
671,6,2932
671,6,2932
671,6,2932
671,6,2932
671,6,2932
671,6,2932
671,6,2932
671,6,2932
671,6,2932
671,6,2932
671,6,2932
671,6,2932
671,6,2932
671,6,2932
671,6,2932
671,6,2932
671,6,2932
671,6,2932
671,6,2932
671,6,2932
671,6,2932
671,6,2932
671,6,2932
671,6,2932
671,6,2932
671,6,2932
671,6,2932
671,6,2932
671,6,2932
671,6,2932
671,6,2932
671,6,2932
671,6,2932
671,6,2932
671,6,2932
671,6,2932
671,6,2932
671,6,2932
671,6,2932
671,6,2932
671,6,2932
671,6,2932
671,6,2932
671,6,2932
671,6,2932
671,6,2932
671,6,2932
671,6,2932
671,6,2932
671,6,2932
671,6,2932
671,6,2932
671,6,2932
671,6,2932
671,6,2932
671,6,2932
671,6,2932
671,6,2932
671,6,2932
671,6,2932
671,6,2932
671,6,2932
671,6,2932
671,6,2932
671,6,2932
671,6,2932
671,6,2932
671,6,2932
671,6,2932
671,6,2932
671,6,2932
671,6,2932
671,6,2932
671,6,2932
671,6,2932
671,6,2932
671,6,2932
671,6,2932
671,6,2932
671,6,2932
671,6,2932
671,6,2932
671,6,2932
970,79,3095
1173,79,3021
672,6,2932
672,6,2932
672,6,2932
672,6,2932
672,6,2932
672,6,2932
672,6,2932
672,6,2932
672,6,2932
672,6,2932
672,6,2932
672,6,2932
672,6,2932
672,6,2932
672,6,2932
672,6,2932
672,6,2932
672,6,2932
672,6,2932
672,6,2932
672,6,2932
672,6,2932
672,6,2932
672,6,2932
672,6,2932
672,6,2932
672,6,2932
672,6,2932
672,6,2932
672,6,2932
672,6,2932
672,6,2932
672,6,2932
672,6,2932
672,6,2932
672,6,2932
672,6,2932
672,6,2932
672,6,2932
672,6,2932
672,6,2932
672,6,2932
672,6,2932
672,6,2932
672,6,2932
672,6,2932
672,6,2932
672,6,2932
672,6,2932
672,6,2932
672,6,2932
672,6,2932
672,6,2932
672,6,2932
672,6,2932
672,6,2932
672,6,2932
672,6,2932
672,6,2932
672,6,2932
672,6,2932
672,6,2932
672,6,2932
672,6,2932
672,6,2932
672,6,2932
672,6,2932
672,6,2932
672,6,2932
672,6,2932
672,6,2932
672,6,2932
672,6,2932
672,6,2932
672,6,2932
672,6,2932
672,6,2932
672,6,2932
672,6,2932
672,6,2932
672,6,2932
672,6,2932
672,6,2932
672,6,2932
672,6,2932
672,6,2932
672,6,2932
672,6,2932
672,6,2932
672,6,2932
672,6,2932
672,6,2932
684,7,2938
685,7,2925
685,5,2935
684,5,2936
684,6,2936
684,6,2936
685,6,2937
685,6,2934
684,6,2935
684,6,2935
684,6,2935
686,6,2928
686,6,2928
685,6,2928
685,6,2931
674,6,2938
669,6,2933
669,6,2933
669,6,2933
686,8,2934
683,5,2935
683,5,2935
657,6,2934
656,6,2933
656,6,2933
656,6,2933
645,6,2933
683,6,2939
684,6,2940
673,6,2934
668,6,2933
686,6,2938
687,6,2938
687,6,2938
687,6,2938
685,6,2938
685,6,2938
685,6,2938
685,6,2938
678,6,2939
922,28,3093
970,76,3094
977,82,3092
1000,82,3069
1088,85,2983
1109,86,2964
1118,82,2969
1210,85,3067
1235,86,3092
1237,86,3094
1177,84,3157
1111,84,3221
1108,84,3224
1069,83,3188
1007,83,3126
976,81,3096
977,81,3096
976,81,3096
976,82,3096
976,82,3096
976,82,3096
976,82,3096
976,82,3096
976,82,3096
976,82,3096
976,82,3096
976,82,3096
976,82,3096
976,82,3096
976,82,3096
976,82,3096
976,82,3096
976,82,3096
976,82,3096
976,82,3096
976,82,3096
976,82,3096
976,82,3096
976,82,3096
976,82,3096
976,82,3096
976,82,3096
977,84,3095
978,85,3097
979,88,3096
980,88,3096
978,87,3093
987,86,3085
1043,85,3029
1098,85,2975
1105,88,2968
1107,88,2967
1125,84,2980
1179,84,3034
1233,88,3090
1234,87,3092
1236,87,3094
1203,83,3132
1144,87,3188
1110,85,3221
1109,85,3222
1096,81,3216
1038,82,3157
981,82,3100
978,83,3097
978,83,3097
978,83,3097
978,83,3097
978,83,3097
978,83,3097
978,83,3097
978,83,3097
978,83,3097
978,83,3097
978,83,3097
978,83,3097
978,83,3097
978,83,3097
978,83,3097
978,83,3097
978,83,3097
978,83,3097
978,83,3097
978,83,3097
978,83,3097
978,83,3097
978,83,3097
978,85,3097
976,86,3095
978,86,3096
979,89,3096
979,89,3092
981,89,3093
981,89,3093
981,89,3093
981,89,3093
981,89,3093
988,87,3086
1042,88,3032
1102,89,2974
1107,89,2969
1109,89,2968
1166,85,3022
1220,86,3076
1233,88,3092
1235,88,3094
1187,84,3146
1126,84,3207
1110,87,3220
1108,87,3223
1071,84,3189
1017,84,3135
979,84,3096
979,84,3096
979,84,3096
979,84,3096
979,84,3096
979,84,3096
979,84,3096
979,84,3096
979,84,3096
979,84,3096
979,84,3096
979,84,3096
979,84,3096
979,84,3096
979,84,3096
979,84,3096
979,84,3096
979,84,3096
979,84,3096
979,84,3096
979,84,3096
979,84,3096
979,84,3096
979,84,3096
979,84,3096
979,87,3095
981,89,3096
981,89,3096
978,89,3096
982,89,3095
980,90,3092
990,88,3084
1049,87,3025
1106,90,2971
1106,90,2970
1108,89,2968
1147,89,3007
1208,89,3067
1232,89,3092
1232,89,3092
1234,89,3094
1205,85,3127
1145,86,3186
1110,88,3219
1110,88,3219
1108,88,3221
1076,85,3193
1014,84,3131
980,85,3096
980,85,3096
980,85,3096
980,85,3096
980,85,3096
980,85,3096
980,85,3096
980,85,3096
980,85,3096
980,85,3096
980,85,3096
980,84,3096
980,84,3096
980,84,3096
980,84,3096
980,85,3096
980,85,3096
980,85,3096
980,85,3096
980,85,3096
980,85,3096
980,85,3096
980,85,3096
980,84,3096
980,84,3096
980,84,3096
980,85,3096
980,85,3096
980,85,3096
980,84,3096
980,84,3096
980,84,3096
980,85,3096
980,85,3096
980,85,3096
980,85,3096
980,85,3096
980,85,3096
980,85,3096
980,85,3096
980,85,3096
980,85,3096
980,85,3096
980,85,3096
980,85,3096
980,85,3096
980,85,3096
980,85,3096
980,85,3096
980,85,3096
980,85,3096
980,85,3096
980,85,3096
980,85,3096
980,85,3096
980,85,3096
980,85,3096
980,85,3096
980,85,3096
980,85,3096
980,85,3096
980,85,3096
980,85,3096
980,85,3096
980,85,3096
980,85,3096
980,85,3096
980,85,3096
980,85,3096
980,85,3096
980,85,3096
980,85,3096
980,85,3096
980,85,3096
980,85,3096
980,85,3096
980,85,3096
980,85,3096
980,85,3096
980,85,3096
980,85,3096
980,85,3096
980,85,3096
980,85,3096
980,85,3096
980,85,3096
980,85,3096
980,85,3096
980,85,3096
980,85,3096
980,85,3096
980,85,3096
980,85,3096
980,85,3096
980,85,3096
980,85,3096
980,85,3096
980,85,3096
980,85,3096
980,85,3096
980,85,3096
980,85,3096
980,85,3096
980,85,3096
980,85,3096
980,85,3096
980,85,3096
980,85,3096
980,85,3096
980,85,3096
980,85,3096
980,85,3096
980,85,3096
980,85,3096
980,85,3096
980,85,3096
980,85,3096
980,85,3096
980,85,3096
980,85,3096
980,85,3096
980,85,3096
980,85,3096
980,85,3096
980,85,3096
980,85,3096
980,85,3096
980,85,3096
980,85,3096
980,85,3096
980,85,3096
980,85,3096
980,85,3096
980,85,3096
980,85,3096
983,90,3096
983,91,3092
981,89,3094
981,89,3094
1003,88,3072
1059,88,3016
1107,91,2971
1108,91,2970
1117,89,2976
1165,87,3023
1209,89,3069
1231,90,3091
1233,90,3094
1201,88,3128
1147,88,3181
1110,89,3218
1110,89,3218
1105,88,3220
1048,87,3163
987,87,3102
984,88,3097
982,88,3095
979,87,3095
979,86,3095
979,86,3095
979,86,3095
979,86,3095
979,86,3095
979,86,3095
979,86,3095
979,86,3095
979,86,3095
979,86,3095
979,86,3095
979,86,3095
979,86,3095
979,86,3095
979,86,3095
979,86,3095
979,86,3095
979,86,3095
979,86,3095
979,86,3095
979,86,3095
979,86,3095
979,86,3095
979,86,3095
979,86,3095
979,86,3095
979,86,3095
979,86,3095
979,86,3095
979,86,3095
979,86,3095
979,86,3095
979,86,3095
979,86,3095
979,86,3095
979,86,3095
979,86,3095
684,6,2934
684,6,2934
684,6,2934
683,6,2936
684,6,2932
693,17,2929
702,17,2922
702,17,2948
702,17,2921
696,17,2925
639,15,2943
652,14,2943
692,114,2911
692,114,2917
692,115,2926
692,115,2940
692,115,2946
692,115,2953
687,6,2933
685,6,2934
684,8,2935
686,8,2933
686,6,2935
686,6,2936
669,6,2933
683,7,2926
684,7,2928
675,6,2942
641,6,2927
640,6,2927
659,6,2932
680,6,2940
683,6,2936
685,6,2927
675,-2,2942
662,-4,2936
656,-4,2938
647,-3,2940
682,-4,2943
687,-12,2943
683,7,2940
685,7,2935
681,6,2941
681,6,2941
681,6,2941
681,6,2941
681,6,2941
681,6,2941
681,6,2941
681,6,2941
681,6,2941
681,6,2941
681,6,2941
681,6,2941
681,6,2941
681,6,2941
681,6,2941
681,6,2941
681,6,2941
681,6,2941
685,6,2938
684,9,2939
670,6,2933
674,6,2935
670,6,2933
683,7,2926
685,7,2925
686,6,2927
686,6,2927
686,6,2927
686,6,2927
686,6,2927
686,6,2927
686,6,2926
686,6,2926
686,6,2926
685,6,2927
685,6,2927
685,6,2927
685,6,2927
685,6,2927
685,6,2927
684,6,2940
685,6,2935
678,6,2939
684,6,2934
684,6,2934
674,6,2935
642,6,2926
642,6,2926
640,6,2928
640,6,2928
683,6,2940
685,6,2928
690,6,2928
686,6,2934
686,6,2934
686,6,2934
686,6,2936
685,6,2929
684,6,2937
668,6,2934
668,6,2934
668,6,2934
668,6,2934
668,6,2934
668,6,2934
668,6,2934
668,6,2934
668,6,2934
668,6,2934
668,6,2934
668,6,2934
668,6,2934
668,6,2934
668,6,2934
668,6,2934
668,6,2934
668,6,2934
668,6,2934
668,6,2934
668,6,2934
668,6,2934
668,6,2934
668,6,2934
668,6,2934
668,6,2934
668,6,2934
668,6,2934
668,6,2934
668,6,2934
668,6,2934
668,6,2934
668,6,2934
668,6,2934
668,6,2934
668,6,2934
668,6,2934
668,6,2934
668,6,2934
668,6,2934
668,6,2934
668,6,2934
668,6,2934
668,6,2934
668,6,2934
668,6,2934
668,6,2934
668,6,2934
668,6,2934
668,6,2934
668,6,2934
668,6,2934
668,6,2934
668,6,2934
668,6,2934
668,6,2934
668,6,2934
668,6,2934
668,6,2934
668,6,2934
668,6,2934
668,6,2934
668,6,2934
668,6,2934
668,6,2934
668,6,2934
668,6,2934
668,6,2934
668,6,2934
668,6,2934
668,6,2934
668,6,2934
668,6,2934
668,6,2934
668,6,2934
668,6,2934
668,6,2934
668,6,2934
668,6,2934
668,6,2934
668,6,2934
668,6,2934
668,6,2934
668,6,2934
668,6,2934
668,6,2934
668,6,2934
668,6,2934
668,6,2934
668,6,2934
668,6,2934
668,6,2934
668,6,2934
668,6,2934
668,6,2934
668,6,2934
668,6,2934
668,6,2934
668,6,2934
668,6,2934
668,6,2934
668,6,2934
668,6,2934
668,6,2934
668,6,2934
668,6,2934
668,6,2934
668,6,2934
668,6,2934
668,6,2934
668,6,2934
668,6,2934
668,6,2934
668,6,2934
668,6,2934
668,6,2934
668,6,2934
668,6,2934
668,6,2934
668,6,2934
668,6,2934
668,6,2934
668,6,2934
668,6,2934
684,8,2926
663,-4,2943
665,-4,2943
654,-4,2932
655,-4,2935
667,-4,2942
655,-4,2937
653,-4,2931
666,-4,2943
686,8,2932
684,8,2925
685,6,2926
685,7,2927
685,7,2936
685,6,2928
685,6,2928
685,6,2928
685,6,2928
685,6,2928
685,6,2928
685,6,2928
685,6,2928
685,6,2928
685,6,2928
685,6,2928
685,6,2928
685,6,2928
685,6,2928
685,6,2928
685,6,2928
685,6,2928
685,6,2928
685,6,2928
685,6,2928
685,6,2928
685,6,2928
685,6,2928
685,6,2928
685,6,2928
685,6,2928
685,6,2928
685,6,2928
685,6,2928
685,6,2928
685,6,2928
685,6,2928
685,6,2928
685,6,2928
685,6,2928
685,6,2928
685,6,2928
685,6,2928
685,6,2928
685,6,2928
685,6,2928
685,6,2928
685,6,2928
685,6,2928
685,6,2928
685,6,2928
685,6,2928
685,6,2928
685,6,2928
685,6,2928
685,6,2928
685,6,2928
685,6,2928
685,6,2928
685,6,2928
685,6,2928
685,6,2928
685,6,2928
685,6,2928
685,6,2928
685,6,2928
685,6,2928
685,6,2928
685,6,2928
685,6,2928
685,6,2928
685,6,2928
685,6,2928
685,6,2928
685,6,2928
685,6,2928
685,6,2928
685,6,2928
685,6,2928
685,6,2928
685,6,2928
685,6,2928
685,6,2928
685,6,2928
685,6,2928
685,6,2928
685,6,2928
685,6,2928
685,6,2928
685,6,2928
685,6,2928
685,6,2928
685,6,2928
685,6,2928
685,6,2928
685,6,2928
685,6,2928
685,6,2928
685,6,2928
685,6,2928
685,6,2928
685,6,2928
685,6,2928
685,6,2928
685,6,2928
685,6,2928
685,6,2928
685,6,2928
685,6,2928
685,6,2928
685,6,2928
685,6,2928
685,6,2928
685,6,2928
685,6,2928
685,6,2928
685,6,2928
685,6,2928
685,6,2928
685,6,2928
685,6,2928
685,6,2928
685,6,2928
685,6,2928
685,6,2928
685,6,2928
685,6,2928
685,6,2928
685,6,2928
685,6,2928
685,6,2928
685,6,2928
685,6,2928
685,6,2928
685,6,2928
685,6,2928
685,6,2928
685,6,2928
685,6,2928
685,6,2928
685,6,2928
685,6,2928
685,6,2928
685,6,2928
685,6,2928
685,6,2928
685,6,2928
685,6,2928
685,6,2928
685,6,2928
685,6,2928
685,6,2928
685,6,2928
685,6,2928
685,6,2928
685,6,2928
685,6,2928
685,6,2928
685,6,2928
685,6,2928
685,6,2928
685,6,2928
685,6,2928
685,6,2928
685,6,2928
685,6,2928
685,6,2928
685,6,2928
685,6,2928
685,6,2928
685,6,2928
685,6,2928
685,6,2928
685,6,2928
685,6,2928
685,6,2928
685,6,2928
685,6,2928
685,6,2928
685,6,2928
685,6,2928
685,6,2928
685,6,2928
685,6,2928
685,6,2928
685,6,2928
685,6,2928
685,6,2928
684,6,2927
671,6,2933
684,6,2935
684,6,2935
684,6,2935
684,6,2935
684,6,2935
684,6,2936
684,6,2936
671,6,2933
671,6,2933
671,6,2933
671,6,2933
671,6,2933
671,6,2933
671,6,2933
671,6,2933
671,6,2933
671,6,2933
671,6,2933
671,6,2933
671,6,2933
671,6,2933
671,6,2933
671,6,2933
671,6,2933
671,6,2933
671,6,2933
671,6,2933
671,6,2933
671,6,2933
671,6,2933
671,6,2933
671,6,2933
671,6,2933
671,6,2933
671,6,2933
671,6,2933
671,6,2933
671,6,2933
671,6,2933
671,6,2933
671,6,2933
671,6,2933
671,6,2933
671,6,2933
671,6,2933
671,6,2933
671,6,2933
671,6,2933
671,6,2933
671,6,2933
671,6,2933
671,6,2933
671,6,2933
671,6,2933
671,6,2933
671,6,2933
671,6,2933
671,6,2933
671,6,2933
671,6,2933
671,6,2933
671,6,2933
671,6,2933
671,6,2933
671,6,2933
671,6,2933
671,6,2933
671,6,2933
671,6,2933
671,6,2933
671,6,2933
671,6,2933
671,6,2933
671,6,2933
671,6,2933
671,6,2933
671,6,2933
671,6,2933
671,6,2933
671,6,2933
671,6,2933
671,6,2933
671,6,2933
671,6,2933
671,6,2933
671,6,2933
671,6,2933
671,6,2933
671,6,2933
671,6,2933
671,6,2933
671,6,2933
671,6,2933
671,6,2933
671,6,2933
671,6,2933
671,6,2933
671,6,2933
671,6,2933
671,6,2933
671,6,2933
671,6,2933
671,6,2933
671,6,2933
671,6,2933
671,6,2933
671,6,2933
671,6,2933
671,6,2933
671,6,2933
671,6,2933
671,6,2933
671,6,2933
671,6,2933
671,6,2933
671,6,2933
671,6,2933
671,6,2933
671,6,2933
671,6,2933
671,6,2933
671,6,2933
671,6,2933
671,6,2933
671,6,2933
671,6,2933
671,6,2933
671,6,2933
671,6,2933
671,6,2933
671,6,2933
671,6,2933
671,6,2933
671,6,2933
671,6,2933
671,6,2933
671,6,2933
671,6,2933
671,6,2933
671,6,2933
671,6,2933
671,6,2933
671,6,2933
671,6,2933
671,6,2933
671,6,2933
671,6,2933
671,6,2933
671,6,2933
671,6,2933
671,6,2933
671,6,2933
671,6,2933
671,6,2933
671,6,2933
671,6,2933
671,6,2933
671,6,2933
671,6,2933
671,6,2933
671,6,2933
671,6,2933
671,6,2933
671,6,2933
671,6,2933
671,6,2933
671,6,2933
671,6,2933
671,6,2933
671,6,2933
671,6,2933
671,6,2933
671,6,2933
671,6,2933
671,6,2933
671,6,2933
671,6,2933
671,6,2933
671,6,2933
671,6,2933
671,6,2933
671,6,2933
671,6,2933
671,6,2933
671,6,2933
671,6,2933
671,6,2933
671,6,2933
671,6,2933
671,6,2933
671,6,2933
671,6,2933
671,6,2933
671,6,2933
671,6,2933
671,6,2933
671,6,2933
671,6,2933
671,6,2933
671,6,2933
671,6,2933
671,6,2933
671,6,2933
671,6,2933
671,6,2933
671,6,2933
671,6,2933
671,6,2933
671,6,2933
671,6,2933
671,6,2933
671,6,2933
671,6,2933
671,6,2933
671,6,2933
671,6,2933
671,6,2933
671,6,2933
671,6,2933
671,6,2933
671,6,2933
671,6,2933
671,6,2933
671,6,2933
671,6,2933
671,6,2933
671,6,2933
671,6,2933
671,6,2933
671,6,2933
671,6,2933
671,6,2933
671,6,2933
671,6,2933
671,6,2933
671,6,2933
671,6,2933
671,6,2933
684,8,2927
685,8,2933
684,8,2935
685,6,2932
674,0,2933
685,6,2929
685,6,2929
685,6,2929
685,6,2929
685,6,2929
685,6,2929
685,6,2929
685,6,2929
685,6,2929
685,6,2929
685,6,2929
685,6,2929
685,6,2929
685,6,2929
685,6,2929
685,6,2929
685,6,2929
685,6,2929
685,6,2929
685,6,2929
685,6,2929
685,6,2929
685,6,2929
685,6,2929
685,6,2929
685,6,2929
685,6,2929
685,6,2929
685,6,2929
685,6,2929
685,6,2929
685,6,2929
685,6,2929
685,6,2929
685,6,2929
685,6,2929
685,6,2929
685,6,2929
685,6,2929
685,6,2929
685,6,2929
685,6,2929
685,6,2929
685,6,2929
685,6,2929
685,6,2929
685,6,2929
685,6,2929
685,6,2929
685,6,2929
685,6,2929
685,6,2929
685,6,2929
685,6,2929
685,6,2929
685,6,2929
685,6,2929
685,6,2929
685,6,2929
685,6,2929
685,6,2929
685,6,2929
685,6,2929
685,6,2929
685,6,2929
685,6,2929
685,6,2929
685,6,2929
685,6,2929
685,6,2929
685,6,2929
685,6,2929
685,6,2929
685,6,2929
685,6,2929
685,6,2929
685,6,2929
685,6,2929
685,6,2929
685,6,2929
685,6,2929
685,6,2929
685,6,2929
685,6,2929
685,6,2929
685,6,2929
685,6,2929
685,6,2929
685,6,2929
685,6,2929
685,6,2929
685,6,2929
685,6,2929
685,6,2929
685,6,2929
685,6,2929
685,6,2929
685,6,2929
685,6,2929
685,6,2929
685,6,2929
685,6,2929
685,6,2929
685,6,2929
685,6,2929
685,6,2929
685,6,2929
685,6,2929
685,6,2929
685,6,2929
685,6,2929
685,6,2929
685,6,2929
685,6,2929
685,6,2929
685,6,2929
685,6,2929
685,6,2929
685,6,2929
685,6,2929
685,6,2929
685,6,2929
685,6,2929
685,6,2929
685,6,2929
685,6,2929
685,6,2929
685,6,2929
685,6,2929
685,6,2929
685,6,2929
685,6,2929
685,6,2929
685,6,2929
685,6,2929
685,6,2929
685,6,2929
685,6,2929
685,6,2929
685,6,2929
685,6,2929
685,6,2929
685,6,2929
685,6,2929
685,6,2929
685,6,2929
685,6,2929
685,6,2929
685,6,2929
685,6,2929
685,6,2929
685,6,2929
685,6,2929
685,6,2929
685,6,2929
685,6,2929
685,6,2929
685,6,2929
685,6,2929
685,6,2929
685,6,2929
685,6,2929
685,6,2929
685,6,2929
685,6,2929
685,6,2929
685,6,2929
685,6,2929
685,6,2929
685,6,2929
685,6,2929
685,6,2929
685,6,2929
685,6,2929
685,6,2929
685,6,2929
685,6,2929
685,6,2929
685,6,2929
685,6,2929
685,6,2929
685,6,2929
685,6,2929
685,6,2929
685,6,2929
685,6,2929
685,6,2929
685,6,2929
685,6,2929
685,6,2929
685,6,2929
685,6,2929
685,6,2929
685,6,2929
685,6,2929
685,6,2929
685,6,2929
685,6,2929
685,6,2929
685,6,2929
685,6,2929
685,6,2929
685,6,2929
685,6,2929
685,6,2929
685,6,2929
685,6,2929
685,6,2929
685,6,2929
685,6,2929
685,6,2929
685,6,2929
685,6,2929
685,6,2929
685,6,2929
685,6,2929
685,6,2929
685,6,2929
685,6,2929
685,6,2929
685,6,2929
685,6,2929
685,6,2929
685,6,2929
685,6,2929
685,6,2929
685,6,2929
685,6,2929
685,6,2929
685,6,2929
685,6,2929
685,6,2929
685,6,2929
685,6,2929
685,6,2929
685,6,2929
685,6,2929
685,6,2929
685,6,2929
685,6,2929
685,6,2929
685,6,2929
685,6,2929
685,6,2929
685,6,2929
685,6,2929
685,6,2929
685,6,2929
685,6,2929
685,6,2929
685,6,2929
685,6,2929
685,6,2929
685,6,2929
685,6,2929
685,6,2929
685,6,2929
685,6,2929
685,6,2929
685,6,2929
685,6,2929
685,6,2929
685,6,2929
685,6,2929
685,6,2929
685,6,2929
685,6,2929
685,6,2929
685,6,2929
685,6,2929
685,6,2929
685,6,2929
685,6,2929
685,6,2929
685,6,2929
685,6,2929
685,6,2929
685,6,2929
685,6,2929
685,6,2929
685,6,2929
685,6,2929
685,6,2929
685,6,2929
685,6,2929
685,6,2929
685,6,2929
685,6,2929
685,6,2929
685,6,2929
685,6,2929
685,6,2929
685,6,2929
685,6,2929
685,6,2929
685,6,2929
685,6,2929
685,6,2929
685,6,2929
685,6,2929
685,6,2929
685,6,2929
685,6,2929
685,6,2929
685,6,2929
685,6,2929
685,6,2929
685,6,2929
685,6,2929
685,6,2929
685,6,2929
685,6,2929
685,6,2929
685,6,2929
685,6,2929
685,6,2929
685,6,2929
685,6,2929
685,6,2929
685,6,2929
685,6,2929
685,6,2929
685,6,2929
685,6,2929
685,6,2929
685,6,2929
685,6,2929
685,6,2929
685,6,2929
685,6,2929
685,6,2929
685,6,2929
685,6,2929
685,6,2929
685,6,2929
685,6,2929
685,6,2929
685,6,2929
685,6,2929
685,6,2929
685,6,2929
685,6,2929
685,6,2929
946,53,3093
949,55,3093
949,55,3093
949,55,3093
949,55,3093
949,55,3093
949,55,3093
949,55,3093
949,55,3093
949,55,3093
981,87,3096
982,87,3096
982,87,3096
982,87,3096
982,87,3096
982,87,3096
982,87,3096
981,85,3097
982,87,3096
981,87,3096
984,93,3095
986,93,3092
986,93,3092
986,93,3092
986,92,3092
986,92,3092
986,92,3092
986,92,3092
986,92,3092
982,92,3094
986,93,3093
985,93,3091
979,90,3095
984,93,3093
987,93,3089
990,89,3085
1077,91,3000
1107,92,2972
1109,92,2971
1110,92,2971
1110,92,2971
1110,92,2971
1108,92,2971
1143,88,3002
1231,91,3093
1232,91,3093
1233,89,3097
1233,91,3095
1233,91,3095
1234,91,3096
1234,91,3096
1234,91,3096
1233,91,3093
1231,91,3093
1232,90,3096
1152,90,3175
1107,89,3219
1109,88,3220
1109,89,3221
1108,89,3222
1107,90,3222
1107,90,3222
1107,90,3222
1107,90,3222
1112,90,3218
1109,90,3219
1107,89,3220
1097,86,3212
1041,88,3155
982,87,3096
982,87,3096
982,87,3096
982,87,3096
982,87,3096
982,87,3096
982,87,3096
982,87,3096
982,87,3096
982,87,3096
982,87,3096
982,87,3096
982,87,3096
982,87,3096
982,87,3096
982,87,3096
982,87,3096
982,87,3096
982,87,3096
982,87,3096
982,87,3096
982,87,3096
982,87,3096
982,89,3095
983,92,3096
983,93,3096
983,93,3096
983,93,3096
998,91,3079
1052,92,3026
1104,92,2974
1105,91,2973
1107,91,2971
1141,90,3002
1194,90,3055
1230,92,3092
1233,91,3095
1232,91,3094
1187,88,3142
1128,88,3201
1110,91,3216
1108,91,3218
1107,91,3218
1050,88,3163
992,87,3106
984,88,3097
984,88,3097
984,88,3097
984,88,3097
984,88,3097
984,88,3097
984,88,3097
984,88,3097
984,88,3097
984,87,3097
984,87,3097
984,87,3097
984,87,3097
984,87,3097
984,88,3097
984,88,3097
984,88,3097
984,88,3097
984,88,3097
984,88,3097
984,88,3097
984,88,3097
984,88,3097
983,90,3095
983,90,3095
984,92,3095
985,93,3095
985,94,3095
984,92,3093
1037,92,3042
1095,94,2985
1106,93,2975
1106,94,2975
1109,93,2971
1130,92,2992
1195,91,3057
1228,93,3092
1092,89,3205
1041,89,3153
985,89,3098
984,89,3096
984,89,3096
984,89,3096
984,89,3096
984,89,3096
984,89,3096
984,89,3096
984,89,3096
984,89,3096
984,89,3096
984,89,3096
984,89,3096
984,89,3096
984,89,3096
984,89,3096
984,89,3096
984,89,3096
984,89,3096
984,89,3096
984,89,3096
984,89,3096
984,89,3096
984,91,3096
986,94,3095
986,95,3095
983,92,3095
983,92,3095
984,92,3093
1037,93,3042
1095,94,2985
1105,95,2976
1108,95,2973
1140,91,3002
1199,94,3063
1228,93,3093
1229,93,3094
1208,90,3119
1144,93,3181
1110,93,3214
1108,93,3216
1083,89,3196
1027,88,3139
986,89,3098
986,89,3098
986,89,3098
986,89,3098
986,89,3098
986,89,3098
986,89,3098
986,89,3098
986,89,3098
986,89,3098
986,89,3098
986,89,3098
986,89,3098
986,89,3098
986,89,3098
986,89,3098
986,89,3098
986,89,3098
986,89,3098
986,89,3098
986,89,3098
986,89,3098
986,89,3098
985,91,3097
985,93,3094
988,96,3095
986,96,3094
986,96,3094
986,96,3094
1013,93,3067
1076,93,3004
1106,96,2977
1106,96,2977
1108,96,2975
1125,92,2987
1183,92,3046
1226,94,3092
1227,94,3092
1228,95,3094
1214,92,3112
1156,93,3168
1111,93,3213
1111,94,3213
1107,94,3216
1069,90,3179
1012,90,3123
987,91,3097
987,92,3097
988,93,3096
1014,96,3068
1080,95,3002
1103,96,2980
1108,94,2978
1107,98,2976
1163,94,3028
1217,94,3082
1227,100,3091
1229,97,3090
1202,93,3123
1145,91,3181
1110,94,3216
1111,92,3217
1085,92,3196
1019,91,3129
986,90,3097
986,90,3097
986,90,3097
986,91,3097
1111,101,3205
685,6,2929
686,7,2933
1068,173,3096
