-1942,30,675
-1944,30,682
-1946,30,670
-1946,30,670
-1946,30,670
-1946,30,670
-1946,30,670
-1946,30,670
-1946,30,670
-1946,30,670
-1946,30,670
-1946,30,670
-1946,30,700
-1946,30,761
-1946,24,779
-1944,30,767
-1944,30,724
-1944,30,688
-1944,30,673
-1944,30,660
-1943,30,524
-1828,14,521
-1839,14,520
-1878,24,520
-1946,30,565
-1946,30,655
-1946,30,669
-1946,30,700
-1957,17,852
-2145,17,852
-2265,28,820
-2282,27,793
-2340,23,793
-2371,28,793
-2377,28,793
-2439,28,793
-2497,26,809
-2499,26,809
-2585,26,809
-2549,26,811
-2529,26,811
-2519,26,813
-2518,26,811
-2518,26,811
-2518,26,811
-2518,26,811
-2518,26,811
-2518,26,811
-2518,26,811
-2518,26,811
-2518,26,811
-2518,26,811
-2518,26,811
-2516,26,811
-2508,26,811
-2520,26,813
-2562,26,810
-2600,26,810
-2637,26,822
-2638,26,865
-2637,26,909
-2638,26,952
-2636,26,989
-2636,26,1021
-2637,26,1063
-2637,26,1107
-2637,26,1149
-2637,26,1185
-2637,26,1161
-2636,26,1118
-2636,26,1075
-2636,26,1032
-2636,26,992
-2636,26,946
-2636,26,910
-2641,26,868
-2642,26,860
-2640,26,853
-2644,14,822
-2664,36,812
-2704,56,819
-2747,44,827
-2787,32,825
-2825,32,826
-2863,14,827
-2905,5,827
-2936,2,809
-2963,5,789
-2978,5,770
-3006,6,748
-3043,6,732
-3049,14,694
-3045,16,652
-3045,14,611
-3026,13,579
-3025,13,570
-3042,14,571
-3048,14,550
-3040,14,546
-3047,16,544
-3038,16,544
-3037,16,544
-3015,16,544
-3031,16,544
-3012,14,563
-3026,14,563
-3025,14,561
-3038,14,557
-3046,14,556
-3037,14,550
-3027,14,551
-3029,14,551
-3037,14,561
-3039,14,563
-3037,14,563
-3027,13,576
-3042,13,587
-3051,16,595
-3051,16,595
-3051,16,595
-3051,16,595
-3051,16,595
-3051,16,595
-3051,16,595
-3051,16,595
-3051,16,595
-3051,16,595
-3051,16,595
-3051,16,595
-3051,16,595
-3051,16,595
-3051,16,595
-3051,16,595
-3051,16,595
-3051,16,595
-3051,16,595
-3051,16,595
-3051,16,595
-3051,16,595
-3051,16,595
-3051,16,595
-3051,16,595
-3051,16,595
-3051,16,595
-3051,16,595
-3051,16,595
-3051,16,595
-3051,16,595
-3051,16,595
-3051,16,595
-3051,16,595
-3051,16,595
-3051,16,595
-3051,16,595
-3051,16,595
-3051,16,595
-3051,16,595
-3051,16,595
-3051,16,595
-3051,16,595
-3051,16,595
-3051,16,595
-3051,16,595
-3051,16,595
-3051,16,595
-3051,16,595
-3051,16,595
-3051,16,595
-3051,16,595
-3051,16,595
-3051,16,595
-3051,16,595
-3051,16,595
-3051,16,595
-3051,16,595
-3051,16,595
-3051,16,595
-3051,16,595
-3051,16,595
-3051,16,595
-3051,16,595
-3051,16,595
-3051,16,595
-3051,16,595
-3051,16,595
-3051,16,595
-3051,16,595
-3051,16,595
-3051,16,595
-3051,16,595
-3051,16,595
-3051,16,595
-3051,16,595
-3051,16,595
-3051,16,595
-3051,16,595
-3051,16,595
-3051,16,595
-3051,16,595
-3051,16,595
-3051,16,595
-3051,16,595
-3051,16,595
-3051,16,595
-3051,16,595
-3051,16,595
-3051,16,595
-3051,16,595
-3051,16,595
-3051,16,595
-3051,16,595
-3051,16,595
-3051,16,595
-3051,16,595
-3051,16,595
-3051,16,595
-3051,16,563
-3054,17,574
-3059,18,577
-3062,19,577
-3062,19,577
-3068,20,577
-3081,21,573
-3092,21,579
-3096,21,603
-3095,21,619
-3081,21,632
-3072,21,621
-3072,21,600
-3073,21,588
-3068,20,590
-3065,20,586
-3060,18,584
-3059,18,594
-3064,20,603
-3065,20,622
-3063,19,630
-3060,19,625
-3061,19,607
-3059,18,616
-3056,18,628
-3055,18,629
-3053,17,626
-3054,17,623
-3056,17,611
-3058,18,600
-3055,17,598
-3052,16,595
-3051,16,610
-3049,16,629
-3044,15,631
-3046,15,623
-3049,15,605
-3047,14,581
-3045,14,583
-3045,14,592
-3045,14,594
-3045,14,608
-3041,14,617
-3038,14,629
-3038,13,597
-3050,15,562
-3052,16,545
-3019,16,544
-3006,14,565
-2988,14,601
-2977,17,623
-3008,15,623
-3023,15,622
-3036,15,605
-3036,15,605
-3036,15,605
-2422,4,758
-2422,4,758
-2422,4,758
-2422,4,758
-2422,4,758
-2422,4,758
-2422,4,758
-2422,4,758
-2422,4,758
-2422,4,758
-2422,4,758
-2422,4,758
-2422,4,758
-2422,4,758
-2422,4,758
-2422,4,758
-2422,4,758
-2422,4,758
-2422,4,758
-2422,4,758
-2422,4,758
-2412,4,760
-2412,4,760
-2412,4,760
-2427,19,1076
-2391,13,1092
-2380,29,1101
-2382,27,1108
-2386,27,1102
-2386,27,1099
-2381,27,1099
-2388,27,1098
-2388,27,1107
-2388,27,1110
-2381,29,1106
-2384,29,1103
-2382,38,1101
-2388,36,1107
-2378,38,1107
-2382,63,1103
-2384,63,1100
-2383,64,1101
-2383,64,1101
-2383,64,1101
-2423,4,758
-2429,4,758
-2429,4,758
-2429,4,758
-2429,4,758
-2429,4,758
-2429,4,760
-2429,4,763
-2431,4,759
-2431,4,759
-2431,4,759
-2431,4,759
-2431,4,759
-2430,4,764
-2430,4,764
-2430,4,764
-2430,4,764
-2430,4,764
-2430,4,764
-2430,4,764
-2430,4,764
-2430,4,764
-2430,4,764
-2413,4,757
-2431,15,779
-2431,15,779
-2431,15,779
-2431,15,779
-2431,15,779
-2431,15,779
-2431,15,779
-2431,15,779
-2431,15,779
-2431,15,779
-2431,15,779
-2431,15,779
-2431,15,779
-2431,15,779
-2431,15,779
-2412,15,783
-2413,4,756
-2430,4,757
-2430,4,757
-2421,4,758
-2425,-2,770
-2406,35,1162
-2406,35,1160
-2407,35,1156
-2409,35,1155
-2410,35,1154
-2413,36,1155
-2413,36,1155
-2417,36,1162
-2413,36,1166
-2408,32,1167
-2411,32,1167
-2417,32,1165
-2415,32,1164
-2407,33,1164
-2417,32,1161
-2419,39,1166
-2412,37,1154
-2417,38,1154
-2418,38,1155
-2418,38,1155
-2417,38,1155
-2405,38,1154
-2404,38,1155
-2401,38,1167
-2405,39,1167
-2405,39,1167
-2405,39,1167
-2405,39,1167
-2405,39,1167
-2404,39,1170
-2404,36,1170
-2404,37,1167
-2396,37,1167
-2383,37,1165
-2390,37,1153
-2394,37,1154
-2423,45,1156
-2424,45,1158
-2420,45,1156
-2420,47,1156
-2422,46,1157
-2423,47,1156
-2421,47,1157
-2423,38,1156
-2422,35,1156
-2421,36,1156
-2419,37,1155
-2420,37,1156
-2420,37,1157
-2421,37,1156
-2421,37,1157
-2399,15,1168
-2400,17,1157
-2402,14,1159
-2401,12,1157
-2401,12,1166
-2403,12,1165
-2405,12,1167
-2404,10,1163
-2405,10,1168
-2406,11,1164
-2407,12,1168
-2409,12,1169
-2408,12,1156
-2412,12,1156
-2414,12,1167
-2413,12,1158
-2411,12,1167
-2411,12,1166
-2411,12,1165
-2411,12,1160
-2409,18,1161
-2408,18,1161
-2408,18,1161
-2408,18,1161
-2408,21,1161
-2410,25,1162
-2401,27,1164
-2418,26,1159
-2420,27,1161
-2423,25,1154
-2422,25,1152
-2421,25,1154
-2423,24,1151
-2424,24,1154
-2420,24,1154
-2423,19,1153
-2424,26,1153
-2420,26,1155
-2422,19,1152
-2422,21,1151
-2422,22,1151
-2422,22,1151
-2422,21,1147
-2422,21,1147
-2417,27,1149
-2422,33,1146
-2422,33,1147
-2422,36,1147
-2422,36,1147
-2421,37,1144
-2422,43,1146
-2421,34,1143
-2422,23,1147
-2422,23,1147
-2422,44,1147
-2422,48,1147
-2415,46,1144
-2414,50,1163
-2416,26,1162
-2416,27,1162
-2416,27,1162
-2416,26,1162
-2415,26,1156
-2414,26,1169
-2413,30,1168
-2420,26,1164
-2420,14,1163
-2422,14,1159
-2405,25,1164
-2424,25,1164
-2429,27,1156
-2430,28,1157
-2429,26,1155
-2430,26,1156
-2422,26,1162
-2413,22,1158
-2425,19,1143
-2431,44,1149
-2433,40,1148
-2415,20,1150
-2414,41,1162
-2429,46,1156
-2429,45,1157
-2429,45,1168
-2429,45,1168
-2428,45,1165
-2422,43,1170
-2422,35,1172
-2418,30,1174
-2421,24,1173
-2421,25,1168
-2421,25,1168
-2424,27,1169
-2422,28,1160
-2425,28,1173
-2424,26,1172
-2424,25,1166
-2425,25,1168
-2417,26,1169
-2417,28,1168
-2418,26,1166
-2418,26,1163
-2418,28,1168
-2426,27,1164
-2427,28,1155
-2420,28,1158
-2425,27,1159
-2425,26,1166
-2422,26,1168
-2424,26,1167
-2424,26,1166
-2423,26,1161
-2424,26,1162
-2424,27,1163
-2429,26,1162
-2430,26,1164
-2430,26,1167
-2430,26,1168
-2430,26,1168
-2431,26,1159
-2431,26,1167
-2430,27,1155
-2429,27,1160
-2431,28,1156
-2415,26,1163
-2422,21,1175
-2421,19,1175
-2420,39,1173
-2420,38,1174
-2423,37,1170
-2419,36,1171
-2421,37,1167
-2421,37,1167
-2421,37,1167
-2424,37,1163
-2420,39,1165
-2422,29,1173
-2424,44,1166
-2422,44,1174
-2420,23,1174
-2422,20,1173
-2419,20,1174
-2422,19,1173
-2423,18,1173
-2422,16,1171
-2423,51,1170
-2423,43,1170
-2423,19,1171
-2423,43,1170
-2423,52,1170
-2423,46,1170
-2423,22,1170
-2420,14,1172
-2422,16,1173
-2415,17,1164
-2404,16,1150
-2412,12,1135
-2412,12,1135
-2412,12,1135
-2410,14,1161
-2420,44,1173
-2421,54,1172
-2420,53,1172
-2423,51,1172
-2423,52,1171
-2419,52,1177
-2420,38,1174
-2421,16,1171
-2421,28,1170
-2421,43,1170
-2422,54,1177
-2421,47,1174
-2422,47,1157
-2422,46,1166
-2424,44,1167
-2423,44,1172
-2422,33,1172
-2422,42,1173
-2420,46,1172
-2420,47,1169
-2421,42,1175
-2421,25,1173
-2422,25,1173
-2422,29,1173
-2420,34,1171
-2424,34,1172
-2421,37,1173
-2420,22,1180
-2420,22,1180
-2417,22,1174
-2396,16,1173
-2377,18,1164
-2404,13,1148
-2415,15,1139
-2404,21,1148
-2402,22,1157
-2419,22,1170
-2420,16,1188
-2420,16,1188
-2420,16,1188
-2420,16,1188
-2420,16,1188
-2420,16,1188
-2420,16,1186
-2421,22,1172
-2421,38,1172
-2421,52,1172
-2422,46,1177
-2421,20,1185
-2421,19,1182
-2420,19,1180
-2408,11,1173
-2391,11,1173
-2393,11,1174
-2415,11,1174
-2423,17,1173
-2419,17,1174
-2420,17,1174
-2420,18,1175
-2421,19,1175
-2424,19,1174
-2419,20,1181
-2414,14,1174
-2377,11,1166
-2351,13,1177
-2362,12,1211
-2365,14,1252
-2361,14,1275
-2331,19,1306
-2304,15,1325
-2315,22,1345
-2314,21,1346
-2313,21,1346
-2292,22,1371
-2274,22,1400
-2230,23,1407
-2200,17,1412
-2191,16,1433
-2178,16,1446
-2186,16,1433
-2205,17,1406
-2222,17,1384
-2220,20,1387
-2246,22,1370
-2278,15,1342
-2311,15,1323
-2342,18,1302
-2364,14,1266
-2366,18,1263
-2366,15,1223
-2392,12,1193
-2413,19,1179
-2424,20,1176
-2424,20,1176
-2421,20,1177
-2420,16,1175
-2423,14,1177
-2424,15,1177
-2425,13,1176
-2423,14,1176
-2423,12,1173
-2423,12,1173
-2423,14,1173
-2425,11,1173
-2419,11,1174
-2422,11,1174
-2425,16,1174
-2426,11,1174
-2427,11,1174
-2440,10,1174
-2440,13,1174
-2432,11,1172
-2430,12,1174
-2428,11,1174
-2434,11,1173
-2430,14,1174
-2429,14,1175
-2433,13,1174
-2434,13,1174
-2430,10,1166
-2422,11,1174
-2418,13,1173
-2423,13,1177
-2423,13,1179
-2424,18,1176
-2427,17,1173
-2419,15,1175
-2427,11,1175
-2438,11,1175
-2419,11,1173
-2419,11,1173
-2419,11,1173
-2419,13,1174
-2419,13,1174
-2419,13,1174
-2419,13,1174
-2421,13,1175
-2419,12,1175
-2416,12,1173
-2418,13,1177
-2413,12,1177
-2411,12,1177
-2411,12,1177
-2411,12,1177
-2411,13,1177
-2410,13,1178
-2405,12,1177
-2404,13,1177
-2399,13,1177
-2400,14,1177
-2393,12,1177
-2393,14,1177
-2391,14,1177
-2388,12,1177
-2382,13,1176
-2381,13,1177
-2377,10,1175
-2389,11,1175
-2395,11,1175
-2402,12,1174
-2408,11,1175
-2406,12,1176
-2412,12,1176
-2419,11,1175
-2428,11,1172
-2435,12,1173
-2433,11,1172
-2428,11,1172
-2435,11,1173
-2435,11,1174
-2427,14,1173
-2426,11,1173
-2424,12,1176
-2411,16,1180
-2411,16,1180
-2411,16,1180
-2411,16,1180
-2411,16,1180
-2401,14,1178
-2395,9,1173
-2395,10,1173
-2395,11,1173
-2395,11,1173
-2379,11,1172
-2377,12,1174
-2373,10,1149
-2373,11,1149
-2373,11,1149
-2373,11,1149
-2395,11,1153
-2409,11,1135
-2430,11,1133
-2430,11,1133
-2430,11,1133
-2430,11,1133
-2430,11,1133
-2430,11,1133
-2430,11,1133
-2418,11,1134
-2418,11,1134
-2418,11,1134
-2418,11,1134
-2418,11,1134
-2418,11,1134
-2418,11,1134
-2418,11,1134
-2418,11,1134
-2418,11,1134
-2418,11,1134
-2418,11,1134
-2427,11,1145
-2425,11,1175
-2418,18,1174
-2422,16,1176
-2420,18,1175
-2418,18,1174
-2418,18,1174
-2418,18,1174
-2432,18,1174
-2449,25,1167
-2449,27,1166
-2431,27,1147
-2426,27,1140
-2430,4,762
-2429,4,758
-2430,4,758
-2430,4,764
-2430,4,764
-2430,4,764
-2430,4,764
-2430,4,764
-2430,4,764
-2430,4,764
-2430,4,764
-2431,4,763
-2430,4,758
-2430,4,763
-2430,4,763
-2430,4,763
-2430,4,763
-2430,4,763
-2430,4,763
-2430,4,763
-2430,4,763
-2430,4,763
-2430,4,763
-2430,4,763
-2430,4,763
-2430,4,763
-2430,4,763
-2430,4,763
-2430,4,763
-2430,4,763
-2430,4,763
-2430,4,763
-2430,4,763
-2430,4,763
-2430,4,763
-2430,4,763
-2430,4,763
-2430,4,763
-2430,4,763
-2430,4,763
-2430,4,763
-2430,4,763
-2430,4,763
-2430,4,763
-2430,4,763
-2430,4,763
-2430,4,763
-2430,4,763
-2430,4,763
-2430,4,763
-2430,4,763
-2430,4,763
-2430,4,763
-2430,4,763
-2430,4,763
-2430,4,763
-2430,4,763
-2430,4,763
-2430,4,763
-2430,4,763
-2430,4,763
-2430,4,763
-2430,4,763
-2430,4,763
-2430,4,763
-2430,4,763
-2430,4,763
-2430,4,763
-2430,4,763
-2430,4,763
-2430,4,763
-2430,4,763
-2430,4,764
-2430,4,764
-2430,4,764
-2430,4,764
-2430,4,764
-2430,4,764
-2430,4,764
-2430,4,764
-2430,4,764
-2421,4,759
-2421,4,759
-2430,4,764
-2430,4,764
-2430,4,764
-2423,4,758
-2423,4,758
-2423,4,758
-2423,4,758
-2423,4,758
-2423,4,758
-2423,4,758
-2423,4,758
-2423,4,758
-2423,4,758
-2423,4,758
-2423,4,758
-2423,4,758
-2423,4,758
-2423,4,758
-2423,4,758
-2423,4,758
-2423,4,758
-2423,4,758
-2430,4,764
-2431,4,764
-2431,4,764
-2423,4,759
-2427,-2,765
-2425,-2,769
-2427,11,1161
-2424,17,1169
-2425,21,1181
-2424,23,1173
-2422,20,1175
-2430,11,1160
-2429,11,1160
-2427,11,1160
-2427,11,1160
-2427,11,1160
-2427,11,1160
-2427,11,1160
-2427,11,1160
-2428,3,754
-2427,3,758
-2427,4,758
-2427,4,758
-2427,4,758
-2425,4,758
-2431,4,764
-2431,4,764
-2431,4,764
-2431,4,764
-2431,4,764
-2430,4,763
-2430,4,763
-2430,4,763
-2430,4,763
-2430,4,763
-2430,4,763
-2430,4,763
-2430,4,763
-2430,4,763
-2430,4,763
-2430,4,763
-2430,4,763
-2430,4,763
-2430,4,763
-2430,4,763
-2430,4,763
-2430,4,763
-2430,4,763
-2430,4,763
-2430,4,763
-2418,4,757
-2418,4,757
-2431,4,765
-2431,4,765
-2431,4,765
-2430,4,763
-2430,4,758
-2418,4,757
-2421,4,758
-2416,4,759
-2416,4,759
-2418,4,758
-2415,4,759
-2420,4,760
-2420,4,756
-2420,4,756
-2429,4,762
-2430,4,764
-2417,4,758
-2413,4,753
-2418,14,784
-2430,15,778
-2433,15,779
-2413,15,780
-2410,9,761
-2417,4,758
-2427,4,758
-2427,4,758
-2422,4,757
-2422,4,757
-2418,4,758
-2429,4,759
-2430,4,761
-2429,4,761
-2430,4,764
-2430,4,764
-2430,4,764
-2430,4,760
-2430,4,760
-2430,4,760
-2430,4,760
-2430,4,765
-2430,4,764
-2430,4,764
-2430,4,764
-2430,4,764
-2430,4,764
-2430,4,764
-2430,4,764
-2420,4,759
-2430,4,764
-2430,4,764
-2430,4,764
-2430,4,764
-2430,4,764
-2430,4,764
-2429,4,761
-2426,4,758
-2426,4,758
-2426,4,758
-2431,4,760
-2430,4,760
-2426,4,758
-2426,4,758
-2426,4,758
-2426,4,758
-2429,4,759
-2429,4,759
-2429,4,759
-2429,4,759
-2431,4,760
-2427,4,758
-2421,4,758
-2421,4,758
-2421,4,758
-2422,4,759
-2422,4,759
-2422,4,759
-2422,4,759
-2422,4,759
-2430,4,764
-2430,4,764
-2430,4,764
-2427,11,1169
-2421,19,1174
-2424,32,1171
-2424,46,1171
-2424,54,1171
-2423,54,1171
-2424,34,1172
-2423,46,1172
-2423,34,1172
-2423,27,1172
-2418,27,1172
-2418,46,1171
-2419,48,1171
-2419,47,1172
-2419,47,1173
-2419,46,1171
-2419,35,1172
-2419,28,1171
-2420,18,1182
-2420,18,1182
-2420,18,1182
-2420,18,1182
-2420,18,1182
-2430,4,762
-2430,4,760
-2430,4,756
-2423,4,758
-2423,4,758
-2431,4,765
-2431,4,764
-2430,4,761
-2427,11,1182
-2422,27,1172
-2422,36,1172
-2422,50,1172
-2422,59,1173
-2418,53,1173
-2419,44,1172
-2420,34,1172
-2419,26,1174
-2420,16,1184
-2409,16,1178
-2416,13,1163
-2411,12,1161
-2422,14,1155
-2420,30,1163
-2420,27,1163
-2420,28,1163
-2405,25,1163
-2404,14,1172
-2404,25,1172
-2401,28,1172
-2402,28,1174
-2403,28,1175
-2403,26,1175
-2422,4,760
-2422,4,758
-2422,4,758
-2422,4,758
-2422,4,758
-2422,4,758
-2422,4,758
-2422,4,758
-2422,4,758
-2422,4,758
-2422,4,758
-2422,4,758
-2422,4,758
-2422,4,758
-2422,4,758
-2422,4,758
-2422,4,758
-2422,4,758
-2422,4,758
-2422,4,758
-2422,4,758
-2422,4,758
-2422,4,758
-2422,4,758
-2422,4,758
-2422,4,758
-2422,4,758
-2422,4,758
-2422,4,758
-2422,4,758
-2426,4,759
-2431,4,765
-2430,4,757
-2414,4,763
-2416,4,757
-2421,4,756
-2420,4,756
-2410,11,782
-2431,15,780
-2435,15,779
-2433,15,780
-2432,15,779
-2432,15,779
-2434,15,780
-2432,15,779
-2432,15,779
-2432,15,779
-2432,15,779
-2423,15,779
-2413,4,754
-2426,0,767
-2407,11,1174
-2405,14,1174
-2404,16,1173
-2404,24,1173
-2404,19,1173
-2404,16,1173
-2404,17,1173
-2404,19,1173
-2404,27,1173
-2404,30,1173
-2403,17,1172
-2404,15,1173
-2404,13,1174
-2404,13,1173
-2403,14,1172
-2404,31,1172
-2404,20,1172
-2403,25,1171
-2402,30,1170
-2402,28,1172
-2404,32,1173
-2403,32,1173
-2404,37,1172
-2403,41,1171
-2401,42,1170
-2404,48,1172
-2404,54,1172
-2403,55,1172
-2403,55,1172
-2400,35,1174
-2402,40,1172
-2403,38,1174
-2403,42,1174
-2404,40,1173
-2404,27,1173
-2404,33,1173
-2404,35,1173
-2397,35,1172
-2403,34,1171
-2404,33,1173
-2404,35,1172
-2403,35,1173
-2403,40,1173
-2402,36,1170
-2403,35,1173
-2403,33,1173
-2403,21,1173
-2403,24,1173
-2403,21,1173
-2403,33,1172
-2402,40,1173
-2403,38,1173
-2403,41,1173
-2403,43,1173
-2405,41,1173
-2404,44,1172
-2403,45,1172
-2403,46,1172
-2403,47,1172
-2403,50,1172
-2403,51,1172
-2402,53,1172
-2402,54,1173
-2401,56,1178
-2403,21,1172
-2403,21,1172
-2403,21,1172
-2402,17,1172
-2402,16,1172
-2403,14,1172
-2404,13,1173
-2403,16,1178
-2400,16,1174
-2400,16,1174
-2401,14,1172
-2401,34,1172
-2401,45,1172
-2401,26,1172
-2401,19,1175
-2402,15,1174
-2402,39,1174
-2402,54,1174
-2403,40,1172
-2398,15,1175
-2400,13,1171
-2400,20,1173
-2400,34,1173
-2400,51,1173
-2400,47,1173
-2400,34,1173
-2402,32,1175
-2402,34,1173
-2402,30,1173
-2402,21,1173
-2399,15,1174
-2398,15,1177
-2398,15,1177
-2399,17,1173
-2399,21,1173
-2399,21,1173
-2399,33,1173
-2399,45,1173
-2399,49,1172
-2399,32,1172
-2399,17,1172
-2400,13,1177
-2399,13,1175
-2398,28,1173
-2398,18,1173
-2398,57,1173
-2398,36,1173
-2400,20,1177
-2397,18,1172
-2397,24,1172
-2397,42,1172
-2397,52,1172
-2398,52,1173
-2398,37,1172
-2398,31,1172
-2398,24,1172
-2398,17,1172
-2401,21,1175
-2400,20,1173
-2399,20,1172
-2399,19,1172
-2397,17,1174
-2398,17,1172
-2396,18,1173
-2396,18,1173
-2397,34,1174
-2397,43,1173
-2397,49,1172
-2397,41,1172
-2397,41,1172
-2397,27,1172
-2397,13,1172
-2398,16,1178
-2396,18,1174
-2396,24,1173
-2396,45,1173
-2395,48,1172
-2395,39,1173
-2395,29,1173
-2395,19,1173
-2394,19,1173
-2394,49,1173
-2395,34,1173
-2395,22,1173
-2392,26,1174
-2393,34,1175
-2394,20,1172
-2394,27,1172
-2394,28,1172
-2396,33,1176
-2398,18,1177
-2397,25,1176
-2394,38,1173
-2393,38,1168
-2394,34,1167
-2381,35,1171
-2391,39,1168
-2390,39,1170
-2400,36,1154
-2402,18,1150
-2422,4,760
-2422,4,758
-2422,4,758
-2422,4,758
-2429,4,757
-2427,4,759
-2430,4,762
-2415,10,1141
-2393,38,1158
-2397,38,1159
-2396,38,1159
-2393,38,1156
-2387,38,1155
-2385,37,1158
-2382,37,1166
-2385,38,1167
-2394,38,1170
-2395,38,1167
-2394,38,1173
-2392,38,1172
-2392,38,1171
-2392,47,1171
-2394,39,1173
-2394,49,1177
-2394,34,1173
-2394,23,1173
-2394,36,1173
-2394,37,1172
-2394,48,1172
-2390,45,1170
-2389,40,1170
-2391,38,1177
-2391,39,1170
-2393,45,1172
-2393,45,1171
-2399,34,1152
-2403,37,1154
-2394,41,1172
-2396,39,1154
-2395,39,1162
-2395,39,1153
-2402,22,1165
-2398,40,1152
-2395,33,1173
-2397,44,1154
-2396,33,1154
-2396,43,1154
-2394,49,1155
-2394,50,1155
-2397,30,1152
-2396,33,1152
-2394,34,1173
-2394,23,1173
-2397,38,1156
-2394,23,1152
-2398,25,1153
-2390,41,1172
-2399,37,1154
-2397,33,1154
-2397,45,1154
-2403,22,1148
-2398,30,1151
-2396,47,1167
-2396,49,1153
-2398,41,1152
-2398,41,1152
-2398,35,1152
-2398,24,1152
-2398,23,1152
-2398,37,1152
-2392,42,1172
-2396,38,1174
-2397,42,1156
-2399,33,1152
-2397,50,1166
-2398,49,1155
-2397,49,1150
-2398,50,1151
-2397,50,1156
-2398,50,1157
-2396,50,1163
-2397,51,1166
-2398,49,1153
-2398,42,1153
-2398,31,1153
-2398,27,1153
-2398,17,1153
-2398,31,1151
-2400,47,1156
-2398,51,1167
-2398,51,1152
-2398,51,1152
-2400,46,1152
-2400,29,1152
-2400,15,1152
-2400,15,1152
-2400,15,1152
-2400,15,1152
-2400,15,1152
-2400,25,1152
-2400,25,1152
-2400,25,1152
-2400,25,1152
-2400,25,1152
-2400,25,1152
-2400,25,1152
-2400,25,1152
-2400,25,1152
-2400,25,1152
-2400,25,1152
-2400,25,1152
-2400,25,1152
-2400,24,1152
-2400,36,1152
-2400,53,1156
-2400,38,1151
-2400,25,1151
-2401,44,1153
-2401,38,1153
-2400,19,1150
-2400,19,1153
-2402,15,1152
-2402,31,1152
-2402,35,1152
-2402,55,1152
-2402,47,1152
-2402,25,1152
-2405,14,1152
-2403,14,1153
-2403,14,1153
-2430,4,765
-2434,17,1351
-2405,18,1148
-2402,21,1152
-2402,41,1152
-2402,51,1152
-2402,36,1152
-2402,18,1152
-2404,16,1153
-2404,37,1153
-2404,37,1153
-2404,29,1153
-2404,51,1153
-2404,22,1153
-2404,14,1152
-2404,31,1152
-2404,54,1152
-2404,36,1152
-2404,21,1152
-2408,10,1134
-2408,11,1134
-2408,11,1134
-2402,11,1134
-2423,4,764
-2412,4,756
-2422,15,783
-2423,15,780
-2412,15,784
-2416,3,755
-2424,3,759
-2429,8,1060
-2424,10,1146
-2424,11,1146
-2404,15,1152
-2404,27,1152
-2404,38,1152
-2404,53,1152
-2404,38,1152
-2404,24,1152
-2404,13,1152
-2404,20,1152
-2404,33,1152
-2404,46,1152
-2404,55,1152
-2404,46,1153
-2404,19,1153
-2409,11,1134
-2409,12,1134
-2409,13,1134
-2410,13,1132
-2406,18,1139
-2386,40,1155
-2389,19,1162
-2414,16,1163
-2377,13,1162
-2378,11,1158
-2408,11,1146
-2417,10,1144
-2411,10,1154
-2413,11,1160
-2412,12,1162
-2412,12,1162
-2413,12,1158
-2408,12,1161
-2408,12,1161
-2410,29,1163
-2406,29,1163
-2411,11,1159
-2430,3,761
-2430,3,761
-2430,4,761
-2430,4,761
-2430,4,761
-2430,4,761
-2430,4,761
-2430,4,765
-2430,4,765
-2430,4,765
-2430,4,765
-2430,4,765
-2430,4,765
-2430,4,765
-2430,4,764
-2421,4,758
-2421,4,758
-2421,4,758
-2426,-1,769
-2412,11,1151
-2401,15,1162
-2401,16,1162
-2400,16,1158
-2400,17,1157
-2402,17,1166
-2394,18,1162
-2403,17,1161
-2403,15,1163
-2402,15,1162
-2409,15,1162
-2419,28,1160
-2419,29,1160
-2418,29,1164
-2416,29,1166
-2416,29,1166
-2416,29,1166
-2416,29,1166
-2414,39,1165
-2399,40,1162
-2405,40,1162
-2426,-8,556
-2427,0,765
-2423,10,1147
-2412,12,1157
-2418,24,1163
-2417,29,1158
-2409,27,1155
-2412,29,1155
-2416,26,1163
-2419,23,1162
-2413,23,1156
-2408,22,1154
-2414,23,1155
-2402,27,1160
-2403,30,1163
-2409,24,1170
-2415,27,1167
-2409,25,1170
-2413,22,1170
-2411,28,1162
-2411,27,1162
-2411,26,1162
-2411,26,1162
-2407,39,1164
-2419,38,1162
-2412,39,1157
-2412,37,1159
-2415,40,1159
-2410,38,1158
-2405,38,1167
-2413,38,1170
-2417,36,1167
-2417,35,1164
-2417,37,1164
-2418,39,1161
-2419,38,1166
-2421,35,1166
-2421,35,1166
-2421,36,1166
-2421,36,1166
-2421,36,1166
-2421,36,1166
-2421,36,1166
-2421,36,1166
-2421,36,1166
-2421,36,1166
-2421,36,1166
-2421,36,1166
-2421,36,1166
-2421,36,1166
-2421,36,1166
-2421,36,1166
-2421,36,1166
-2421,36,1166
-2421,36,1166
-2421,36,1166
-2421,36,1166
-2421,36,1166
-2421,39,1166
-2406,38,1162
-2404,37,1162
-2418,37,1160
-2413,37,1155
-2414,37,1159
-2409,34,1167
-2409,36,1170
-2414,32,1170
-2412,28,1170
-2409,28,1170
-2409,28,1156
-2414,33,1156
-2417,36,1158
-2416,35,1168
-2409,37,1156
-2409,29,1156
-2409,29,1156
-2409,29,1156
-2409,29,1156
-2409,29,1156
-2409,29,1156
-2409,29,1156
-2409,29,1156
-2411,35,1157
-2414,36,1156
-2414,32,1156
-2406,31,1159
-2404,25,1164
-2407,37,1163
-2414,36,1154
-2416,36,1161
-2406,36,1156
-2404,37,1159
-2404,37,1163
-2416,26,1162
-2413,31,1162
-2416,27,1160
-2417,26,1160
-2410,29,1162
-2411,36,1167
-2406,36,1166
-2405,35,1159
-2405,36,1159
-2405,35,1165
-2417,36,1160
-2417,36,1166
-2417,33,1166
-2411,39,1162
-2417,37,1159
-2414,38,1158
-2417,32,1158
-2409,37,1155
-2414,36,1154
-2415,37,1158
-2411,36,1164
-2411,36,1169
-2411,35,1169
-2412,33,1167
-2413,37,1161
-2405,35,1158
-2417,35,1167
-2408,35,1166
-2409,32,1160
-2405,32,1160
-2416,32,1165
-2408,40,1163
-2416,37,1156
-2416,25,1162
-2416,25,1162
-2417,25,1162
-2417,29,1162
-2417,33,1162
-2418,33,1162
-2410,40,1166
-2418,45,1165
-2431,50,1159
-2426,49,1167
-2427,37,1157
-2403,39,1162
-2389,40,1160
-2392,40,1154
-2391,46,1155
-2393,39,1154
-2392,37,1155
-2390,41,1155
-2390,41,1155
-2383,39,1157
-2382,38,1168
-2382,39,1167
-2386,48,1154
-2385,45,1156
-2384,45,1157
-2383,46,1159
-2382,46,1161
-2382,45,1161
-2385,47,1166
-2386,45,1168
-2387,45,1170
-2388,45,1170
-2388,46,1170
-2388,46,1167
-2391,45,1168
-2381,39,1164
-2375,47,1162
-2379,49,1162
-2379,49,1162
-2372,10,1144
-2383,10,1126
-2408,11,1124
-2408,11,1124
-2412,11,1128
-2393,18,1136
-2382,18,1140
-2381,11,1152
-2415,11,1134
-2414,11,1133
-2414,11,1133
-2412,11,1149
-2411,11,1158
-2427,11,1157
-2423,11,1151
-2412,24,1159
-2410,35,1162
-2410,35,1162
-2410,35,1162
-2410,35,1162
-2412,35,1162
-2411,35,1162
-2411,18,1162
-2410,12,1160
-2414,12,1160
-2412,10,1137
-2441,11,1130
-2447,14,1124
-2435,17,1106
-2431,3,764
-2431,3,757
-2431,4,764
-2430,4,757
-2430,4,757
-2430,4,764
-2430,4,757
-2431,4,757
-2430,4,757
-2412,4,756
-2408,11,784
-2431,15,779
-2431,15,779
-2413,5,774
-2416,4,755
-2425,-1,771
-2422,4,758
-2412,4,761
-2432,16,996
-2447,13,1119
-2447,11,1159
-2434,11,1204
-2399,11,1228
-2367,12,1215
-2365,18,1262
-2359,12,1287
-2339,15,1321
-2304,24,1352
-2294,22,1387
-2259,22,1400
-2236,23,1402
-2209,19,1420
-2208,19,1420
-2208,19,1420
-2208,19,1420
-2208,19,1420
-2208,19,1420
-2205,18,1450
-2199,18,1459
-2207,19,1441
-2209,19,1465
-2210,19,1500
-2209,19,1514
-2207,19,1491
-2207,19,1473
-2205,19,1481
-2203,19,1495
-2201,18,1518
-2173,12,1517
-2185,14,1524
-2190,14,1535
-2197,14,1544
-2205,12,1554
-2203,14,1565
-2206,14,1582
-2203,14,1590
-2183,11,1609
-2182,10,1597
-2179,10,1614
-2198,10,1635
-2220,13,1636
-2249,14,1630
-2248,14,1605
-2240,15,1599
-2241,15,1612
-2246,15,1611
-2247,15,1598
-2249,15,1586
-2251,18,1627
-2258,16,1619
-2258,16,1589
-2257,16,1613
-2254,16,1604
-2259,14,1611
-2258,14,1625
-2259,15,1588
-2251,15,1590
-2252,15,1598
-2256,15,1598
-2253,15,1615
-2255,15,1629
-2256,15,1623
-2256,15,1623
-2255,15,1622
-2261,15,1628
-2265,15,1645
-2271,15,1650
-2290,16,1673
-2296,18,1656
-2296,19,1616
-2295,19,1598
-2295,20,1627
-2293,20,1624
-2293,20,1624
-2293,20,1624
-2293,20,1623
-2293,20,1624
-2293,20,1624
-2293,20,1624
-2293,20,1622
-2294,20,1591
-2293,20,1575
-2294,21,1566
-2295,21,1557
-2290,22,1550
-2278,22,1547
-2278,22,1525
-2257,22,1515
-2241,22,1515
-2246,23,1512
-2413,6,764
-2413,6,775
-2430,15,778
-2430,15,778
-2430,15,778
-2425,15,779
-2429,15,779
-2427,15,778
-2413,3,760
-2431,3,764
-2431,4,757
-2431,4,757
-2430,4,764
-2412,4,757
-2414,16,784
-2431,15,778
-2431,15,778
-2431,15,778
-2431,15,778
-2432,15,780
-2431,15,778
-2431,15,778
-2431,15,778
-2431,15,778
-2431,15,778
-2431,15,778
-2431,15,778
-2430,15,778
-2413,9,777
-2416,4,757
-2425,-2,770
-2436,15,779
-2437,15,777
-2435,15,779
-2436,15,778
-2436,15,780
-2435,16,778
-2435,16,779
-2436,15,774
-2437,15,774
-2437,11,775
-2436,11,776
-2436,11,775
-2436,12,777
-2436,12,780
-2434,13,779
-2436,11,775
-2436,12,779
-2436,12,779
-2436,12,775
-2436,12,774
-2440,9,775
-2414,4,755
-2411,14,784
-2438,15,774
-2435,15,780
-2435,15,780
-2441,15,780
-2441,15,780
-2440,15,778
-2441,15,780
-2441,15,778
-2440,15,780
-2440,15,779
-2440,15,780
-2440,15,780
-2440,15,779
-2440,15,779
-2439,15,779
-2439,15,779
-2439,15,779
-2437,15,780
-2437,15,780
-2437,15,779
-2437,13,779
-2439,15,779
-2437,12,779
-2437,12,779
-2437,13,779
-2438,15,780
-2440,15,780
-2440,15,780
-2439,15,779
-2436,15,779
-2431,15,779
-2431,15,779
-2436,15,780
-2432,15,779
-2435,15,780
-2437,15,780
-2435,15,780
-2440,15,779
-2431,15,779
-2431,15,779
-2431,15,779
-2431,15,779
-2421,15,779
-2413,4,755
-2431,4,765
-2431,4,765
-2430,4,759
-2425,4,758
-2409,11,782
-2436,15,774
-2436,15,774
-2430,15,773
-2430,15,779
-2431,15,779
-2436,15,779
-2429,16,778
-2430,4,762
-2413,6,775
-2432,15,773
-2437,11,774
-2437,11,774
-2436,11,776
-2436,11,775
-2437,12,774
-2437,15,774
-2437,15,775
-2428,15,778
-2432,15,779
-2436,15,780
-2436,15,780
-2431,15,779
-2431,15,779
-2431,15,779
-2431,15,779
-2431,15,779
-2433,15,779
-2436,15,780
-2412,12,1153
-2411,22,1162
-2411,34,1162
-2416,39,1163
-2420,57,1163
-2427,55,1165
-2428,58,1160
-2421,47,1162
-2410,35,1162
-2410,35,1162
-2411,12,1156
-2405,11,1130
-2398,11,1113
-2434,11,1121
-2445,14,1111
-2435,19,1086
-2435,20,1065
-2435,20,1067
-2436,20,1070
-2443,20,1065
-2443,20,1065
-2443,20,1065
-2432,20,1065
-2436,20,1070
-2438,20,1069
-2117,34,1266
-2113,23,1223
-2116,21,1206
-2116,21,1206
-2116,21,1206
-2117,21,1196
-2117,21,1196
-2116,21,1203
-2116,21,1203
-2116,21,1203
-2114,22,1195
-2430,4,764
-2430,4,764
-2430,4,764
-2430,4,764
-2430,4,764
-2430,4,764
-2429,4,761
-2426,4,759
-2412,4,761
-2438,19,1078
-2445,12,1120
-2440,11,1148
-2412,12,1154
-2411,33,1162
-2424,46,1164
-2428,48,1167
-2429,51,1157
-2425,54,1165
-2426,54,1167
-2426,54,1156
-2425,56,1165
-2425,56,1156
-2423,57,1160
-2424,56,1160
-2424,56,1169
-2423,57,1159
-2422,59,1158
-2421,59,1156
-2421,57,1166
-2420,57,1169
-2418,58,1158
-2418,58,1161
-2418,58,1164
-2418,58,1166
-2418,58,1169
-2415,60,1166
-2416,58,1155
-2416,61,1155
-2415,61,1166
-2413,60,1159
-2412,60,1165
-2415,61,1166
-2415,61,1161
-2412,59,1169
-2413,61,1162
-2407,59,1163
-2410,62,1164
-2411,59,1167
-2412,61,1155
-2411,60,1165
-2412,60,1159
-2412,60,1161
-2410,60,1167
-2410,60,1161
-2410,59,1166
-2406,58,1159
-2405,58,1169
-2405,57,1169
-2404,57,1168
-2403,57,1161
-2402,57,1157
-2402,57,1163
-2401,56,1157
-2400,57,1169
-2400,56,1169
-2399,55,1165
-2398,55,1159
-2397,54,1162
-2396,54,1169
-2394,51,1159
-2394,52,1166
-2392,52,1168
-2392,49,1169
-2391,48,1167
-2391,48,1158
-2390,47,1161
-2390,45,1167
-2390,46,1157
-2390,46,1167
-2385,46,1156
-2393,52,1165
-2393,53,1155
-2396,53,1161
-2395,53,1164
-2391,55,1158
-2390,37,1161
-2406,23,1162
-2407,19,1162
-2394,19,1162
-2387,48,1166
-2383,47,1169
-2382,48,1159
-2387,41,1157
-2386,45,1165
-2386,45,1162
-2388,45,1157
-2385,46,1158
-2385,46,1166
-2386,46,1166
-2386,48,1166
-2388,46,1163
-2386,46,1163
-2390,40,1164
-2391,40,1165
-2391,40,1165
-2391,40,1165
-2390,38,1162
-2391,28,1159
-2385,27,1160
-2381,38,1153
-2378,33,1160
-2388,39,1155
-2398,38,1162
-2402,39,1162
-2401,39,1162
-2394,32,1162
-2400,36,1155
-2394,35,1156
-2396,38,1167
-2399,36,1159
-2399,36,1164
-2403,38,1166
-2400,36,1160
-2400,36,1160
-2392,37,1160
-2424,4,759
-2430,4,764
-2430,4,764
-2429,4,759
-2430,4,765
-2431,4,765
-2429,3,760
-2426,3,758
-2412,3,761
-2439,18,1090
-2434,11,1127
-2423,11,1136
-2386,43,1154
-2384,41,1155
-2382,40,1156
-2382,42,1157
-2381,40,1167
-2381,38,1160
-2378,34,1159
-2379,37,1159
-2380,42,1164
-2381,40,1167
-2383,42,1170
-2385,39,1170
-2383,45,1169
-2378,31,1167
-2378,37,1167
-2378,29,1161
-2378,39,1159
-2387,39,1153
-2388,43,1169
-2394,38,1167
-2400,43,1164
-2393,50,1165
-2400,38,1167
-2422,4,758
-2430,4,764
-2430,4,764
-2430,4,764
-2430,4,764
-2415,4,755
-2412,4,756
-2412,4,756
-2412,4,756
-2412,4,756
-2412,4,756
-2412,4,756
-2412,4,756
-2412,4,756
-2412,4,756
-2412,4,756
-2412,4,756
-2412,4,756
-2412,4,756
-2430,4,764
-2430,4,758
-2430,4,757
-2423,4,759
-2423,4,759
-2431,4,765
-2431,4,765
-2422,3,758
-2438,19,1068
-2442,16,1101
-2429,11,1134
-2389,17,1145
-2382,45,1152
-2383,44,1156
-2383,44,1166
-2388,44,1173
-2391,44,1172
-2393,45,1172
-2392,44,1171
-2392,44,1171
-2390,44,1164
-2388,44,1157
-2389,44,1156
-2388,44,1158
-2388,44,1158
-2388,44,1156
-2383,44,1162
-2391,44,1169
-2390,44,1169
-2389,45,1169
-2384,45,1163
-2383,45,1159
-2391,45,1155
-2392,45,1167
-2387,45,1167
-2384,45,1160
-2388,45,1156
-2391,42,1156
-2385,39,1162
-2386,37,1149
-2389,39,1151
-2388,39,1151
-2389,38,1152
-2389,40,1153
-2380,42,1161
-2391,41,1172
-2390,41,1171
-2390,40,1171
-2381,40,1168
-2378,38,1164
-2380,37,1163
-2382,41,1164
-2379,38,1165
-2380,40,1161
-2381,38,1161
-2381,37,1162
-2377,39,1163
-2383,38,1163
-2390,35,1162
-2394,38,1157
-2398,38,1162
-2404,35,1163
-2419,12,1148
-2412,12,1156
-2420,14,1160
-2398,19,1162
-2408,38,1157
-2423,43,1163
-2421,37,1161
-2421,37,1161
-2421,37,1161
-2421,37,1161
-2427,48,1164
-2426,48,1159
-2425,44,1161
-2415,52,1163
-2415,55,1166
-2408,55,1164
-2409,49,1164
-2414,49,1158
-2416,44,1161
-2422,38,1163
-2422,38,1163
-2402,38,1161
-2401,38,1158
-2412,39,1161
-2416,37,1157
-2408,37,1157
-2414,39,1165
-2400,39,1163
-2396,49,1165
-2397,49,1159
-2394,45,1166
-2399,36,1164
-2392,35,1162
-2393,34,1159
-2395,34,1158
-2397,34,1161
-2397,36,1162
-2398,36,1158
-2399,36,1162
-2397,36,1165
-2397,35,1161
-2397,34,1160
-2396,36,1158
-2389,38,1166
-2390,39,1158
-2396,34,1166
-2389,34,1169
-2386,34,1167
-2384,34,1163
-2385,34,1159
-2391,34,1155
-2392,34,1156
-2386,35,1166
-2388,35,1161
-2399,36,1160
-2400,36,1160
-2395,31,1160
-2411,38,1160
-2423,38,1162
-2427,37,1166
-2428,40,1157
-2413,23,1162
-2410,21,1158
-2413,21,1166
-2403,18,1162
-2403,14,1158
-2391,18,1166
-2389,23,1159
-2395,33,1163
-2392,36,1161
-2400,36,1161
-2400,36,1161
-2416,37,1166
-2421,37,1161
-2417,38,1162
-2410,35,1162
-2411,12,1161
-2416,15,1165
-2412,14,1161
-2426,-2,768
-2417,28,1161
-2391,37,1156
-2391,37,1156
-2391,37,1156
-2391,37,1156
-2391,37,1156
-2391,37,1156
-2391,37,1156
-2391,37,1156
-2391,37,1156
-2391,37,1156
-2391,37,1156
-2391,37,1156
-2391,37,1156
-2391,37,1156
-2391,37,1156
-2391,37,1156
-2391,37,1156
-2391,37,1156
-2391,37,1156
-2391,37,1156
-2391,37,1156
-2391,37,1156
-2391,37,1156
-2391,37,1156
-2391,37,1156
-2391,37,1156
-2391,37,1156
-2391,42,1156
-2395,40,1162
-2389,37,1168
-2389,40,1168
-2385,43,1164
-2441,-16,555
-2430,3,757
-2430,4,757
-2430,4,757
-2430,4,757
-2430,4,757
-2430,4,757
-2430,4,757
-2430,4,757
-2430,4,757
-2430,4,757
-2430,4,757
-2430,4,757
-2430,4,757
-2430,4,758
-2407,30,1156
-2393,38,1167
-2394,40,1166
-2394,42,1166
-2392,42,1167
-2387,40,1166
-2389,42,1165
-2392,45,1169
-2389,34,1168
-2391,34,1167
-2391,34,1167
-2391,34,1167
-2391,36,1167
-2390,40,1167
-2414,13,860
-2428,4,757
-2416,12,1150
-2398,38,1161
-2394,41,1166
-2389,39,1156
-2394,39,1156
-2390,34,1167
-2390,34,1167
-2391,39,1168
-2386,38,1166
-2383,38,1162
-2386,39,1158
-2390,34,1155
-2391,43,1155
-2389,42,1157
-2389,42,1157
-2429,4,758
-2426,-4,767
-2406,41,1161
-2396,41,1162
-2394,42,1163
-2393,43,1163
-2389,43,1169
-2389,42,1166
-2386,42,1161
-2391,41,1157
-2394,38,1157
-2392,41,1157
-2393,40,1158
-2391,42,1157
-2390,42,1167
-2383,33,1162
-2384,42,1162
-2384,42,1162
-2388,42,1157
-2395,43,1160
-2396,42,1165
-2392,42,1167
-2393,39,1167
-2393,39,1167
-2392,42,1167
-2389,42,1168
-2384,42,1165
-2385,18,1163
-2389,19,1158
-2390,26,1158
-2387,26,1157
-2388,21,1168
-2388,21,1168
-2388,30,1168
-2389,29,1167
-2393,27,1166
-2393,27,1166
-2387,29,1157
-2394,25,1164
-2391,25,1168
-2389,25,1157
-2388,22,1157
-2388,26,1157
-2384,24,1160
-2388,25,1168
-2396,23,1164
-2393,28,1157
-2395,24,1160
-2392,26,1156
-2392,26,1156
-2392,29,1156
-2392,29,1156
-2394,25,1161
-2394,25,1161
-2395,25,1161
-2395,25,1158
-2392,25,1156
-2392,27,1157
-2389,25,1158
-2389,25,1158
-2386,25,1160
-2389,25,1166
-2395,25,1163
-2394,26,1162
-2394,24,1158
-2394,25,1161
-2390,24,1166
-2391,23,1166
-2386,24,1163
-2395,20,1159
-2387,13,1157
-2385,15,1159
-2385,16,1159
-2384,14,1161
-2395,13,1157
-2390,13,1157
-2395,13,1164
-2385,14,1164
-2393,13,1166
-2395,13,1160
-2394,15,1163
-2403,14,1161
-2403,14,1161
-2402,15,1162
-2407,21,1156
-2402,37,1160
-2403,37,1161
-2404,27,1161
-2404,15,1161
-2406,15,1157
-2419,17,1166
-2411,11,1167
-2395,14,1160
-2390,13,1167
-2385,17,1161
-2391,13,1157
-2397,15,1162
-2397,15,1162
-2397,15,1162
-2401,15,1162
-2401,15,1162
-2401,15,1162
-2401,15,1162
-2401,15,1162
-2401,15,1162
-2401,15,1162
-2401,15,1162
-2401,15,1162
-2404,15,1160
-2408,15,1157
-2398,15,1162
-2396,15,1162
-2395,14,1160
-2395,14,1160
-2424,4,759
-2424,4,758
-2424,4,758
-2424,4,758
-2424,4,758
-2424,4,758
-2426,-2,771
-2404,13,1158
-2404,15,1163
-2404,15,1163
-2417,16,1159
-2415,14,1166
-2417,15,1161
-2420,15,1162
-2422,13,1160
-2422,13,1161
-2422,14,1162
-2418,19,1161
-2418,19,1161
-2409,19,1161
-2405,17,1160
-2424,31,1163
-2401,30,1162
-2401,30,1162
-2401,30,1162
-2425,4,765
-2430,4,764
-2430,4,764
-2430,4,764
-2430,4,764
-2431,4,764
-2427,4,758
-2427,4,759
-2430,4,764
-2426,-4,770
-2417,17,1159
-2412,12,1168
-2406,13,1163
-2406,13,1163
-2406,15,1163
-2406,15,1163
-2405,30,1160
-2400,29,1162
-2398,28,1161
-2398,28,1161
-2405,36,1162
-2403,36,1167
-2398,36,1162
-2404,38,1160
-2415,29,1161
-2415,29,1161
-2416,30,1163
-2422,21,1154
-2422,14,1153
-2422,38,1152
-2422,30,1152
-2422,34,1153
-2416,27,1161
-2422,36,1155
-2423,37,1165
-2422,37,1161
-2422,37,1157
-2422,36,1155
-2413,38,1155
-2424,-1,708
-2423,3,758
-2423,4,758
-2423,4,758
-2430,4,762
-2419,4,759
-2418,4,759
-2418,4,759
-2430,4,760
-2430,4,760
-2430,4,760
-2430,4,760
-2426,4,759
-2430,4,764
-2430,4,764
-2430,4,764
-2430,4,764
-2430,4,764
-2430,4,764
-2430,4,764
-2430,4,764
-2430,4,764
-2431,4,760
-2424,4,759
-2424,4,759
-2424,4,759
-2430,4,760
-2430,4,760
-2420,4,759
-2428,4,759
-2428,4,759
-2429,4,759
-2430,4,757
-2430,4,757
-2430,4,757
-2430,4,757
-2429,4,758
-2421,15,1136
-2422,14,1157
-2422,14,1156
-2407,35,1157
-2410,35,1156
-2414,35,1156
-2410,35,1156
-2409,37,1156
-2412,38,1163
-2415,34,1168
-2416,34,1166
-2405,37,1167
-2412,37,1168
-2422,38,1159
-2431,3,761
-2431,3,764
-2431,4,764
-2431,4,764
-2419,16,1172
-2420,27,1162
-2420,28,1162
-2420,28,1162
-2422,26,1152
-2422,25,1154
-2421,27,1153
-2422,27,1153
-2422,15,1152
-2422,17,1152
-2422,23,1152
-2422,27,1152
-2422,32,1152
-2422,33,1153
-2422,35,1153
-2422,36,1155
-2422,37,1155
-2422,37,1155
-2422,37,1155
-2425,18,1152
-2423,25,1152
-2421,28,1153
-2426,35,1152
-2424,36,1153
-2421,36,1154
-2421,36,1154
-2421,37,1154
-2422,37,1154
-2422,37,1154
-2422,39,1154
-2422,39,1154
-2422,39,1154
-2422,41,1153
-2422,27,1156
-2423,27,1153
-2422,13,1155
-2422,14,1152
-2422,28,1152
-2422,28,1152
-2422,37,1152
-2421,37,1162
-2424,40,1161
-2422,37,1151
-2422,14,1152
-2422,28,1152
-2422,28,1152
-2415,17,1159
-2413,17,1157
-2415,16,1165
-2422,3,755
-2422,3,758
-2422,4,758
-2422,4,758
-2422,4,758
-2422,4,758
-2422,4,758
-2422,4,758
-2422,4,758
-2422,4,758
-2422,4,758
-2422,4,758
-2422,4,758
-2422,4,758
-2422,4,758
-2422,4,758
-2422,4,758
-2422,4,758
-2422,4,758
-2422,4,758
-2422,4,758
-2422,4,758
-2422,4,758
-2422,4,758
-2422,4,758
-2422,4,758
-2422,4,758
-2422,4,758
-2422,4,758
-2422,4,758
-2422,4,758
-2422,4,758
-2422,4,758
-2422,4,758
-2422,4,758
-2422,4,758
-2422,4,758
-2422,4,758
-2422,4,758
-2422,4,758
-2422,4,758
-2422,4,758
-2422,4,758
-2422,4,758
-2422,4,758
-2422,4,758
-2422,4,758
-2422,4,758
-2422,4,758
-2422,4,758
-2422,4,758
-2422,4,758
-2422,4,758
-2422,4,758
-2422,4,758
-2422,4,758
-2422,4,758
-2422,4,758
-2422,4,758
-2422,4,758
-2422,4,758
-2422,4,758
-2422,4,758
-2422,4,758
-2422,4,758
-2430,4,760
-2430,4,760
-2430,4,760
-2430,4,760
-2430,4,760
-2430,4,760
-2430,4,760
-2430,4,760
-2430,4,760
-2430,4,760
-2430,4,760
-2430,4,760
-2430,4,760
-2430,4,760
-2430,4,760
-2430,4,760
-2430,4,760
-2430,4,760
-2430,4,760
-2430,4,760
-2430,4,760
-2430,4,760
-2430,4,760
-2430,4,760
-2430,4,760
-2430,4,760
-2430,4,760
-2430,4,760
-2429,4,760
-2429,4,760
-2430,4,763
-2430,4,763
-2430,4,763
-2430,4,763
-2430,4,763
-2430,4,763
-2430,4,763
-2430,4,763
-2430,4,763
-2430,4,763
-2430,4,763
-2430,4,763
-2430,4,763
-2430,4,763
-2430,4,763
-2430,4,763
-2430,4,763
-2430,4,763
-2430,4,763
-2430,4,763
-2430,4,763
-2430,4,763
-2430,4,763
-2430,4,763
-2430,4,763
-2430,4,763
-2430,4,763
-2430,4,763
-2430,4,765
-2430,4,765
-2430,4,765
-2430,4,765
-2430,4,765
-2430,4,765
-2430,4,765
-2430,4,765
-2430,4,765
-2430,4,765
-2430,4,765
-2430,4,765
-2430,4,765
-2430,4,765
-2430,4,765
-2430,4,765
-2430,4,765
-2430,4,765
-2430,4,765
-2430,4,765
-2430,4,765
-2430,4,765
-2430,4,765
-2430,4,765
-2430,4,765
-2430,4,765
-2430,4,765
-2430,4,765
-2430,4,765
-2430,4,765
-2430,4,765
-2430,4,765
-2430,4,765
-2430,4,765
-2430,4,765
-2430,4,765
-2430,4,765
-2430,4,765
-2430,4,765
-2430,4,765
-2430,4,765
-2430,4,765
-2430,4,765
-2430,4,765
-2430,4,765
-2430,4,765
-2430,4,765
-2430,4,765
-2430,4,765
-2430,4,765
-2430,4,765
-2430,4,765
-2430,4,765
-2430,4,765
-2430,4,765
-2430,4,765
-2430,4,765
-2430,4,765
-2430,4,765
-2430,4,765
-2430,4,765
-2430,4,765
-2430,4,765
-2430,4,765
-2430,4,765
-2430,4,765
-2430,4,765
-2430,4,765
-2430,4,765
-2430,4,765
-2430,4,765
-2430,4,765
-2430,4,765
-2430,4,765
-2430,4,765
-2430,4,765
-2430,4,765
-2430,4,765
-2430,4,765
-2430,4,765
-2430,4,765
-2430,4,765
-2430,4,765
-2430,4,765
-2430,4,765
-2430,4,765
-2430,4,765
-2430,4,765
-2430,4,765
-2430,4,765
-2430,4,765
-2430,4,765
-2430,4,765
-2430,4,765
-2430,4,765
-2430,4,765
-2430,4,765
-2430,4,765
-2430,4,765
-2430,4,765
-2430,4,765
-2430,4,765
-2430,4,765
-2430,4,765
-2430,4,765
-2430,4,765
-2430,4,765
-2430,4,765
-2430,4,765
-2430,4,765
-2430,4,765
-2430,4,765
-2430,4,765
-2430,4,765
-2430,4,765
-2430,4,765
-2430,4,765
-2430,4,765
-2430,4,765
-2430,4,765
-2430,4,765
-2430,4,765
-2430,4,765
-2430,4,765
-2430,4,765
-2430,4,765
-2430,4,765
-2430,4,765
-2430,4,765
-2430,4,765
-2430,4,765
-2430,4,765
-2430,4,765
-2430,4,765
-2430,4,765
-2430,4,765
-2430,4,765
-2430,4,765
-2430,4,765
-2430,4,765
-2430,4,765
-2430,4,765
-2430,4,765
-2430,4,765
-2430,4,765
-2430,4,765
-2430,4,765
-2430,4,765
-2430,4,765
-2417,14,1204
-2414,16,1160
-2413,15,1160
-2412,16,1163
-2412,16,1163
-2410,16,1163
-2408,16,1163
-2406,15,1163
-2410,29,1162
-2410,31,1163
-2410,31,1163
-2410,31,1163
-2410,31,1163
-2410,31,1163
-2410,31,1163
-2410,31,1163
-2410,31,1163
-2398,28,1161
-2406,27,1162
-2406,28,1162
-2406,28,1162
-2406,28,1162
-2406,28,1162
-2406,28,1162
-2406,28,1162
-2406,28,1162
-2406,28,1162
-2406,28,1162
-2406,28,1162
-2406,28,1162
-2406,28,1162
-2406,28,1162
-2406,28,1162
-2406,28,1162
-2406,28,1162
-2406,28,1162
-2413,28,1162
-2415,28,1164
-2417,28,1163
-2417,28,1163
-2417,28,1163
-2417,28,1163
-2417,28,1163
-2417,28,1163
-2417,28,1163
-2417,28,1163
-2417,28,1163
-2417,28,1163
-2417,28,1163
-2417,28,1163
-2417,28,1163
-2417,28,1163
-2417,28,1163
-2417,28,1163
-2417,28,1163
-2417,28,1163
-2417,28,1163
-2417,28,1163
-2417,28,1163
-2417,28,1163
-2417,28,1163
-2417,28,1163
-2417,28,1163
-2417,28,1163
-2417,28,1163
-2417,28,1163
-2417,28,1163
-2417,28,1163
-2417,28,1163
-2417,28,1163
-2417,28,1163
-2417,28,1163
-2417,28,1163
-2417,28,1163
-2417,28,1163
-2417,28,1163
-2417,28,1163
-2417,28,1163
-2417,28,1163
-2417,28,1163
-2417,28,1163
-2417,28,1163
-2417,28,1163
-2417,28,1163
-2417,28,1163
-2417,28,1163
-2417,28,1163
-2417,28,1163
-2417,28,1163
-2417,28,1163
-2417,28,1163
-2417,28,1163
-2417,28,1163
-2417,28,1163
-2417,28,1163
-2417,28,1163
-2417,28,1163
-2417,28,1163
-2417,28,1163
-2417,28,1163
-2417,28,1163
-2417,28,1163
-2417,28,1163
-2417,28,1163
-2417,28,1163
-2417,28,1163
-2417,28,1163
-2416,28,1163
-2412,30,1163
-2412,30,1163
-2409,35,1163
-2407,36,1164
-2413,38,1162
-2413,37,1162
-2413,37,1162
-2413,37,1162
-2413,28,1162
-2411,30,1162
-2411,30,1162
-2411,30,1162
-2411,30,1162
-2411,30,1162
-2411,30,1162
-2411,30,1162
-2411,30,1162
-2411,30,1162
-2411,30,1162
-2411,30,1162
-2411,30,1162
-2411,30,1162
-2411,30,1162
-2410,33,1165
-2410,32,1164
-2409,28,1163
-2404,28,1163
-2403,28,1160
-2403,28,1160
-2403,28,1160
-2403,28,1160
-2403,28,1160
-2403,28,1160
-2403,28,1160
-2403,28,1160
-2403,28,1160
-2403,28,1160
-2403,28,1160
-2403,28,1160
-2403,28,1160
-2402,28,1161
-2401,28,1160
-2401,28,1160
-2401,28,1160
-2413,34,1162
-2409,33,1161
-2405,30,1162
-2408,31,1163
-2402,31,1164
-2407,31,1163
-2406,31,1164
-2406,31,1164
-2406,28,1164
-2406,28,1164
-2406,29,1164
-2406,29,1164
-2406,29,1164
-2406,29,1164
-2406,27,1164
-2413,31,1164
-2412,33,1164
-2412,33,1164
-2412,33,1164
-2412,33,1164
-2412,33,1164
-2412,33,1164
-2410,31,1163
-2408,31,1163
-2411,30,1162
-2411,30,1162
-2419,30,1161
-2419,27,1161
-2419,28,1161
-2406,29,1162
-2414,29,1163
-2422,29,1162
-2419,30,1159
-2422,32,1162
-2422,32,1162
-2421,29,1161
-2420,28,1163
-2422,28,1164
-2422,28,1160
-2422,31,1160
-2421,30,1160
-2421,28,1160
-2421,28,1163
-2420,27,1163
-2420,31,1166
-2420,28,1165
-2420,28,1165
-2420,28,1165
-2420,28,1165
-2408,29,1165
-2402,29,1163
-2403,27,1162
-2404,31,1163
-2401,29,1162
-2402,32,1161
-2415,34,1161
-2411,39,1170
-2411,39,1170
-2412,32,1165
-2414,24,1166
-2414,30,1167
-2413,31,1165
-2406,36,1158
-2416,35,1160
-2404,35,1164
-2417,35,1165
-2404,32,1160
-2419,32,1159
-2409,38,1160
-2404,31,1165
-2408,31,1165
-2411,30,1165
-2409,31,1165
-2417,31,1165
-2418,30,1165
-2417,30,1165
-2406,32,1165
-2404,29,1165
-2418,29,1165
-2405,29,1164
-2413,26,1166
-2416,30,1165
-2407,30,1166
-2407,30,1166
-2407,30,1166
-2407,30,1166
-2411,29,1166
-2412,28,1166
-2423,30,1164
-2403,38,1163
-2405,38,1162
-2415,35,1164
-2414,41,1163
-2407,36,1161
-2404,37,1159
-2406,34,1159
-2405,36,1162
-2405,36,1163
-2417,36,1163
-2418,36,1163
-2405,36,1160
-2405,36,1160
-2410,36,1159
-2410,39,1162
-2409,38,1162
-2406,35,1161
-2410,31,1160
-2405,30,1160
-2412,29,1156
-2412,29,1156
-2412,29,1156
-2412,29,1156
-2412,29,1156
-2412,29,1156
-2412,29,1156
-2412,29,1156
-2412,29,1156
-2412,29,1156
-2412,29,1156
-2412,29,1156
-2412,29,1156
-2412,29,1156
-2412,29,1156
-2418,29,1157
-2411,29,1155
-2411,29,1155
-2411,29,1155
-2411,29,1155
-2407,29,1158
-2407,29,1158
-2407,29,1158
-2407,29,1158
-2407,29,1158
-2409,29,1159
-2418,29,1159
-2418,29,1159
-2418,29,1159
-2418,29,1159
-2418,29,1159
-2418,29,1159
-2418,29,1159
-2418,29,1159
-2418,29,1159
-2418,29,1159
-2418,29,1159
-2418,29,1159
-2418,29,1159
-2418,29,1159
-2418,29,1159
-2418,29,1159
-2418,29,1159
-2418,29,1159
-2418,29,1159
-2418,29,1159
-2418,29,1159
-2418,29,1159
-2418,29,1159
-2418,29,1159
-2418,29,1159
-2418,29,1159
-2418,29,1159
-2418,29,1159
-2418,29,1159
-2418,29,1159
-2418,29,1159
-2418,29,1159
-2418,29,1159
-2418,29,1159
-2418,29,1159
-2418,29,1159
-2418,29,1159
-2418,29,1159
-2418,29,1159
-2418,29,1159
-2418,29,1159
-2418,29,1159
-2418,29,1159
-2418,29,1159
-2418,29,1159
-2418,29,1159
-2418,29,1159
-2418,29,1159
-2418,29,1159
-2418,29,1159
-2418,29,1159
-2418,29,1159
-2418,29,1159
-2418,29,1159
-2418,29,1159
-2418,29,1159
-2418,29,1159
-2418,29,1159
-2418,29,1159
-2418,29,1159
-2418,29,1159
-2418,29,1159
-2418,29,1159
-2418,29,1159
-2418,29,1159
-2418,29,1159
-2418,29,1159
-2418,29,1159
-2418,29,1159
-2418,29,1159
-2418,29,1159
-2418,29,1159
-2418,29,1159
-2418,29,1159
-2418,29,1159
-2418,29,1159
-2418,29,1159
-2418,29,1159
-2418,29,1159
-2418,29,1159
-2418,29,1159
-2418,29,1159
-2418,29,1159
-2418,29,1159
-2418,29,1159
-2418,29,1159
-2418,29,1159
-2418,29,1159
-2418,29,1159
-2418,29,1159
-2418,29,1159
-2418,29,1159
-2418,29,1159
-2418,29,1159
-2418,29,1159
-2418,29,1159
-2418,29,1159
-2418,29,1159
-2418,29,1159
-2418,29,1159
-2418,29,1159
-2418,29,1159
-2418,29,1159
-2418,29,1159
-2418,29,1159
-2418,29,1159
-2418,29,1159
-2418,29,1159
-2418,29,1159
-2418,29,1159
-2418,29,1159
-2418,29,1159
-2418,29,1159
-2418,29,1159
-2418,29,1159
-2418,29,1159
-2418,29,1159
-2418,29,1159
-2418,29,1159
-2418,29,1159
-2418,29,1159
-2418,29,1159
-2418,29,1159
-2418,29,1159
-2418,29,1159
-2418,29,1159
-2418,29,1159
-2418,29,1159
-2418,29,1159
-2418,29,1159
-2418,29,1159
-2418,29,1159
-2418,29,1159
-2418,29,1159
-2418,29,1159
-2418,29,1159
-2418,29,1159
-2418,29,1159
-2418,29,1159
-2418,29,1159
-2418,29,1159
-2418,29,1159
-2418,29,1159
-2418,29,1159
-2418,29,1159
-2418,29,1159
-2418,29,1159
-2418,29,1159
-2418,29,1159
-2418,29,1159
-2418,29,1159
-2418,29,1159
-2418,29,1159
-2418,29,1159
-2418,29,1159
-2418,29,1159
-2418,29,1159
-2418,29,1159
-2418,29,1159
-2418,29,1159
-2418,29,1159
-2418,29,1159
-2418,29,1159
-2418,29,1159
-2418,29,1159
-2418,29,1159
-2418,29,1159
-2418,29,1159
-2418,29,1159
-2418,29,1159
-2418,29,1159
-2418,29,1159
-2418,29,1159
-2418,29,1159
-2418,29,1159
-2418,29,1159
-2418,29,1159
-2418,29,1159
-2418,29,1159
-2418,29,1159
-2418,29,1159
-2418,29,1159
-2418,29,1159
-2418,29,1159
-2418,29,1159
-2418,29,1159
-2418,29,1159
-2418,29,1159
-2418,29,1159
-2418,29,1159
-2418,29,1159
-2418,29,1159
-2418,29,1159
-2418,29,1159
-2418,29,1159
-2418,29,1159
-2418,29,1159
-2418,29,1159
-2418,29,1159
-2418,29,1159
-2418,29,1159
-2418,29,1159
-2418,29,1159
-2418,29,1159
-2418,29,1159
-2418,29,1159
-2418,29,1159
-2418,29,1159
-2418,29,1159
-2418,29,1159
-2418,29,1159
-2418,29,1159
-2418,29,1159
-2418,29,1159
-2418,29,1159
-2418,29,1159
-2418,29,1159
-2418,29,1159
-2418,29,1159
-2418,29,1159
-2418,29,1159
-2418,29,1159
-2418,29,1159
-2418,29,1159
-2418,29,1159
-2418,29,1159
-2418,29,1159
-2418,29,1159
-2418,29,1159
-2418,29,1159
-2418,29,1159
-2418,29,1159
-2418,29,1159
-2418,29,1159
-2418,29,1159
-2418,29,1159
-2418,29,1159
-2418,29,1159
-2418,29,1159
-2418,29,1159
-2418,29,1159
-2418,29,1159
-2418,29,1159
-2418,29,1159
-2418,29,1159
-2418,29,1159
-2418,29,1159
-2418,29,1159
-2418,29,1159
-2418,29,1159
-2418,29,1159
-2418,29,1159
-2418,29,1159
-2418,29,1159
-2418,29,1159
-2418,29,1159
-2418,29,1159
-2418,29,1159
-2418,29,1159
-2418,29,1159
-2418,29,1159
-2418,29,1159
-2418,29,1159
-2418,29,1159
-2418,29,1159
-2418,29,1159
-2418,29,1159
-2418,29,1159
-2418,29,1159
-2418,29,1159
-2418,29,1159
-2418,29,1159
-2418,29,1159
-2418,29,1159
-2418,29,1159
-2418,29,1159
-2418,29,1159
-2418,29,1159
-2418,29,1159
-2418,29,1159
-2418,29,1159
-2418,29,1159
-2418,29,1159
-2418,29,1159
-2418,29,1159
-2418,29,1159
-2418,29,1159
-2418,29,1159
-2418,29,1159
-2418,29,1159
-2418,29,1159
-2418,29,1159
-2418,29,1159
-2418,29,1159
-2418,29,1159
-2418,29,1159
-2418,29,1159
-2418,29,1159
-2418,29,1159
-2418,29,1159
-2418,29,1159
-2418,29,1159
-2418,29,1159
-2418,29,1159
-2418,29,1159
-2418,29,1159
-2418,29,1159
-2418,29,1159
-2418,29,1159
-2418,29,1159
-2418,29,1159
-2418,29,1159
-2418,29,1159
-2418,29,1159
-2418,29,1159
-2418,29,1159
-2418,29,1159
-2418,29,1159
-2418,29,1159
-2418,29,1159
-2418,29,1159
-2418,29,1159
-2418,29,1159
-2418,29,1159
-2418,29,1159
-2418,29,1159
-2418,29,1159
-2418,29,1159
-2418,29,1159
-2418,29,1159
-2418,29,1159
-2418,29,1159
-2418,29,1159
-2418,29,1159
-2418,29,1159
-2418,29,1159
-2418,29,1159
-2418,29,1159
-2418,29,1159
-2418,29,1159
-2418,29,1159
-2418,29,1159
-2418,29,1159
-2418,29,1159
-2418,29,1159
-2418,29,1159
-2418,29,1159
-2418,29,1159
-2418,29,1159
-2418,29,1159
-2418,29,1159
-2418,29,1159
-2418,29,1159
-2418,29,1159
-2418,29,1159
-2418,29,1159
-2418,29,1159
-2418,29,1159
-2418,29,1159
-2418,29,1159
-2418,29,1159
-2418,29,1159
-2418,29,1159
-2418,29,1159
-2418,29,1159
-2418,29,1159
-2418,29,1159
-2418,29,1159
-2418,29,1159
-2418,29,1159
-2418,29,1159
-2418,29,1159
-2418,29,1159
-2418,29,1159
-2418,29,1159
-2418,29,1159
-2418,29,1159
-2418,29,1159
-2418,29,1159
-2418,29,1159
-2418,29,1159
-2418,29,1159
-2418,29,1159
-2418,29,1159
-2418,29,1159
-2418,29,1159
-2418,29,1159
-2418,29,1159
-2418,29,1159
-2418,29,1159
-2418,29,1159
-2418,29,1159
-2418,29,1159
-2418,29,1159
-2418,29,1159
-2418,29,1159
-2418,29,1159
-2418,29,1159
-2418,29,1159
-2418,29,1159
-2418,29,1159
-2418,29,1159
-2418,29,1159
-2418,29,1159
-2412,31,1160
-2406,28,1159
-2415,28,1159
-2414,28,1159
-2404,28,1159
-2417,32,1159
-2401,29,1167
-2422,29,1159
-2412,33,1160
-2408,33,1159
-2427,29,1163
-2409,38,1161
-2411,37,1160
-2411,37,1160
-2409,37,1154
-2410,20,1159
-2401,28,1164
-2401,27,1159
-2418,12,1157
-2421,14,1168
-2421,14,1168
-2406,31,1160
-2407,31,1160
-2417,35,1160
-2409,36,1159
-2415,36,1165
-2414,37,1163
-2405,33,1162
-2409,34,1163
-2407,34,1161
-2413,37,1161
-2414,34,1161
-2418,31,1163
-2410,34,1162
-2405,36,1163
-2405,32,1164
-2406,31,1165
-2417,31,1164
-2416,30,1158
-2405,30,1158
-2404,30,1159
-2403,29,1160
-2404,29,1162
-2404,29,1161
-2408,36,1164
-2407,31,1167
-2417,31,1166
-2414,31,1159
-2406,29,1158
-2403,38,1160
-2407,36,1160
-2416,29,1160
-2411,29,1160
-2405,29,1160
-2418,29,1160
-2406,29,1159
-2408,29,1159
-2411,28,1159
-2417,28,1159
-2403,28,1159
-2405,29,1164
-2405,28,1164
-2404,28,1164
-2406,27,1164
-2413,27,1164
-2417,26,1165
-2406,26,1165
-2417,26,1165
-2406,29,1166
-2411,29,1166
-2416,32,1165
-2417,31,1164
-2418,31,1165
-2418,28,1162
-2419,28,1159
-2418,31,1161
-2416,29,1158
-2414,29,1158
-2404,30,1158
-2418,31,1162
-2418,31,1162
-2411,32,1163
-2406,32,1161
-2404,28,1161
-2404,29,1161
-2410,30,1162
-2417,30,1161
-2404,28,1161
-2404,28,1161
-2403,29,1165
-2403,29,1165
-2403,29,1165
-2404,29,1163
-2409,28,1165
-2411,31,1164
-2411,31,1164
-2414,30,1165
-2414,30,1165
-2414,31,1165
-2414,33,1165
-2414,33,1165
-2413,36,1161
-2413,34,1160
-2413,30,1160
-2411,36,1160
-2408,36,1160
-2415,30,1158
-2408,31,1160
-2412,37,1164
-2415,37,1165
-2409,37,1166
-2409,37,1166
-2409,37,1166
-2409,34,1160
-2409,33,1159
-2409,35,1164
-2409,31,1164
-2410,39,1169
-2413,30,1166
-2406,28,1164
-2406,28,1160
-2415,28,1162
-2409,28,1162
-2406,24,1167
-2406,20,1167
-2406,20,1167
-2406,20,1167
-2404,29,1163
-2406,22,1164
-2404,24,1162
-2404,29,1164
-2405,22,1163
-2406,22,1161
-2410,15,1162
-2411,15,1162
-2413,16,1162
-2411,16,1165
-2411,16,1163
-2406,14,1159
-2411,16,1161
-2412,15,1162
-2412,16,1162
-2411,18,1162
-2411,16,1161
-2412,21,1162
-2410,24,1162
-2407,24,1163
-2413,24,1162
-2412,25,1164
-2407,24,1163
-2405,24,1165
-2405,24,1165
-2404,23,1164
-2401,24,1161
-2401,25,1162
-2402,23,1162
-2425,4,758
-2430,4,764
-2430,4,764
-2425,-2,769
-2425,-2,769
-2406,19,1156
-2414,24,1160
-2414,24,1160
-2414,24,1160
-2414,24,1160
-2414,24,1160
-2414,24,1160
-2414,24,1160
-2414,24,1160
-2414,24,1160
-2414,24,1160
-2414,24,1160
-2414,24,1160
-2414,24,1160
-2414,24,1160
-2414,24,1160
-2414,24,1160
-2414,24,1160
-2414,24,1160
-2414,24,1160
-2414,24,1160
-2414,24,1160
-2414,24,1160
-2414,24,1160
-2414,24,1160
-2414,24,1160
-2414,24,1160
-2414,24,1160
-2414,24,1160
-2414,24,1160
-2414,24,1160
-2414,24,1160
-2414,24,1160
-2414,24,1160
-2414,24,1160
-2414,24,1160
-2414,24,1160
-2414,24,1160
-2414,24,1160
-2414,24,1160
-2414,24,1160
-2414,24,1160
-2414,24,1160
-2414,24,1160
-2414,24,1160
-2414,24,1160
-2414,24,1160
-2414,24,1160
-2414,24,1160
-2414,24,1160
-2414,24,1160
-2414,24,1160
-2414,24,1160
-2414,24,1160
-2414,24,1160
-2414,24,1160
-2414,24,1160
-2414,24,1160
-2414,24,1160
-2414,24,1160
-2414,24,1160
-2414,24,1160
-2414,24,1160
-2414,24,1160
-2414,24,1160
-2414,24,1160
-2414,24,1160
-2414,24,1160
-2414,24,1160
-2414,24,1160
-2414,24,1160
-2414,24,1160
-2414,24,1160
-2414,24,1160
-2414,24,1160
-2414,24,1160
-2414,24,1160
-2414,24,1160
-2414,24,1160
-2414,24,1160
-2414,24,1160
-2414,24,1160
-2414,24,1160
-2414,24,1160
-2414,24,1160
-2414,24,1160
-2414,24,1160
-2414,24,1160
-2414,24,1160
-2414,24,1160
-2414,24,1160
-2414,24,1165
-2414,16,1165
-2414,16,1165
-2428,4,757
-2428,4,757
-2425,-2,770
-2406,15,1162
-2407,15,1163
-2414,15,1166
-2416,22,1167
-2410,38,1164
-2403,37,1159
-2403,37,1159
-2403,37,1159
-2403,37,1159
-2403,37,1159
-2408,29,1159
-2409,16,1159
-2409,17,1160
-2414,17,1160
-2415,17,1164
-2415,17,1164
-2414,17,1164
-2412,18,1165
-2409,19,1163
-2409,21,1163
-2409,22,1163
-2411,24,1164
-2402,22,1162
-2403,22,1162
-2407,22,1162
-2409,24,1160
-2407,24,1161
-2411,24,1160
-2411,24,1160
-2410,24,1163
-2412,24,1161
-2415,23,1160
-2409,23,1161
-2410,23,1161
-2410,23,1161
-2412,23,1159
-2412,23,1165
-2412,23,1165
-2416,29,1166
-2416,29,1166
-2416,29,1166
-2416,29,1166
-2415,28,1166
-2413,28,1166
-2416,51,1164
-2402,37,1160
-2402,37,1160
-2406,37,1160
-2413,23,1165
-2412,23,1159
-2412,18,1159
-2414,16,1162
-2414,20,1162
-2408,21,1163
-2408,21,1163
-2408,21,1163
-2411,16,1162
-2412,14,1162
-2412,21,1162
-2412,28,1161
-2404,28,1162
-2408,28,1163
-2417,23,1162
-2408,23,1162
-2409,24,1162
-2415,24,1162
-2413,23,1159
-2406,29,1158
-2415,24,1162
-2414,24,1162
-2414,24,1162
-2412,25,1163
-2412,24,1160
-2411,24,1165
-2415,24,1163
-2415,24,1162
-2415,24,1162
-2415,24,1162
-2415,24,1162
-2415,23,1162
-2413,23,1165
-2413,23,1165
-2406,36,1164
-2402,38,1160
-2407,28,1164
-2413,22,1165
-2415,23,1163
-2415,21,1162
-2415,22,1162
-2413,24,1159
-2413,24,1159
-2413,25,1160
-2418,25,1163
-2414,22,1164
-2409,22,1159
-2403,37,1160
-2403,37,1160
-2416,23,1161
-2415,23,1162
-2416,23,1163
-2410,24,1165
-2414,36,1162
-2414,36,1162
-2414,36,1162
-2415,36,1162
-2406,37,1162
-2417,36,1163
-2410,37,1163
-2405,36,1163
-2415,37,1162
-2414,34,1154
-2413,24,1156
-2411,31,1157
-2405,33,1160
-2405,33,1160
-2405,33,1160
-2412,32,1159
-2412,32,1158
-2406,32,1160
-2407,32,1160
-2407,32,1160
-2415,32,1159
-2413,32,1159
-2416,30,1158
-2414,30,1160
-2411,31,1160
-2420,30,1160
-2415,16,1166
-2415,12,1166
-2414,36,1170
-2406,37,1164
-2403,37,1161
-2412,37,1154
-2408,21,1160
-2414,21,1165
-2414,21,1165
-2414,21,1165
-2414,21,1165
-2416,14,1162
-2416,14,1162
-2417,12,1162
-2415,13,1163
-2416,14,1163
-2416,13,1163
-2417,14,1166
-2417,22,1162
-2417,19,1159
-2417,28,1156
-2418,22,1158
-2419,21,1161
-2418,24,1162
-2420,28,1162
-2420,23,1162
-2416,15,1161
-2422,4,758
-2424,4,758
-2426,4,759
-2429,4,759
-2429,4,759
-2429,4,764
-2430,4,764
-2430,4,764
-2430,4,764
-2430,4,764
-2430,4,764
-2430,4,764
-2405,12,1157
-2416,15,1159
-2417,14,1161
-2417,15,1162
-2417,15,1164
-2417,16,1164
-2417,19,1164
-2417,16,1163
-2418,21,1162
-2417,22,1162
-2416,22,1164
-2419,24,1162
-2416,21,1164
-2416,21,1164
-2416,21,1164
-2416,24,1164
-2421,24,1163
-2421,24,1163
-2421,24,1163
-2421,24,1163
-2421,24,1163
-2421,24,1163
-2421,23,1163
-2421,23,1163
-2421,23,1163
-2421,23,1163
-2418,23,1164
-2420,29,1160
-2422,29,1163
-2422,31,1163
-2420,31,1165
-2410,33,1170
-2421,38,1164
-2421,38,1163
-2421,36,1162
-2421,36,1162
-2421,36,1162
-2417,38,1162
-2416,36,1162
-2414,37,1162
-2415,37,1161
-2420,37,1163
-2420,36,1163
-2420,36,1163
-2420,37,1163
-2421,32,1162
-2421,36,1162
-2421,38,1162
-2421,38,1162
-2421,38,1162
-2419,37,1164
-2414,26,1156
-2421,16,1161
-2412,31,1170
-2415,40,1162
-2416,36,1162
-2416,38,1162
-2415,37,1162
-2416,37,1162
-2417,37,1162
-2415,36,1162
-2412,37,1162
-2415,36,1161
-2415,39,1162
-2413,38,1162
-2417,36,1163
-2415,38,1161
-2417,38,1162
-2417,37,1162
-2411,37,1162
-2414,36,1162
-2408,36,1161
-2414,36,1161
-2405,36,1163
-2412,30,1168
-2411,30,1164
-2406,30,1164
-2407,29,1167
-2409,25,1165
-2410,30,1164
-2415,30,1164
-2415,30,1164
-2411,30,1165
-2412,30,1164
-2411,30,1165
-2411,30,1164
-2410,29,1161
-2409,29,1161
-2408,29,1161
-2407,29,1162
-2408,30,1162
-2408,30,1162
-2409,30,1162
-2411,28,1163
-2412,30,1160
-2408,26,1158
-2416,25,1162
-2412,25,1165
-2412,19,1165
-2412,15,1167
-2417,20,1164
-2414,20,1163
-2415,24,1159
-2415,24,1159
-2415,22,1166
-2414,24,1159
-2417,13,1167
-2417,13,1167
-2417,13,1167
-2416,24,1167
-2419,28,1164
-2408,28,1162
-2409,28,1162
-2412,28,1160
-2409,28,1163
-2408,29,1162
-2410,30,1162
-2411,27,1165
-2411,27,1165
-2411,27,1165
-2411,27,1165
-2408,28,1165
-2410,38,1170
-2402,38,1160
-2402,38,1160
-2402,38,1160
-2405,38,1162
-2412,30,1165
-2411,28,1159
-2411,26,1158
-2411,26,1158
-2411,26,1158
-2411,28,1160
-2415,28,1162
-2415,28,1162
-2412,26,1165
-2409,27,1162
-2409,30,1162
-2410,28,1162
-2419,28,1159
-2415,28,1161
-2408,27,1157
-2414,28,1166
-2412,28,1166
-2415,30,1167
-2403,28,1160
-2398,28,1161
-2422,28,1153
-2422,28,1152
-2422,28,1152
-2422,14,1152
-2415,12,1157
-2421,14,1161
-2421,14,1161
-2421,14,1161
-2421,14,1161
-2418,13,1160
-2418,13,1165
-2422,4,774
-2426,-2,770
-2417,13,1159
-2417,13,1159
-2417,13,1159
-2417,13,1159
-2417,13,1159
-2417,13,1159
-2402,13,1161
-2393,13,1167
-2394,13,1158
-2392,13,1157
-2390,13,1157
-2390,13,1157
-2390,13,1157
-2391,13,1157
-2395,13,1162
-2395,13,1163
-2422,4,758
-2422,4,758
-2422,4,758
-2422,4,758
-2422,4,758
-2422,4,758
-2422,4,758
-2422,4,758
-2422,4,758
-2422,4,758
-2422,4,758
-2422,4,758
-2422,4,758
-2422,4,758
-2422,4,758
-2422,4,758
-2422,4,758
-2422,4,758
-2422,4,758
-2422,4,758
-2422,4,758
-2422,4,758
-2422,4,758
-2422,4,758
-2422,4,758
-2422,4,758
-2422,4,758
-2422,4,758
-2422,4,758
-2422,4,758
-2422,4,758
-2422,4,758
-2422,4,758
-2430,4,764
-2430,4,764
-2430,4,764
-2430,4,764
-2431,4,765
-2431,4,765
-2430,4,762
-2426,4,759
-2426,4,759
-2428,4,757
-2428,4,757
-2430,4,762
-2430,4,762
-2430,4,762
-2430,4,762
-2427,4,757
-2427,4,757
-2405,12,1159
-2395,13,1162
-2396,13,1161
-2403,14,1161
-2418,12,1160
-2422,26,1152
-2419,28,1160
-2419,28,1160
-2418,28,1160
-2418,28,1160
-2414,28,1160
-2412,28,1160
-2411,28,1160
-2407,28,1161
-2406,28,1161
-2401,28,1167
-2401,28,1165
-2405,28,1164
-2412,28,1163
-2418,28,1163
-2421,28,1162
-2421,28,1159
-2421,28,1160
-2422,28,1163
-2414,28,1161
-2412,28,1164
-2406,28,1164
-2401,28,1165
-2399,28,1160
-2398,28,1156
-2398,28,1169
-2426,28,1159
-2422,37,1152
-2419,36,1157
-2401,36,1158
-2398,36,1163
-2398,36,1163
-2418,36,1157
-2420,36,1160
-2420,36,1160
-2420,36,1160
-2420,36,1160
-2420,36,1160
-2420,36,1160
-2420,36,1160
-2420,36,1160
-2420,36,1160
-2420,36,1160
-2420,36,1160
-2420,36,1160
-2420,36,1160
-2420,36,1160
-2420,36,1160
-2420,36,1160
-2420,36,1160
-2420,36,1160
-2420,36,1160
-2420,36,1161
-2422,36,1167
-2419,36,1167
-2426,37,1158
-2422,28,1152
-2422,28,1152
-2424,15,1161
-2426,17,1163
-2426,17,1163
-2426,17,1163
-2426,17,1163
-2426,17,1163
-2426,17,1163
-2422,4,758
-2430,4,761
-2430,4,761
-2430,4,761
-2430,4,761
-2430,4,761
-2430,4,761
-2430,4,761
-2430,4,761
-2430,4,761
-2430,4,761
-2430,4,761
-2430,4,761
-2430,4,761
-2430,4,761
-2430,4,761
-2430,4,761
-2430,4,761
-2430,4,761
-2430,4,761
-2430,4,761
-2430,4,761
-2430,4,761
-2430,4,761
-2430,4,761
-2430,4,761
-2430,4,761
-2430,4,761
-2430,4,764
-2430,4,764
-2430,4,764
-2430,4,764
-2430,4,764
-2430,4,764
-2430,4,764
-2424,4,759
-2424,4,759
-2424,4,759
-2429,4,760
-2429,4,760
-2430,4,764
-2428,4,757
-2425,-2,770
-2423,15,1162
-2428,18,1166
-2428,18,1166
-2430,24,1168
-2432,24,1163
-2432,25,1156
-2431,25,1162
-2429,25,1165
-2423,18,1164
-2422,14,1163
-2419,14,1165
-2413,12,1167
-2414,12,1167
-2414,16,1164
-2431,4,764
-2425,-2,770
-2410,16,1164
-2408,16,1161
-2408,16,1161
-2408,16,1161
-2408,16,1161
-2415,18,1142
-2408,18,1133
-2414,18,1134
-2413,18,1137
-2413,18,1137
-2413,18,1137
-2411,19,1142
-2416,19,1138
-2411,19,1134
-2409,19,1138
-2409,18,1138
-2406,18,1134
-2408,19,1136
-2412,19,1138
-2416,19,1143
-2407,19,1142
-2409,19,1140
-2408,19,1143
-2417,19,1142
-2412,20,1137
-2415,19,1137
-2409,19,1139
-2413,19,1139
-2409,19,1140
-2415,19,1142
-2411,22,1140
-2425,22,1136
-2416,18,1133
-2416,17,1134
-2416,17,1132
-2416,18,1130
-2413,20,1128
-2411,20,1128
-2407,19,1130
-2407,20,1132
-2407,18,1134
-2407,19,1134
-2412,16,1133
-2414,21,1133
-2414,21,1130
-2416,21,1131
-2416,21,1131
-2408,16,1136
-2408,19,1137
-2411,17,1138
-2412,20,1138
-2415,19,1137
-2415,20,1134
-2408,20,1133
-2411,20,1138
-2413,21,1138
-2416,21,1134
-2412,21,1130
-2407,21,1135
-2409,21,1136
-2429,11,1132
-2431,11,1131
-2431,11,1131
-2428,11,1131
-2417,19,1127
-2416,53,1125
-2408,30,1126
-2412,24,1125
-2412,24,1125
-2412,24,1125
-2412,24,1125
-2412,24,1125
-2412,24,1125
-2412,24,1125
-2412,24,1125
-2412,24,1125
-2411,24,1125
-2393,11,1139
-2395,63,1151
-2393,11,1140
-2402,24,1129
-2407,23,1130
-2406,23,1129
-2406,23,1129
-2406,23,1129
-2406,23,1129
-2406,23,1129
-2406,23,1129
-2406,23,1129
-2408,22,1131
-2416,22,1131
-2416,22,1131
-2416,22,1131
-2416,22,1131
-2414,24,1129
-2420,23,1131
-2420,23,1131
-2418,22,1129
-2418,22,1129
-2418,22,1129
-2411,24,1139
-2410,24,1129
-2417,19,1127
-2414,24,1128
-2413,24,1138
-2405,24,1130
-2407,23,1132
-2409,11,1133
-2409,11,1133
-2404,24,1129
-2404,20,1130
-2418,20,1138
-2416,18,1127
-2411,23,1136
-2407,23,1126
-2407,23,1129
-2407,23,1129
-2407,23,1129
-2405,24,1128
-2408,23,1129
-2410,20,1132
-2412,11,1134
-2412,11,1134
-2428,4,759
-2431,4,765
-2430,4,762
-2430,4,762
-2430,4,762
-2430,4,762
-2426,4,759
-2425,4,759
-2421,4,752
-2426,4,757
-2419,4,752
-2419,4,752
-2422,4,758
-2411,35,1134
-2411,31,1134
-2409,32,1132
-2410,32,1133
-2412,36,1132
-2412,59,1130
-2411,59,1133
-2412,35,1131
-2412,57,1131
-2412,47,1131
-2413,35,1132
-2412,30,1134
-2412,11,1137
-2412,11,1137
-2412,11,1135
-2412,23,1134
-2412,26,1134
-2412,41,1129
-2410,64,1131
-2427,64,1147
-2432,64,1143
-2430,64,1143
-2435,64,1143
-2435,64,1143
-2435,64,1143
-2435,64,1143
-2434,64,1143
-2414,64,1147
-2412,62,1129
-2412,35,1133
-2412,11,1134
-2410,11,1132
-2410,11,1132
-2410,11,1133
-2411,11,1141
-2406,11,1141
-2406,11,1141
-2406,11,1141
-2406,11,1141
-2406,11,1141
-2406,11,1141
-2407,11,1143
-2407,11,1141
-2405,11,1139
-2405,11,1139
-2405,11,1139
-2412,11,1140
-2412,31,1134
-2412,59,1129
-2411,64,1137
-2411,64,1137
-2419,64,1146
-2432,66,1143
-2418,75,1131
-2418,75,1134
-2418,75,1127
-2419,75,1128
-2417,88,1127
-2417,88,1127
-2417,88,1127
-2417,88,1127
-2417,88,1127
-2418,80,1132
-2421,64,1148
-2411,64,1138
-2401,64,1147
-2393,11,1147
-2393,11,1141
-2393,11,1141
-2386,11,1118
-2383,11,1117
-2383,11,1117
-2383,11,1117
-2383,11,1117
-2383,11,1117
-2383,11,1117
-2383,11,1117
-2383,11,1117
-2383,11,1117
-2422,4,758
-2422,4,758
-2422,4,758
-2422,4,758
-2422,4,758
-2422,4,758
-2422,4,758
-2422,4,758
-2422,4,758
-2422,4,758
-2422,4,758
-2422,4,758
-2422,4,758
-2422,4,758
-2422,4,758
-2422,4,758
-2422,4,758
-2422,4,758
-2422,4,758
-2422,4,758
-2422,4,758
-2422,4,758
-2422,4,758
-2422,4,758
-2422,4,758
-2422,4,758
-2422,4,758
-2422,4,758
-2422,4,758
-2422,4,758
-2422,4,758
-2422,4,758
-2422,4,758
-2422,4,758
-2422,4,758
-2422,4,758
-2422,4,758
-2422,4,758
-2422,4,758
-2422,4,758
-2422,4,758
-2422,4,758
-2422,4,758
-2422,4,758
-2422,4,758
-2422,4,758
-2422,4,758
-2422,4,758
-2422,4,758
-2422,4,758
-2422,4,758
-2422,4,758
-2422,4,758
-2422,4,758
-2422,4,758
-2422,4,758
-2422,4,758
-2422,4,758
-2422,4,758
-2422,4,758
-2422,4,758
-2422,4,758
-2422,4,758
-2422,4,758
-2422,4,758
-2422,4,758
-2422,4,758
-2422,4,758
-2422,4,758
-2422,4,758
-2422,4,758
-2422,4,758
-2422,4,758
-2422,4,758
-2422,4,758
-2422,4,758
-2422,4,758
-2422,4,758
-2422,4,758
-2422,4,758
-2422,4,758
-2422,4,758
-2422,4,758
-2422,4,758
-2422,4,758
-2422,4,758
-2422,4,758
-2422,4,758
-2422,4,758
-2422,4,758
-2422,4,758
-2342,34,1165
-2342,34,1165
-2318,73,1134
-2304,72,1136
-2323,73,1134
-2337,74,1140
-2237,21,1135
-2303,2,1019
-2322,2,961
-2244,10,918
-2251,24,908
-2245,24,900
-2238,24,899
-2155,22,884
-2117,24,887
-2106,24,884
-2063,25,868
-2076,25,889
-2066,21,862
-2084,13,873
-2077,13,909
-2077,21,934
-2076,13,906
-2074,13,875
-2067,2,861
-2076,2,878
-2076,2,892
-2078,2,925
-2077,2,919
-2076,2,906
-2081,2,901
-2422,4,758
-2422,4,758
-2418,4,758
-2414,4,755
-2429,4,759
-2882,4,786
-3282,11,-58
-3282,11,-61
-3276,11,-59
-3292,11,-73
-3295,11,-70
-3293,11,-70
-3293,11,-70
-3293,11,-70
-1630,19004,21957
15314,-21926,7938
8506,-22188,-2070
-21030,211,-32466
-2287,20148,-28462
-30230,-6798,16044
