-257,8,-891
-257,8,-891
-257,8,-891
-257,8,-891
-257,8,-891
-257,8,-891
-257,8,-891
-257,8,-891
-257,8,-891
-257,8,-891
-257,8,-891
-257,8,-891
-257,8,-891
-257,8,-891
-257,8,-891
-257,8,-891
-257,8,-891
-257,8,-891
-257,8,-891
-257,8,-891
-257,8,-891
-257,8,-891
-257,8,-891
-257,8,-891
-257,8,-891
-257,8,-891
-257,8,-891
-257,8,-891
-257,8,-891
-257,8,-891
-257,8,-891
-257,8,-891
-257,8,-891
-257,8,-891
-257,8,-891
-257,8,-891
-257,8,-891
-257,8,-891
-257,8,-891
-257,8,-891
-257,8,-891
-257,8,-891
-257,8,-891
-257,8,-891
-257,8,-891
-257,8,-891
-257,8,-891
-257,8,-891
-257,8,-891
-257,8,-891
-257,8,-891
-257,8,-891
-257,8,-891
-257,8,-891
-257,8,-891
-257,8,-891
-257,8,-891
-257,8,-891
-257,8,-891
-257,8,-891
-257,8,-891
-257,8,-891
-257,8,-891
-257,8,-891
-257,8,-891
-257,8,-891
-257,8,-891
-257,8,-891
-257,8,-891
-257,8,-891
-257,8,-891
-257,8,-891
-257,8,-891
-257,8,-891
-257,8,-891
-257,8,-891
-257,8,-891
-257,8,-891
-257,8,-891
-257,8,-891
