44,-7455,109
43,-7455,105
43,-7455,105
43,-7455,105
43,-7455,105
43,-7455,105
41,-7455,106
38,-7455,104
42,-7455,110
43,-7455,110
45,-7455,112
45,-7455,117
41,-7455,104
41,-7455,104
41,-7455,104
41,-7455,104
41,-7455,104
41,-7455,104
41,-7455,104
23,-7455,110
30,-7455,117
36,-7454,103
36,-7454,103
36,-7454,103
36,-7454,103
36,-7454,103
36,-7454,103
36,-7454,103
36,-7454,103
36,-7454,103
36,-7455,103
36,-7455,110
36,-7455,111
36,-7455,111
36,-7455,111
36,-7455,111
36,-7455,111
36,-7455,111
36,-7455,111
33,-7455,120
39,-7455,120
39,-7455,120
39,-7455,118
38,-7455,115
39,-7455,106
38,-7455,108
38,-7455,108
38,-7455,108
38,-7455,108
38,-7455,106
38,-7455,106
38,-7455,106
36,-7455,106
36,-7455,106
36,-7455,106
35,-7455,105
34,-7455,107
34,-7455,111
34,-7455,105
34,-7455,105
34,-7455,105
34,-7455,107
34,-7455,109
32,-7455,110
32,-7455,111
32,-7455,111
32,-7455,111
33,-7455,109
34,-7455,109
34,-7455,109
34,-7455,109
34,-7455,109
34,-7455,110
30,-7455,115
24,-7455,122
24,-7455,122
24,-7455,122
24,-7455,122
24,-7455,122
24,-7455,122
24,-7455,122
24,-7455,122
24,-7455,122
24,-7455,122
24,-7455,122
24,-7455,122
24,-7455,122
24,-7455,122
19,-7455,113
20,-7455,113
20,-7455,113
20,-7455,113
20,-7455,113
20,-7455,113
20,-7455,113
20,-7455,113
20,-7455,120
20,-7455,120
20,-7455,120
20,-7455,120
20,-7455,120
20,-7455,120
20,-7455,120
20,-7455,120
20,-7455,120
20,-7455,120
20,-7455,120
20,-7455,120
20,-7455,120
20,-7455,120
20,-7455,120
20,-7455,120
20,-7455,120
20,-7455,120
20,-7455,120
20,-7455,120
20,-7455,120
17,-7455,120
17,-7455,120
17,-7455,120
17,-7455,120
17,-7455,120
17,-7455,120
17,-7455,120
17,-7455,120
17,-7455,120
