-368,-8078,255
-358,-8091,258
-358,-8078,261
-347,-8087,254
-277,-8079,249
-203,-8062,230
-196,-8074,207
-215,-8060,189
-222,-8054,188
-4975,14,488
-5036,18,572
-5026,19,625
-5049,31,618
-5121,33,572
-5132,21,582
-5143,36,540
-5131,36,434
-5092,25,360
-4981,0,382
-4876,8,411
-4813,4,395
-4813,4,395
-4817,26,435
-4740,23,415
-4714,36,336
-4736,39,281
-4734,56,247
-4739,72,228
13424,27,13145
13463,26,13078
13435,18,13065
13394,26,13049
13439,33,13067
13454,19,13150
13386,32,13214
13303,49,13229
13318,53,13230
13351,31,13329
13316,14,13351
13276,21,13402
13250,21,13391
13273,19,13405
13237,16,13423
13306,24,13385
13382,35,13297
13396,33,13262
13457,24,13280
13418,12,13209
13405,30,13149
13435,18,13053
13431,30,13045
13407,24,13009
13396,3,12961
13300,6,12990
13277,4,12989
13261,2,12981
13269,2,12975
13236,26,13002
13271,35,13011
13277,45,13015
13252,27,12965
-4979,9,481
-4965,12,534
-4937,30,532
-4878,22,491
-4934,35,421
-4977,14,468
-4978,4,485
-12891,39,2892
-12916,38,2851
-12903,20,2836
-12895,25,2875
-12884,38,2880
-12884,37,2860
-12911,35,2849
-12855,38,2804
-12811,16,2771
-12841,22,2693
-12884,10,2595
-12826,19,2552
-12798,6,2551
-12749,23,2562
-12691,35,2552
-4973,16,536
-4980,5,528
-4920,28,527
-4852,6,465
-4867,6,497
-4861,18,473
-4788,19,457
-4755,18,422
-4721,29,394
-4672,26,301
-4739,15,216
-4790,30,159
-4882,12,154
-4928,11,141
-4994,18,180
-5058,11,189
-5034,12,171
-5106,13,178
-5088,46,258
-4957,35,277
-4996,35,324
-4956,6,377
-4931,5,389
-4931,13,389
-4931,13,389
-4931,13,389
-4971,4,437
-4986,2,444
-4929,7,447
-4943,15,511
-4969,22,535
-4996,13,568
-4996,13,570
-4998,36,560
-5021,12,535
-4993,11,541
-5027,17,604
-5055,36,595
-5111,21,593
-5201,22,596
-5264,46,636
-5278,58,654
-5321,63,673
-5403,32,710
-5430,18,735
-5472,15,712
-5487,11,705
-5538,5,704
-5606,22,742
-5645,20,767
-5688,20,751
-5778,13,783
-5786,5,777
-5789,6,775
-5786,6,777
-5788,5,772
-5788,5,772
-5788,5,772
-5803,9,749
-5794,10,715
-5759,8,779
-5731,24,885
-5742,13,904
-5777,13,816
-5846,47,796
-5792,61,863
-5818,78,972
-5830,40,911
-5839,41,901
-5823,37,881
-5841,40,882
-5814,34,894
-5814,44,893
-5795,38,889
-5849,27,936
-5900,64,927
-5825,80,887
-5825,80,887
-5825,80,887
-5837,69,886
-5784,56,857
-5803,11,760
-5895,11,808
-5940,51,872
-6022,53,942
-6044,12,894
-6089,8,856
-6054,11,796
-5977,13,728
-5873,26,689
-5779,39,687
-5737,32,624
-5639,37,624
-5604,40,524
-5529,35,449
-5565,34,404
-5667,24,407
-5697,25,397
-5684,17,333
-5679,16,307
-5591,20,313
-5596,23,269
-5684,37,230
-5732,35,197
-5719,12,249
-5786,19,284
-5838,10,340
-5903,19,346
-5971,31,272
-6018,19,319
-6076,17,366
-6087,23,300
-6145,28,214
-6144,31,205
-6144,31,205
-6144,31,205
-6132,30,159
-6122,30,72
-6064,20,85
-6037,13,65
-6067,19,-44
-5973,21,-57
-5958,22,-46
-5960,23,-78
-5934,23,-116
-5910,26,-167
-5915,3,-218
-5876,16,-214
-5885,15,-232
-5899,6,-250
-5911,4,-279
-5886,15,-280
-5874,41,-312
-5874,-65,-311
-5874,-186,-311
-5874,-284,-311
-5874,-193,-311
-5874,-72,-311
-5874,46,-311
-5873,41,-310
-5855,48,-329
-5835,43,-361
-5862,26,-428
-5930,28,-449
-5946,18,-471
-5926,18,-444
-5931,23,-449
-5936,23,-449
-5926,18,-442
-5946,22,-476
-5977,25,-504
-5969,10,-483
-5967,10,-495
-5959,22,-507
-5956,38,-504
-6032,11,-472
-6101,13,-437
-6112,14,-418
-6149,21,-408
-6195,14,-379
-6242,20,-351
-6275,9,-372
-6283,70,-446
-6296,57,-435
-6327,34,-370
-6377,53,-320
-6358,39,-325
-6297,33,-328
-6326,9,-428
-6394,12,-508
-6495,18,-436
-6559,22,-367
-6569,9,-278
-6576,16,-235
-6602,11,-266
-6603,14,-289
-6616,16,-270
-6571,20,-176
-6499,26,-190
-6507,23,-203
-6490,14,-253
-6471,12,-223
-6514,11,-113
-6571,17,-59
-6696,45,-47
-6783,29,-85
-6798,136,-66
-6774,131,-151
-6811,133,-264
-6830,10,-325
-6825,128,-435
-6803,151,-498
-6822,151,-555
-6698,127,-581
-6577,151,-555
-6463,132,-558
-6348,158,-534
-6360,172,-516
-6336,150,-494
-6282,150,-455
-6308,150,-436
-6289,156,-407
-6348,160,-359
-6298,150,-293
-6248,48,-303
-6193,25,-318
-6189,25,-317
-6161,14,-416
-6071,28,-369
-5997,36,-360
-5925,18,-344
-8809,-7268,-6566
-8810,-7255,-6555
-8728,-1360,-6624
-8686,444,-6628
-8681,40,-6652
-8708,2,-6672
-8709,2,-6672
-8623,8,-6686
-8497,18,-6693
-8395,21,-6722
-8374,12,-6686
-8339,16,-6623
-8339,16,-6623
-8332,9,-6607
-8332,8,-6602
-8329,9,-6602
-8331,9,-6601
-8338,9,-6601
-8338,5,-6598
-8338,9,-6606
-8328,9,-6607
-8320,10,-6604
-8319,10,-6607
-8317,10,-6603
-8314,9,-6599
-8314,10,-6600
-8274,17,-6587
-8251,86,-6562
-8262,206,-6559
-8191,192,-6533
-8208,173,-6549
-8232,23,-6561
-8245,12,-6561
-8237,19,-6581
-8158,22,-6546
-8189,75,-6493
-8115,19,-6460
-8067,26,-6454
-8055,20,-6460
-7967,30,-6462
-7926,40,-6451
-7979,24,-6441
-7920,23,-6461
-7851,39,-6496
-7805,27,-6451
-7730,30,-6394
-7681,38,-6481
-7681,38,-6481
-7681,38,-6481
-7681,38,-6481
-7689,41,-6498
-7700,32,-6478
-7716,31,-6456
-7727,33,-6451
-7744,32,-6399
-7751,37,-6391
-7812,23,-6336
-7813,40,-6289
-7854,20,-6287
-7890,44,-6364
-7904,30,-6348
-7830,35,-6406
-7793,39,-6358
-7770,11,-6245
-7744,18,-6168
-7768,12,-6128
-7680,20,-6111
-7640,38,-6051
-7636,101,-6052
-7645,85,-6074
-7645,85,-6074
-7645,85,-6074
-7645,85,-6074
-7645,85,-6074
-7645,85,-6074
-7645,85,-6074
-7645,85,-6074
-7645,85,-6074
-7645,85,-6074
-7645,85,-6074
-7645,85,-6074
-7645,85,-6074
-7645,85,-6074
-7645,85,-6074
-7645,85,-6074
-7645,85,-6074
-7645,85,-6074
-7645,85,-6074
-7645,85,-6074
-7645,85,-6074
-7645,85,-6074
-7645,85,-6074
-7645,85,-6074
-7645,85,-6074
-7645,85,-6074
-7645,85,-6074
-7645,85,-6074
-7645,85,-6074
-7645,85,-6074
-7645,85,-6074
-7645,85,-6074
-7645,85,-6074
-7645,85,-6074
-7645,85,-6074
-7645,85,-6074
-7645,85,-6074
-7645,85,-6074
-7645,85,-6074
-7645,85,-6074
-7645,85,-6074
-7645,85,-6074
-7622,51,-6058
-7588,21,-6116
-7498,25,-6113
-7392,18,-6107
-7321,20,-6116
-7322,20,-6116
-7295,20,-6127
-7320,35,-6130
-7333,26,-6116
-7368,43,-6163
-7298,15,-6213
-7313,21,-6327
-7409,6,-6397
-7495,-1,-6475
-7547,15,-6546
-7627,27,-6572
-7644,33,-6616
-7558,32,-6684
-7529,19,-6606
-7600,35,-6620
-7621,22,-6704
-7687,56,-6771
-7679,21,-6863
-7647,20,-6826
-7622,31,-6858
-7578,27,-6892
-7554,2,-6973
-7554,2,-6973
-7535,36,-7024
-7508,8,-7128
-7514,33,-7224
-7509,10,-7319
-7513,10,-7400
-7516,11,-7450
-7467,9,-7421
-7414,2,-7384
-7444,13,-7398
-7520,11,-7440
-7532,7,-7488
-7567,13,-7572
-7518,7,-7609
-7491,11,-7548
-7565,10,-7556
-7547,16,-7573
-7551,15,-7576
-7586,18,-7598
-7672,23,-7559
-7700,35,-7451
-7692,13,-7365
-7772,6,-7298
-7854,40,-7239
-7880,4,-7123
-7969,12,-7068
-7955,11,-7000
-7993,11,-7066
-8087,9,-7082
-8119,4,-6984
-8141,15,-6872
-8148,22,-6797
-8106,42,-6690
-8075,39,-6579
-8064,28,-6503
-8089,32,-6464
-8148,15,-6461
-8214,17,-6400
-8256,6,-6365
-8262,13,-6330
-8306,14,-6377
-8394,18,-6416
-8467,20,-6352
-8468,24,-6342
-8437,17,-6314
-8440,25,-6248
-8491,23,-6310
-8507,19,-6334
-8507,19,-6334
-8529,21,-6393
-8633,9,-6437
-8638,8,-6449
-8639,7,-6450
-8651,7,-6453
-8615,13,-6473
-8618,72,-6578
-8517,46,-6550
-8455,58,-6541
-8357,61,-6521
-8323,49,-6437
-8315,16,-6356
-8208,9,-6308
-4662,12,1512
-4624,10,1525
-4614,17,1524
-4615,29,1528
-4589,4,1502
-4553,11,1555
-4482,11,1512
-4485,25,1583
-4423,22,1608
-4431,20,1516
-4506,8,1467
-4432,43,1534
-4440,27,1571
-4443,27,1572
-4443,26,1577
-4444,26,1578
-4442,26,1579
-4435,26,1580
-4434,26,1580
-4434,27,1570
-4440,29,1571
-4436,28,1579
-4431,29,1579
-4433,29,1578
-4433,29,1578
-4433,29,1578
-4433,30,1578
-4423,21,1610
-4438,29,1577
-4437,27,1576
-4437,28,1576
-4435,31,1579
-4440,31,1571
-4441,31,1578
-4445,24,1587
-4483,12,1543
-4489,7,1514
-4520,8,1526
-4465,38,1591
-4427,29,1588
-4431,28,1591
-4435,31,1572
-4382,7,1617
-4369,18,1598
-4463,14,1559
-4433,29,1570
-4437,27,1575
-4438,27,1575
-4439,30,1575
-4439,30,1575
-4439,30,1575
-4439,30,1575
-4439,30,1575
-4452,20,1584
-4497,16,1568
-4530,16,1549
-4524,18,1557
-4435,32,1579
-4439,27,1575
-4437,27,1578
-4437,27,1573
-4437,27,1576
-4437,27,1574
-4438,27,1574
-4437,27,1576
-4436,27,1577
-4469,16,1574
-4436,25,1569
-4436,25,1568
-4437,22,1567
-4433,26,1570
-4430,25,1570
-4432,26,1570
-4431,23,1569
-4436,27,1576
-4436,27,1576
-4436,27,1568
-4436,27,1570
-4437,25,1574
-4434,26,1572
-4432,30,1578
-4464,24,1599
-4435,24,1581
-4436,33,1568
-4437,31,1571
-4439,31,1578
-4433,34,1571
-4440,33,1579
-4441,33,1571
-4441,32,1568
-4436,34,1568
-4442,34,1581
-4443,34,1574
-4443,34,1574
-4443,34,1574
-4443,34,1574
-4443,34,1574
-4431,34,1573
-4443,35,1581
-4431,35,1569
-4441,35,1580
-4442,35,1570
-4435,37,1570
-4440,37,1568
-4440,37,1570
-4440,37,1570
-4440,37,1570
-4437,36,1569
-4437,36,1581
-4442,38,1576
-4442,40,1577
-4439,38,1571
-4436,38,1578
-4442,39,1580
-4439,39,1571
-4438,41,1573
-4442,41,1576
-4436,42,1582
-4443,40,1580
-4443,40,1580
-4440,37,1579
-4443,36,1582
-4437,40,1580
-4442,39,1579
-4433,39,1579
-4440,40,1578
-4437,42,1574
-4433,41,1571
-4441,40,1571
-4438,40,1571
-4433,39,1571
-4436,44,1575
-4441,35,1576
-4444,37,1574
-4445,37,1574
-4445,37,1574
-4443,36,1575
-4434,28,1581
-4476,14,1561
-4444,35,1573
-4444,37,1576
-4445,43,1575
-4444,42,1575
-4432,40,1572
-4432,43,1575
-4431,36,1575
-4432,37,1574
-4431,37,1572
-4430,39,1576
-4444,39,1578
-4440,37,1580
-4431,36,1582
-4439,36,1562
-4436,28,1569
-4432,27,1569
-4436,28,1568
-4436,28,1568
-4436,27,1573
-4439,27,1575
-4437,27,1574
-4437,27,1577
-4437,27,1575
-4437,27,1575
-4437,27,1575
-4437,26,1575
-4437,27,1576
-4436,27,1576
-4434,31,1578
-4434,31,1578
-4437,34,1578
-4437,34,1572
-4440,34,1573
-4439,34,1575
-4437,34,1574
-4437,34,1575
-4437,35,1574
-4437,34,1575
-4436,34,1577
-4437,34,1578
-4437,34,1578
-4435,34,1577
-4437,34,1573
-4439,36,1578
-4436,34,1575
-4437,38,1575
-4437,38,1575
-4434,34,1577
-4436,35,1575
-4436,38,1575
-4437,38,1575
-4437,37,1576
-4438,37,1575
-4435,34,1575
-4436,27,1572
-4435,23,1595
-4429,35,1586
-4419,21,1574
-4429,26,1566
-4445,33,1581
-4450,28,1582
-4430,26,1581
-4425,35,1569
-4437,31,1560
-4435,27,1572
-4435,27,1573
-4438,27,1576
-4437,27,1575
-4439,27,1575
-4439,27,1575
-4439,27,1575
-4439,27,1575
-4437,27,1574
-4439,27,1573
-4439,27,1573
-4439,27,1573
-4439,27,1573
-4439,29,1573
-4436,29,1575
-4436,29,1572
-4438,28,1574
-4438,27,1576
-4436,29,1575
-4436,30,1575
-4438,27,1575
-4436,27,1576
-4433,27,1565
-4431,25,1564
-4459,24,1534
-4510,16,1454
-4500,18,1542
-4497,26,1583
-4978,10,481
-4975,10,481
-4978,10,481
-4978,10,481
-4979,10,480
-4980,10,482
-4974,10,475
-4975,10,480
-4979,10,481
-4973,12,477
-4921,18,468
-4846,21,487
-5061,8,467
