-3,-9,-2674
-3,-9,-2674
-3,-9,-2674
-3,-9,-2674
-3,-9,-2674
-3,-9,-2674
-3,-9,-2674
-3,-9,-2674
-3,-9,-2674
-3,-9,-2674
-3,-9,-2674
-4,-9,-2674
-2,-9,-2686
-2,-9,-2679
-6,-9,-2670
-6,-9,-2670
-6,-9,-2670
-6,-9,-2670
-6,-9,-2670
-6,-9,-2670
-6,-9,-2670
-31,-9,-2672
-17,-9,-2665
-20,-9,-2661
-27,-9,-2655
-27,-9,-2655
-27,-9,-2655
-27,-9,-2655
-27,-9,-2655
-27,-9,-2655
-27,-9,-2655
-27,-9,-2655
-27,-10,-2655
-27,-10,-2655
-27,-11,-2655
-27,-11,-2655
-27,-11,-2655
-27,-9,-2652
-23,-9,-2663
-23,-9,-2663
-28,-9,-2664
-29,-9,-2666
-15,-9,-2686
-7,-8,-2647
-8,-9,-2649
-11,-9,-2665
-11,-9,-2665
-11,-9,-2665
-11,-9,-2665
-11,-9,-2665
-10,-9,-2656
-10,-9,-2656
-10,-9,-2656
-10,-9,-2656
-10,-9,-2656
-10,-9,-2656
-10,-9,-2656
-10,-9,-2656
-10,-9,-2656
-10,-9,-2656
-10,-9,-2656
-10,-9,-2656
-30,-9,-2682
-19,-8,-2707
-28,-8,-2663
-27,-9,-2670
-27,-9,-2680
-27,-9,-2680
-27,-9,-2680
-27,-9,-2680
-27,-9,-2680
-26,-9,-2680
-26,-9,-2699
-26,-9,-2699
-17,-9,-2701
-12,-9,-2705
-12,-9,-2705
-12,-9,-2705
-12,-9,-2705
-12,-9,-2705
-12,-9,-2705
-12,-9,-2705
-12,-9,-2705
-12,-9,-2705
-29,-8,-2709
-31,-9,-2650
-26,-6,-2639
-26,-8,-2646
-26,-8,-2646
-26,-8,-2646
-26,-8,-2646
-26,-8,-2646
-26,-8,-2646
-26,-8,-2646
-26,-8,-2646
-26,-8,-2646
-26,-8,-2646
-7,-9,-2692
-21,-9,-2655
-20,-9,-2655
-17,-8,-2696
-25,-8,-2648
-20,-9,-2654
-14,-9,-2655
-14,-9,-2657
-14,-9,-2657
-14,-9,-2657
-14,-9,-2657
-14,-9,-2657
-14,-9,-2657
-14,-9,-2657
-14,-9,-2657
-14,-9,-2657
-14,-9,-2657
-14,-9,-2657
-14,-9,-2657
-14,-9,-2657
-14,-9,-2657
-14,-7,-2722
-18,-9,-2672
-18,-9,-2672
-13,-7,-2665
-27,-9,-2663
-27,-9,-2681
-17,-9,-2690
-14,-6,-2641
-3347,-393,-2516
-3347,-393,-2516
-3347,-393,-2516
-3347,-393,-2516
-3348,-393,-2517
-3346,-390,-2515
-3346,-390,-2517
-3346,-391,-2517
-3352,-393,-2520
-3352,-393,-2520
-3352,-393,-2517
-3352,-393,-2518
-3352,-393,-2518
-3352,-393,-2518
-4198,-260,-749
-6517,109,4120
-6517,109,4120
-6517,109,4120
-6517,109,4120
-6517,109,4120
-6517,109,4120
-6517,109,4120
-6517,109,4120
-6517,109,4120
-6517,109,4120
-6517,109,4120
-6517,109,4120
-6517,109,4120
-6517,109,4120
-6517,109,4120
-6517,109,4120
-6517,109,4120
-6517,109,4120
-6517,109,4120
-6517,109,4120
-6517,109,4120
-6517,109,4120
-6517,109,4120
-6517,109,4120
-6517,109,4120
-6517,109,4120
-6517,109,4120
-6517,109,4120
-6517,109,4120
-6517,109,4120
-6517,109,4120
-6517,109,4120
-6517,109,4120
-6517,109,4120
-6517,109,4120
-6517,109,4120
-6517,109,4120
-6517,109,4120
-6517,109,4120
-6517,109,4120
-6517,109,4120
-6517,109,4120
-6517,109,4120
-6517,109,4120
-6517,109,4120
-6517,109,4120
-6517,109,4120
-6517,109,4120
-6517,109,4120
-6517,109,4120
-6517,109,4120
-6517,109,4120
-6517,109,4120
-6517,109,4120
-6517,109,4120
-6517,109,4120
-6517,109,4120
-6517,109,4120
-6517,109,4120
-6517,109,4120
-6517,109,4120
-6517,109,4120
-6517,109,4120
-6517,109,4120
-6517,109,4120
-6517,109,4120
-6517,109,4120
-6517,109,4120
-6517,109,4120
-6517,109,4120
-6517,109,4120
-6517,109,4120
-6517,109,4120
-6517,109,4120
-6517,109,4120
-6517,109,4120
-6517,109,4120
-6517,109,4120
-6517,109,4120
-6517,109,4120
-6524,109,4121
-6524,109,4121
-6524,109,4121
-6524,109,4121
-6524,109,4121
-6524,109,4121
-6524,109,4121
-6524,109,4121
-6524,109,4121
-6524,109,4121
-6513,110,4113
-6513,110,4113
-6516,109,4120
-6516,109,4120
-6516,109,4120
-6516,109,4120
-6516,109,4120
-6516,109,4120
-6516,109,4120
-6516,109,4120
-6516,109,4120
-6516,109,4120
-6516,109,4120
-6516,109,4120
-6516,109,4120
-6516,109,4120
-6516,109,4120
-6516,109,4120
-6516,109,4120
-6516,109,4120
-6516,109,4120
-6516,109,4120
-6516,109,4120
-6516,109,4120
-6516,109,4120
-6516,109,4120
-6516,109,4120
-6516,109,4120
-6516,109,4120
-6516,109,4120
-6516,109,4120
-6516,109,4120
-6516,109,4120
-6516,109,4120
-6516,109,4120
-6516,109,4120
-6516,109,4120
-6516,109,4120
-6516,109,4120
-6516,109,4120
-6516,109,4120
-6516,109,4120
-6516,109,4120
-6516,109,4120
-6516,109,4120
-6516,109,4120
-6516,109,4120
-6516,109,4120
-6516,109,4120
-6516,109,4120
-6516,109,4120
-6516,109,4120
-6516,109,4120
-6516,109,4120
-6516,109,4120
-6516,109,4120
-6516,109,4120
-6516,109,4120
-6516,109,4120
-6516,109,4120
-6516,109,4120
-6516,109,4120
-6516,109,4120
-6516,109,4120
-6516,109,4120
-6516,109,4120
-6516,109,4120
-6516,109,4120
-6516,109,4120
-6516,109,4120
-6516,109,4120
-6516,109,4120
-6516,109,4120
-6516,109,4120
-6516,109,4120
-6516,109,4120
-6516,109,4120
-6516,109,4120
-6516,109,4120
-6516,109,4120
-6516,109,4120
-6516,109,4120
-6516,109,4120
-6516,109,4120
-6516,109,4120
-6516,109,4120
-6516,109,4120
-6516,109,4120
-6516,109,4120
-6516,109,4120
-6516,109,4120
-6516,109,4120
-6516,109,4120
-6516,109,4120
-6516,109,4120
-6516,109,4120
-6516,109,4120
-6516,109,4120
-6516,109,4120
-6516,109,4120
-6516,109,4120
-6516,109,4120
-6516,109,4120
-6516,109,4120
-6516,109,4120
-6516,109,4120
-6516,109,4120
-6516,109,4120
-6516,109,4120
-6516,109,4120
-6516,109,4120
-6516,109,4120
-6516,109,4120
-6516,109,4120
-6516,109,4120
-6516,109,4120
-6516,109,4120
-6516,109,4120
-6516,109,4120
-6516,109,4120
-6516,109,4120
-6516,109,4120
-6516,109,4120
-6516,109,4120
-6516,109,4120
-6516,109,4120
-6516,109,4120
-6516,109,4120
-6516,109,4120
-6516,109,4120
-6516,109,4120
-6516,109,4120
-6516,109,4120
-6516,109,4120
-6516,109,4120
-6516,109,4120
-6516,109,4120
-6516,109,4120
-6516,109,4120
-6516,109,4120
-6516,109,4120
-6516,109,4120
-6516,109,4120
-6516,109,4120
-6516,109,4120
-6516,109,4120
-6516,109,4120
-6516,109,4120
-6516,109,4120
-6516,109,4120
-6516,109,4120
-6516,109,4120
-6516,109,4120
-6516,109,4120
-6516,109,4120
-6516,109,4120
-6516,109,4120
-6516,109,4120
-6516,109,4120
-6516,109,4120
-6516,109,4120
-6516,109,4120
-6516,109,4120
-6516,109,4120
-6516,109,4120
-6516,109,4120
-6516,109,4120
-6516,109,4120
-6516,109,4120
-6516,109,4120
-6516,109,4120
-6516,109,4120
-6516,109,4120
-6516,109,4120
-6516,109,4120
-6516,109,4120
-6516,109,4120
-6516,109,4120
-6516,109,4120
-6516,109,4120
-6516,109,4120
-6516,109,4120
-6516,109,4120
-6516,109,4120
-6516,109,4120
-6516,109,4120
-6516,109,4120
-6516,109,4120
-6516,109,4120
-6516,109,4120
-6516,109,4120
-6516,109,4120
-6516,109,4120
-6516,109,4120
-6516,109,4120
-6516,109,4120
-6516,109,4120
-6516,109,4120
-6516,109,4120
-6516,109,4120
-6516,109,4120
-6516,109,4120
13726,20,3057
-6517,109,4120
