109,12,126
109,12,126
109,12,126
109,12,126
109,12,126
109,12,126
109,12,126
116,12,124
114,1,141
126,-1,156
0,-1,0
133,-10,165
127,-10,177
134,-10,164
133,-10,174
131,-2,194
130,-1,194
129,0,194
114,10,218
152,-1,219
161,-1,219
158,-1,219
153,4,213
147,4,211
147,4,211
147,4,211
138,4,208
135,4,209
137,4,209
135,4,209
230,2,299
215,21,-97
135,35,66
144,37,72
139,33,86
137,19,109
135,15,113
136,15,110
136,15,111
136,19,111
138,19,111
138,15,113
140,15,110
137,14,112
133,14,107
138,14,109
138,14,110
141,14,110
138,15,112
129,13,113
113,15,111
115,15,111
123,12,117
126,12,128
130,12,123
138,12,127
138,12,127
138,12,127
138,12,127
138,12,127
150,12,122
150,12,122
152,12,117
133,14,105
124,14,113
118,14,112
118,14,112
118,14,112
120,12,115
114,14,111
112,13,110
112,13,110
131,10,111
130,14,112
139,15,104
136,15,107
140,15,104
140,15,104
140,15,104
143,13,118
145,9,126
138,12,123
133,14,105
141,14,105
136,15,112
124,22,102
124,23,101
130,18,109
122,14,114
138,15,109
136,15,107
136,15,107
136,15,111
136,15,111
137,15,112
137,15,110
137,15,110
137,15,110
137,15,110
137,15,110
139,14,106
138,14,110
138,14,110
138,14,110
138,14,110
136,14,110
144,14,117
142,19,107
140,19,110
140,19,110
140,19,110
140,19,110
140,19,110
140,19,110
141,19,111
145,15,113
143,17,112
145,24,101
142,37,69
148,35,82
163,26,99
172,12,119
149,12,118
138,14,105
136,14,105
134,15,112
136,14,111
138,14,105
141,14,102
138,15,112
138,15,112
138,15,112
138,15,112
152,29,877
158,28,879
146,28,879
148,22,902
148,22,902
171,22,905
186,17,873
174,16,847
138,15,836
129,20,831
96,35,815
77,54,792
72,55,796
75,42,811
99,35,810
107,32,826
107,32,826
83,22,853
74,23,870
67,20,882
42,22,875
50,21,884
25,19,878
22,20,852
24,20,838
21,20,836
17,20,836
18,20,840
30,20,842
34,21,845
25,21,843
26,21,849
39,21,852
42,21,861
52,21,858
48,39,836
47,39,836
50,39,835
52,45,825
44,57,804
39,58,809
37,58,812
37,57,815
43,55,815
46,54,813
46,54,813
46,54,813
46,54,813
52,54,806
54,56,800
56,58,798
57,58,796
58,60,792
58,60,792
55,72,772
55,74,769
53,73,770
53,74,770
43,65,783
43,71,773
43,71,774
43,71,774
43,63,787
47,62,790
43,57,807
41,57,809
42,55,813
39,57,808
53,48,819
51,47,823
46,47,827
50,52,814
62,27,847
59,23,859
51,51,811
61,23,861
47,62,790
64,23,867
65,23,868
72,22,875
74,18,890
60,22,855
60,22,855
75,18,894
81,18,895
83,18,895
91,19,874
90,13,860
90,13,860
59,22,859
84,16,865
90,13,861
89,14,862
88,19,881
88,19,881
88,19,881
88,19,881
96,18,898
92,17,918
107,21,919
125,20,938
136,15,939
152,19,925
179,14,917
178,13,917
177,9,932
177,9,932
175,9,930
166,7,915
158,1,914
158,1,914
158,-1,913
161,3,918
157,0,913
158,-13,912
162,-14,914
166,-26,904
154,-19,904
156,-20,904
167,-24,902
162,-21,912
161,-17,913
161,-17,913
161,-17,913
161,-17,913
161,-17,913
161,-20,911
160,-17,913
160,-17,913
160,-17,913
137,12,117
138,14,105
140,14,104
137,14,111
137,14,111
137,14,111
136,14,110
136,14,110
136,14,110
136,15,110
139,15,110
136,15,105
145,14,111
134,13,128
134,13,128
133,14,128
133,13,128
133,13,128
133,13,128
135,12,129
135,12,129
135,12,129
141,11,143
147,12,133
138,15,108
141,13,117
161,9,168
167,6,205
173,2,229
174,1,232
176,1,234
178,2,236
176,1,234
192,-2,234
220,1,240
223,-2,243
223,-3,243
223,-3,243
225,-4,243
228,-6,243
228,-6,243
231,-8,243
231,-8,243
235,-11,243
236,-12,243
238,-15,243
223,-2,243
243,-17,243
230,-7,243
237,-13,243
237,-14,243
232,-10,243
232,-10,244
231,-8,243
231,-8,243
236,-12,243
135,14,106
133,14,106
133,15,106
137,15,111
135,15,107
140,15,106
135,16,113
135,16,113
140,12,128
157,12,123
164,12,118
189,12,120
198,12,120
223,14,120
222,15,118
198,15,115
167,15,109
145,14,112
135,15,109
135,15,104
137,15,110
135,15,106
136,15,109
138,15,111
138,15,111
138,15,111
138,15,111
138,15,111
138,15,111
139,15,107
135,15,102
136,15,102
135,12,116
137,14,110
135,15,103
140,15,109
141,15,110
141,15,109
136,15,103
136,15,103
135,15,104
139,12,124
135,14,109
135,15,107
135,15,108
140,15,110
138,15,108
139,15,102
133,15,102
133,15,102
139,15,108
141,15,108
141,15,110
139,15,102
139,15,104
139,13,115
118,12,129
102,12,134
135,12,150
147,12,144
176,12,145
158,12,123
147,9,128
148,9,128
148,9,128
148,9,128
147,8,128
147,9,129
147,9,129
150,7,132
146,7,132
144,12,129
135,14,102
139,14,102
135,14,102
135,14,102
133,14,102
137,14,102
135,14,108
135,15,102
135,15,102
135,15,102
135,15,104
135,15,110
136,15,110
134,15,109
134,15,109
134,15,108
135,15,112
136,15,112
131,12,129
136,12,128
128,12,130
136,12,119
131,13,114
112,14,113
87,13,92
77,10,86
78,10,84
78,10,84
78,10,84
65,11,68
57,12,67
56,12,65
54,12,66
51,12,66
54,13,66
54,13,66
72,15,60
78,15,61
80,15,61
86,15,63
93,16,84
107,16,108
113,18,107
135,15,112
137,14,111
137,14,111
137,14,111
137,14,111
137,14,111
137,14,111
137,14,111
137,14,111
137,14,111
137,14,111
136,14,110
135,14,110
137,15,111
134,15,109
140,15,108
135,15,110
138,15,111
136,15,110
135,15,108
135,15,108
137,16,109
138,15,110
137,15,108
139,15,109
138,14,113
138,14,113
138,14,113
137,14,113
136,12,120
137,15,111
138,15,111
136,15,111
136,16,112
136,12,121
136,15,110
133,15,102
139,15,109
139,12,118
136,14,110
138,12,120
145,11,130
146,10,125
145,10,128
152,12,149
153,12,151
153,12,155
148,12,140
150,12,140
140,12,130
137,15,112
136,15,107
135,15,108
136,15,109
134,15,109
135,15,110
138,15,108
138,15,108
134,15,109
135,15,108
134,15,105
140,15,108
135,15,106
134,15,103
139,15,107
139,15,107
141,15,110
134,15,109
134,15,109
135,14,109
135,14,105
140,15,108
138,15,102
140,15,109
137,15,104
134,15,109
134,15,109
134,15,104
136,15,111
144,11,141
153,12,137
155,12,137
155,12,129
135,12,123
138,14,109
138,15,102
138,15,102
138,15,102
133,15,102
133,15,102
135,15,105
136,15,106
136,15,106
134,15,109
134,15,109
145,13,127
143,13,126
143,14,117
123,11,143
90,1,161
70,-1,188
70,-6,186
70,-6,187
70,-6,187
70,-6,187
70,-6,187
70,-6,187
70,-6,187
70,-6,187
70,-6,187
70,-6,187
70,-6,187
70,-6,187
104,6,144
78,2,175
70,-6,186
70,-6,186
70,-6,186
70,-6,186
70,-5,187
70,-6,188
70,-6,188
128,14,128
126,12,127
136,14,109
137,12,132
132,10,144
92,3,155
69,1,177
71,3,184
70,-6,186
70,-6,187
70,-6,188
128,12,128
129,12,135
137,12,117
137,12,117
135,15,106
137,15,110
139,15,108
136,15,111
137,15,110
137,15,110
137,15,110
140,15,110
141,15,105
141,15,105
141,15,105
139,15,105
141,15,104
139,15,109
137,15,108
137,15,107
136,15,105
136,15,105
135,15,109
135,15,107
136,15,107
126,12,118
98,4,149
74,3,181
70,2,186
70,-6,186
70,-6,186
70,-5,188
70,-6,187
70,-6,187
70,-5,187
70,-5,188
70,-5,188
70,-5,188
70,-5,187
70,-5,187
70,-5,188
70,-5,188
70,-5,186
70,-5,186
70,-6,186
70,-5,186
70,-5,186
70,-5,186
70,-5,186
70,-5,186
70,-5,186
128,12,128
128,12,128
128,12,128
134,14,105
134,14,105
133,14,102
134,15,107
137,15,110
126,13,113
120,12,137
117,12,136
117,12,126
119,14,112
111,13,115
97,12,142
78,3,147
75,3,155
75,3,155
70,-6,188
70,-6,188
70,-6,188
70,-6,188
70,-6,188
70,-6,188
70,-6,188
70,-6,188
70,-6,188
70,-6,188
70,-5,188
70,-5,188
-23,-35,-83
-184,-86,-542
-185,-86,-545
-184,-86,-545
-184,-86,-544
-184,-86,-542
-183,-86,-543
-183,-87,-543
-181,-87,-542
-177,-87,-538
-186,-86,-543
-186,-86,-543
-186,-86,-543
-186,-86,-543
-185,-86,-542
-185,-87,-541
-187,-87,-540
-187,-87,-540
138,12,124
133,12,136
131,12,136
132,12,138
131,12,140
131,12,140
131,12,140
131,12,140
136,12,137
139,12,135
139,12,135
136,14,111
136,14,108
136,14,110
138,14,111
138,14,111
136,15,112
136,15,112
135,10,144
143,11,144
136,11,140
138,15,107
134,15,109
137,14,108
140,14,107
134,14,109
139,14,114
139,14,114
133,14,110
135,14,109
136,14,110
138,15,112
138,15,110
136,15,109
133,15,128
133,12,130
139,12,129
147,9,128
147,9,127
145,9,125
145,9,125
156,11,125
146,11,131
142,11,143
144,11,138
139,12,125
140,15,110
140,15,108
141,15,107
135,15,109
135,15,108
136,15,106
140,15,108
134,15,109
134,15,109
134,15,109
134,15,109
134,15,109
134,15,109
134,15,109
134,15,109
134,15,109
134,15,109
134,15,109
134,15,109
134,15,109
134,15,109
134,15,109
134,15,109
134,15,109
134,15,109
134,15,109
134,15,109
134,15,109
134,15,109
134,15,109
134,15,109
134,15,109
134,15,109
134,15,109
134,15,109
134,15,109
134,15,109
134,15,109
134,15,109
134,15,109
134,15,109
134,15,109
134,15,109
134,15,109
134,15,109
134,15,109
134,15,109
134,15,109
134,15,109
134,15,109
123,12,126
137,14,110
135,15,109
135,15,109
135,15,109
135,15,109
137,15,111
135,15,109
136,15,108
137,15,110
136,15,111
136,15,111
136,15,111
134,15,106
134,15,106
141,15,105
136,15,108
138,12,115
133,19,112
114,5,133
114,3,134
111,9,129
111,9,129
112,9,140
124,14,133
123,14,133
128,12,126
128,12,126
128,12,125
128,12,125
128,12,125
128,12,125
128,12,130
135,12,125
135,14,108
135,14,107
135,14,106
135,14,106
135,14,106
135,15,108
135,15,108
135,15,108
136,15,110
138,15,110
135,12,116
140,12,124
150,12,123
151,12,124
150,12,124
134,15,108
134,15,108
134,15,108
136,15,108
145,11,123
159,12,120
152,12,118
140,15,110
141,15,107
135,15,107
135,15,107
124,12,120
118,12,122
106,3,133
106,-5,136
104,-5,137
104,-4,141
104,-4,143
104,-4,143
105,-3,143
106,-2,143
107,2,144
107,2,145
107,-1,143
107,-1,143
107,-1,143
107,-1,143
106,-1,143
110,-5,139
113,-4,138
118,-1,135
120,1,131
120,2,130
120,2,130
120,2,130
120,2,134
120,2,134
27823,-30888,1435
27821,-30888,1434
27824,-30887,1433
27820,-30889,1431
27821,-30889,1430
27821,-30889,1430
27823,-30893,1425
27823,-30892,1427
27822,-30891,1424
27822,-30890,1422
27821,-30890,1421
27821,-30890,1421
27823,-30890,1420
27825,-30893,1422
27842,-30899,1415
27849,-30899,1409
27846,-30899,1415
27849,-30899,1409
27847,-30899,1409
27849,-30899,1409
27856,-30899,1410
27857,-30898,1409
27846,-30899,1412
27859,-30898,1408
27870,-30895,1408
27870,-30895,1410
27867,-30896,1408
27846,-30898,1413
27852,-30898,1409
27871,-30895,1402
27870,-30894,1398
27869,-30893,1400
27868,-30895,1412
27880,-30895,1396
27890,-30887,1380
27882,-30882,1384
27882,-30884,1384
27878,-30879,1386
27877,-30877,1382
27865,-30870,1380
27864,-30871,1381
27864,-30871,1381
27863,-30869,1379
27863,-30866,1377
27863,-30865,1375
27861,-30863,1375
27857,-30860,1375
27854,-30857,1375
27850,-30852,1375
27847,-30849,1375
27847,-30849,1375
27843,-30848,1375
27843,-30848,1376
27843,-30848,1376
27841,-30847,1375
27841,-30839,1366
27841,-30835,1362
27834,-30831,1362
27831,-30828,1362
27828,-30826,1362
27828,-30824,1362
27826,-30823,1362
27825,-30823,1362
27823,-30821,1362
27824,-30821,1362
27826,-30824,1363
27824,-30821,1362
27822,-30820,1362
27820,-30817,1362
27818,-30816,1362
27817,-30816,1362
27815,-30816,1363
27815,-30816,1363
27815,-30816,1363
27815,-30816,1363
27815,-30816,1364
27815,-30816,1364
27815,-30816,1362
27815,-30816,1362
27816,-30816,1363
27816,-30816,1363
27816,-30816,1364
27815,-30816,1363
27816,-30816,1364
27816,-30816,1364
27816,-30816,1362
27817,-30816,1363
27817,-30816,1363
27815,-30815,1361
27815,-30815,1363
27815,-30815,1364
1214,59,236
1208,59,236
1215,59,234
1226,59,234
1239,66,203
1252,69,190
-341,-4,-487
141,12,131
155,12,127
128,14,128
128,14,128
134,12,120
139,12,130
144,12,129
137,12,130
162,12,129
127,12,128
101,12,113
128,14,128
128,14,128
130,13,129
128,14,128
141,12,127
141,12,127
128,14,128
128,14,128
128,14,128
128,14,128
165,12,132
130,11,105
128,14,128
129,8,97
114,16,110
109,12,122
99,12,121
127,12,127
126,12,127
130,12,128
135,12,118
136,12,121
134,12,125
146,17,113
127,12,128
128,14,128
128,14,128
135,12,130
129,14,128
162,12,141
162,12,141
145,12,133
135,12,122
128,14,128
128,14,128
122,12,138
150,12,137
152,12,142
128,12,126
128,14,128
128,14,128
128,14,128
128,14,128
135,12,125
128,14,128
128,13,128
128,13,128
128,13,128
131,12,129
146,12,134
138,12,127
128,14,128
148,12,136
177,12,167
189,6,209
139,12,139
131,12,126
144,12,132
166,12,147
142,12,134
136,12,130
151,12,138
174,12,158
186,9,198
202,2,235
128,14,128
141,12,138
128,14,128
146,12,127
139,12,130
149,12,134
128,14,128
143,12,132
184,12,148
128,14,128
1110,55,220
125,12,128
138,12,131
138,12,131
129,13,128
166,12,144
128,14,128
128,14,128
128,14,128
128,14,127
136,12,131
177,12,139
128,14,128
138,12,131
129,14,128
166,12,140
180,12,179
128,12,129
134,12,130
164,12,157
135,12,131
155,12,149
150,8,185
143,4,213
134,2,246
127,7,287
120,10,320
98,6,353
74,7,386
56,21,417
19,29,438
-18,28,440
-62,20,434
-103,19,428
-133,17,453
-147,16,452
-150,16,451
-150,16,451
-150,16,451
-151,16,451
-151,15,445
-151,15,445
-159,15,430
-160,15,429
-162,15,430
-172,18,410
-172,18,410
-172,18,410
-169,18,408
-174,18,410
-174,18,410
494,33,-131
495,34,-138
496,33,-125
495,33,-125
494,33,-117
511,28,-99
511,28,-99
1239,62,130
1240,62,129
147,17,113
146,17,113
148,18,113
155,24,101
156,27,97
1236,62,136
1236,62,136
1235,63,137
1235,62,136
1234,62,135
1233,66,152
1237,66,156
1243,60,158
1243,60,158
1255,61,167
1255,61,167
1255,61,167
1255,61,167
1255,61,167
1251,57,157
1247,55,132
1243,57,129
1243,57,128
1243,57,127
1243,57,129
1239,58,130
1237,58,131
1237,58,131
1238,58,130
1237,58,130
1235,58,129
1239,58,130
1237,62,127
1237,62,129
1235,62,128
1238,62,131
1239,62,129
1234,58,131
1236,62,130
1237,62,129
1237,62,128
1240,62,130
1240,62,130
1240,62,130
1239,62,129
1239,62,129
1239,62,131
1240,62,129
1238,62,130
1237,62,128
1237,62,128
1238,62,127
1238,62,129
1234,62,131
1235,58,129
1235,58,129
1241,58,129
1234,58,130
1234,57,128
1235,57,129
1241,58,129
1257,51,146
1244,60,167
1243,66,202
1231,56,196
1231,53,196
1231,53,196
1231,53,196
1231,53,196
1230,49,194
1234,37,194
1234,37,194
1234,37,194
1234,37,194
1234,37,194
1234,37,194
1234,37,194
1235,37,195
1235,37,195
1235,38,195
1235,38,195
1235,38,195
1235,38,195
1235,38,195
1235,38,195
1235,38,195
1235,38,195
1235,38,195
1235,37,195
1235,38,195
1235,38,195
1235,38,195
1235,37,195
1235,37,195
1235,37,195
1243,56,125
1245,56,124
1250,56,125
1246,56,125
1243,56,128
1234,57,130
1234,57,130
1246,56,125
1247,56,125
1244,57,126
1237,58,131
1234,62,131
1234,62,131
1245,57,127
1243,57,129
1237,58,130
1240,58,128
1235,58,130
1235,58,130
1236,58,130
1236,58,130
1236,58,129
1246,56,125
1251,53,132
1246,57,124
1246,57,124
1238,62,128
1238,62,128
1238,62,128
1238,62,128
1238,62,128
1238,62,128
1236,62,130
1239,58,129
1245,57,127
1235,58,130
1235,58,130
1235,58,130
1236,58,128
1236,58,128
1236,58,128
1236,58,128
1243,57,129
1239,62,128
1239,62,128
1239,62,128
1239,62,128
1238,62,130
1244,57,126
1235,62,129
1239,62,128
1239,62,128
1239,62,128
1239,62,128
1239,62,128
1239,62,128
1239,62,128
1239,62,128
1239,62,128
1239,62,128
1239,62,128
1239,62,128
1239,62,128
1239,62,128
1239,62,128
1239,62,128
1239,62,128
1239,62,128
1239,62,128
1239,62,128
1239,62,128
1239,62,128
1239,62,128
1239,62,128
1239,62,128
1239,62,128
1239,62,128
1239,62,128
1239,62,127
1239,62,127
1239,62,127
1239,62,127
1239,62,127
1239,62,127
1238,62,129
1240,62,129
1240,62,128
1240,62,128
1239,62,128
1241,62,129
1241,63,129
1241,63,129
1241,63,129
1241,63,129
1241,63,129
1241,63,129
1241,63,128
1239,62,128
1236,58,130
1238,58,130
1238,58,130
1238,58,130
1239,58,131
1237,58,130
1239,58,130
1235,58,129
1235,58,129
1235,58,129
1245,57,128
1249,53,138
1249,53,138
1249,54,137
1250,53,139
1238,57,131
1235,58,129
1234,58,131
1235,58,129
1235,58,130
1235,58,129
1235,58,130
1235,58,128
1238,58,130
1238,58,130
1238,58,130
1235,58,129
1235,58,129
1235,58,128
1235,58,128
1235,58,128
1236,58,128
1237,58,131
1234,58,128
1234,58,128
1235,58,127
1238,58,127
1235,58,129
1235,58,129
1235,58,129
1237,58,127
1237,59,127
1237,59,127
1237,59,127
1240,58,130
1234,62,131
1235,58,131
1239,58,129
1239,58,129
1240,58,129
1240,58,129
1240,58,129
1235,62,130
1238,62,130
1234,62,131
1236,62,127
1240,62,129
1240,62,129
1240,62,129
1238,62,129
1236,62,129
1237,62,131
1237,62,131
1237,62,131
1236,62,129
1236,62,129
1234,62,128
1238,62,129
1238,62,130
1238,62,130
1238,62,130
1244,57,128
1248,56,132
1248,56,132
1248,56,132
1242,57,129
1242,57,129
1234,61,131
1234,61,131
1234,61,131
1238,58,130
1234,59,131
1237,62,130
1237,62,130
1237,62,130
1236,58,130
1236,58,130
1236,58,130
1236,58,130
1236,58,130
1236,58,130
1236,58,130
1236,58,130
1236,58,128
1237,58,129
1237,58,130
1238,58,130
1238,58,130
1238,58,130
1238,58,130
1238,58,130
1238,58,130
1238,58,130
1238,58,130
1238,58,130
1238,58,130
1238,58,130
1238,58,130
1238,58,130
1238,58,130
1238,58,130
1238,58,130
1238,58,130
1238,58,130
1238,58,130
1238,58,130
1236,58,129
1235,58,129
1234,58,131
1239,62,128
1239,62,128
1239,62,128
1239,62,128
1239,62,128
1239,62,128
1239,62,128
1244,57,129
1248,56,125
1246,56,126
1241,57,129
1239,62,128
1239,62,128
1236,58,130
1236,58,130
1236,58,130
1236,58,130
1234,58,130
1234,58,129
1234,61,131
1237,62,127
1236,62,129
1236,62,129
1237,62,129
1237,62,131
1236,62,131
1240,62,127
1240,62,127
1234,61,131
1236,58,131
1236,58,131
1236,58,131
1236,58,131
1234,61,131
1234,61,131
1237,62,129
1241,58,129
1234,58,129
1234,58,128
1234,58,128
1236,58,129
1236,58,129
1238,59,127
1236,58,128
1241,58,129
1237,58,129
1237,58,129
1237,58,129
1236,62,131
1237,58,131
1236,58,131
1235,58,130
1239,58,128
1235,58,128
1236,62,127
1239,62,130
1241,62,130
1239,58,133
1235,58,129
1241,62,127
1239,62,128
1234,62,129
1234,62,129
1234,62,129
1238,62,128
1237,62,128
1237,62,128
1237,62,128
1237,62,128
1237,62,128
1237,62,128
1237,62,128
1237,62,128
1234,58,129
1236,58,129
1236,58,129
1236,58,129
1236,58,129
1234,60,131
1240,62,127
1238,62,130
1234,62,130
1237,58,130
1234,58,130
1241,58,129
1245,57,125
1249,56,123
1249,56,127
1242,58,129
1238,62,128
1234,58,129
1236,58,130
1236,58,130
1239,58,129
1240,62,129
1240,62,129
1240,62,129
1236,62,130
1237,62,129
1239,62,131
1239,62,131
1237,62,129
1239,62,129
1239,62,129
1239,62,129
1239,62,129
1239,62,129
1239,62,129
1239,62,129
1239,62,129
1239,62,129
1239,62,129
1239,62,129
1239,62,129
1239,62,129
1239,62,129
1239,62,129
1236,62,128
1236,62,128
1236,62,128
1236,62,128
1236,62,128
1236,62,128
1236,62,128
1236,62,128
1236,62,128
1236,62,128
1236,62,128
1236,62,128
1236,62,128
1236,62,128
1236,62,128
1236,62,128
1235,62,130
1235,62,130
1235,62,130
1236,62,129
1237,62,131
1237,62,131
1237,62,131
1239,62,128
1238,58,131
1234,62,131
1237,58,129
1236,58,130
1239,62,131
1238,58,131
1236,58,131
1239,58,130
1237,58,136
1236,58,140
1239,58,136
1239,58,134
1239,58,130
1241,58,128
1247,56,125
1242,58,129
1242,58,129
1242,58,129
1242,58,129
1242,58,129
1242,58,129
1242,58,129
1244,57,129
1234,57,124
1217,69,125
1225,60,143
1236,65,160
1227,62,145
1229,61,135
1237,57,125
1237,57,125
1248,56,124
1248,56,126
1246,56,124
1244,56,127
1239,57,130
1234,58,128
1234,58,128
1234,58,128
1237,58,130
145,12,133
134,12,138
129,10,144
132,12,139
133,4,182
1240,62,129
1234,59,131
1240,58,129
1262,31,127
1262,31,127
1262,31,127
1262,31,127
1238,62,128
1238,62,128
1238,62,128
1237,62,128
-393,2,73
-394,2,73
-394,2,73
-394,2,73
-394,2,73
-395,2,74
-399,4,77
-398,4,77
-399,4,77
-399,4,77
-400,4,77
-400,4,77
-400,4,78
-401,4,78
-402,4,65
-401,4,71
-393,2,74
-395,2,74
-393,2,77
-393,2,75
-393,3,73
-393,3,73
-393,3,73
-397,3,72
-400,5,78
-400,5,78
-397,3,72
-400,5,78
-397,5,77
-397,5,77
-399,4,77
-391,1,66
-392,2,66
-392,2,66
-392,2,66
-392,2,66
-392,2,66
-392,2,66
-392,2,66
-392,2,66
-392,2,66
-392,2,66
-397,2,71
-429,13,76
-392,2,74
-392,2,74
-392,2,74
-392,2,74
-399,2,69
-401,3,69
-398,2,70
-417,9,67
-410,5,67
-431,11,73
-431,11,73
-431,11,73
-421,14,78
-426,13,76
-435,14,85
-436,13,82
-425,11,72
-436,14,86
-446,12,82
-446,13,89
-443,13,89
-443,13,89
-444,14,89
-446,14,88
-447,14,88
-446,14,89
-446,14,89
-446,14,89
27456,-30857,739
27436,-30867,754
27442,-30867,754
27440,-30866,751
27440,-30867,755
27441,-30866,753
27436,-30868,757
27435,-30868,756
27436,-30868,756
27433,-30868,756
27434,-30865,756
27435,-30860,755
27430,-30868,758
27442,-30868,755
27442,-30868,755
27442,-30868,755
27442,-30868,755
27442,-30868,755
27442,-30868,755
27442,-30868,755
27442,-30868,755
27442,-30868,755
27442,-30868,755
27442,-30868,755
27442,-30868,755
27442,-30868,755
27442,-30868,755
27442,-30868,755
27442,-30868,755
27442,-30868,755
27442,-30868,755
27442,-30868,755
27442,-30868,755
27442,-30868,755
27442,-30868,755
27442,-30868,755
27442,-30868,755
27442,-30868,755
27442,-30868,755
27442,-30868,755
27442,-30868,755
27442,-30868,755
27442,-30868,755
27442,-30868,755
27442,-30868,755
27442,-30868,755
27442,-30868,755
27442,-30868,755
27442,-30868,755
27442,-30868,755
27442,-30868,755
27442,-30868,755
27442,-30868,755
27442,-30868,755
27442,-30868,755
27442,-30868,755
27442,-30868,755
27442,-30868,755
27442,-30868,755
27442,-30868,755
27442,-30868,755
27442,-30868,755
27442,-30868,755
27442,-30868,755
27442,-30868,755
27442,-30868,755
27442,-30868,755
27442,-30868,755
27442,-30868,755
27442,-30868,755
27442,-30868,755
27442,-30868,755
27442,-30868,755
27442,-30868,755
27442,-30868,755
27442,-30868,755
27442,-30868,755
27442,-30868,755
27442,-30868,755
27442,-30868,755
27442,-30868,755
27442,-30868,755
27442,-30868,755
27442,-30868,755
27442,-30868,755
27442,-30868,755
27442,-30868,755
27442,-30868,755
27442,-30868,755
27442,-30868,755
27442,-30868,755
27442,-30868,755
27442,-30868,755
27442,-30868,755
27442,-30868,755
27442,-30868,755
27442,-30868,755
27442,-30868,755
27442,-30868,755
27442,-30868,755
27442,-30868,755
27442,-30868,755
27442,-30868,755
27442,-30868,755
27442,-30868,755
27442,-30868,755
27442,-30868,755
27442,-30868,755
27442,-30868,755
27442,-30868,755
27442,-30868,755
27442,-30868,755
27442,-30868,755
27442,-30868,755
27442,-30868,755
27442,-30868,755
27442,-30868,755
27442,-30868,755
27442,-30868,755
27442,-30868,755
27442,-30868,755
27442,-30868,755
27442,-30868,755
27442,-30868,755
27442,-30868,755
27442,-30868,755
27442,-30868,755
27442,-30868,755
27442,-30868,755
27442,-30868,755
27442,-30868,755
27442,-30868,755
27442,-30868,755
27442,-30868,755
27969,-30668,966
27968,-30657,973
27968,-30661,972
27968,-30663,974
27971,-30660,974
27971,-30660,974
27971,-30660,974
27971,-30660,974
27971,-30660,974
27971,-30660,974
27971,-30660,974
27971,-30660,974
27971,-30660,974
27971,-30660,974
27971,-30660,974
27971,-30660,974
27971,-30660,974
27971,-30660,974
27971,-30660,974
27971,-30660,974
27971,-30660,974
27971,-30660,974
27971,-30660,974
27971,-30660,974
27971,-30660,974
27971,-30660,974
27971,-30660,974
27971,-30660,974
27971,-30660,974
27971,-30660,974
27971,-30660,974
27971,-30660,974
27971,-30660,974
27970,-30665,974
27966,-30665,974
27966,-30665,974
27966,-30665,974
27966,-30665,974
27966,-30665,974
27966,-30665,974
27966,-30665,974
27966,-30665,974
27966,-30665,974
27966,-30665,974
27966,-30665,974
27966,-30665,974
27966,-30665,974
27966,-30665,974
27966,-30665,974
27966,-30665,974
27966,-30665,974
27966,-30665,974
27966,-30665,974
27966,-30665,974
27966,-30665,974
27966,-30665,974
27966,-30665,974
27966,-30665,974
27966,-30665,974
27966,-30665,974
27966,-30665,974
27966,-30665,974
27966,-30665,974
27966,-30664,974
27968,-30657,973
27968,-30656,972
27966,-30655,971
27966,-30655,971
27966,-30665,969
27966,-30666,969
27966,-30666,969
27966,-30666,969
27970,-30661,974
27967,-30656,970
27965,-30665,968
27969,-30658,973
27966,-30655,970
27966,-30655,970
27965,-30655,969
27965,-30655,969
27964,-30653,966
27963,-30652,964
27963,-30652,964
27963,-30652,964
27963,-30652,964
27963,-30652,964
27963,-30652,964
27963,-30652,964
27963,-30652,964
27963,-30652,961
27962,-30650,962
27963,-30651,962
27963,-30651,962
27963,-30651,962
27963,-30651,962
27963,-30651,962
27941,-30649,952
27941,-30645,932
27940,-30643,931
27937,-30647,934
27937,-30647,934
27937,-30647,934
27937,-30647,934
27937,-30647,934
27937,-30648,934
27937,-30648,934
27937,-30648,934
27937,-30648,934
27937,-30648,934
27937,-30648,934
27937,-30648,934
27937,-30648,934
27937,-30648,934
27937,-30648,934
27937,-30648,935
27937,-30648,935
27937,-30648,935
27937,-30648,935
27937,-30648,935
27937,-30648,935
27940,-30648,934
27951,-30648,950
27955,-30650,964
27956,-30651,964
27947,-30649,961
27948,-30648,944
27949,-30649,944
27936,-30644,930
27935,-30641,927
27935,-30640,926
27940,-30647,936
27951,-30648,951
27951,-30648,951
27951,-30648,951
27951,-30648,951
27952,-30648,952
27952,-30648,952
27961,-30648,950
27961,-30648,950
27961,-30648,950
27966,-30649,941
27970,-30653,938
27970,-30655,939
27971,-30653,936
27973,-30658,935
27979,-30659,927
27998,-30659,900
28006,-30665,898
28012,-30663,890
28013,-30664,890
28011,-30662,894
28008,-30659,882
28011,-30663,866
28027,-30664,849
28029,-30664,846
28033,-30664,848
28046,-30669,863
28082,-30665,845
138,16,126
129,16,118
1240,62,129
1241,62,129
1239,62,129
1235,62,129
1235,58,130
1242,58,129
1250,55,131
1250,55,131
1240,58,129
1238,59,127
1235,59,127
1235,59,127
1235,59,127
1235,59,127
1235,59,127
1234,58,131
1239,62,128
1241,62,329
1239,62,129
1239,62,129
1239,62,129
1239,62,129
1239,62,129
1239,62,128
1238,62,132
1240,62,136
1239,63,136
1240,62,136
1240,62,136
1240,62,138
1241,62,137
1240,62,138
1240,62,136
1240,62,138
1238,58,143
1237,58,146
1240,62,138
1238,58,143
1238,58,146
1236,58,146
1240,58,146
1237,58,137
1240,58,135
1235,58,137
1234,59,134
1235,62,139
1238,62,137
1241,62,137
1240,62,138
1237,62,139
1239,62,134
1239,62,128
1239,62,128
1239,62,130
1238,62,130
1238,62,130
1238,62,130
1238,62,130
1238,62,130
1238,62,130
1240,62,128
1239,62,128
1239,62,128
1240,62,128
1239,62,127
1239,62,127
1239,62,127
1239,62,127
1239,62,127
1239,62,127
1239,62,127
1239,62,127
1239,62,127
1239,62,127
1239,62,127
1239,62,127
1239,62,127
1239,62,127
1239,62,127
1235,58,129
1235,58,129
1235,58,129
1235,58,129
1235,58,129
1235,58,129
1235,58,129
1235,58,129
1235,58,129
1235,58,129
1235,58,129
1235,58,129
1235,58,129
1235,58,129
1235,58,129
1235,58,129
1235,58,129
1235,58,129
1235,58,129
1235,58,129
1235,58,129
1235,58,129
1235,58,129
1235,58,129
1235,58,129
1235,58,129
1235,58,129
1235,58,129
1235,58,129
1235,58,129
1235,58,129
1235,58,129
1235,58,129
1235,58,129
1235,58,129
1235,58,129
1235,58,129
1235,58,129
1235,58,129
1235,58,129
1235,58,129
1235,58,129
1235,58,129
1235,58,129
1235,58,129
1235,58,129
1235,58,129
1235,58,129
1235,58,129
1235,58,129
1235,58,129
1235,58,129
1235,58,129
1235,58,129
1235,58,129
1235,58,129
1235,58,128
1235,58,128
1235,58,128
1235,58,128
1236,58,128
1238,58,130
1238,58,130
1236,58,130
1236,58,130
1236,58,130
1236,58,130
1236,58,130
1236,58,130
1236,58,130
1236,58,130
1236,58,130
1236,58,130
1236,58,130
1236,58,130
1236,58,130
1236,58,130
1239,58,129
1238,59,127
1238,59,127
1241,58,128
1238,59,127
1240,59,127
1241,58,127
1238,58,128
1238,58,128
1238,58,128
1238,58,128
1238,58,128
1238,58,128
1238,58,128
1238,58,128
1238,58,128
1238,58,128
1238,58,128
1238,58,128
1238,58,128
1238,58,128
1238,58,128
1238,58,128
1238,58,128
1238,58,128
1238,58,128
1238,58,128
1238,58,128
1238,58,128
1238,58,128
1238,58,128
1238,58,128
1238,58,128
1238,58,128
1238,58,128
1238,58,128
1238,58,128
1238,58,128
1238,58,128
1238,58,128
1238,58,128
1238,58,128
1238,58,128
1238,58,128
1238,58,128
1238,58,128
1238,58,128
1238,58,128
1238,58,128
1238,58,128
1238,58,128
1236,58,129
1236,58,129
1236,58,129
1236,58,129
1236,58,129
1236,58,129
1236,58,129
1236,58,129
1236,58,129
1236,58,129
1236,58,129
1236,58,129
1236,58,129
1236,58,129
1236,58,129
1236,58,129
1236,58,129
1236,58,129
1236,58,129
1236,58,129
1236,58,129
1236,58,129
1236,58,129
1236,58,129
1236,58,129
1236,58,129
1236,58,129
1236,58,129
1236,58,129
1236,58,129
1236,58,129
1236,58,129
1236,58,129
1236,58,129
1236,58,129
1236,58,129
1236,58,129
1236,58,129
1241,59,131
1241,59,131
1241,59,131
1241,59,131
1241,59,131
1241,59,131
1241,59,131
1241,59,131
1241,59,131
1241,59,131
1241,59,131
1241,59,131
1241,59,131
1241,59,131
1241,59,131
1241,59,131
1241,59,131
1241,59,131
1241,59,131
1241,59,131
1241,59,131
1241,59,131
1241,59,131
1241,59,131
1241,59,131
1240,58,131
1240,58,131
1240,58,131
1240,58,131
1240,58,131
1240,58,131
1240,58,131
1240,58,131
1240,58,131
1240,58,131
1240,58,131
1240,58,131
1240,58,131
1240,58,131
1240,58,131
1240,58,131
1240,58,131
1240,58,131
1240,58,131
1240,58,131
1238,58,130
1241,59,131
1241,59,131
1241,59,131
1241,59,131
1241,59,131
1241,59,131
1241,59,131
1241,59,131
1241,59,131
1241,59,131
1241,59,131
1241,59,131
1241,59,131
1241,59,131
1241,59,131
1241,59,131
1241,59,131
1241,59,131
1241,59,131
1241,59,131
1241,59,131
1241,59,131
1241,59,131
1241,59,131
1241,59,131
1241,59,131
1241,59,131
1241,59,131
1241,59,131
1241,59,131
1241,59,131
1241,59,131
1241,59,131
1241,59,131
1241,59,131
1241,59,131
1241,59,131
1241,59,131
1241,59,131
1241,59,131
1241,59,131
1241,59,131
1241,59,131
1241,59,131
1241,59,131
1241,59,131
1241,59,131
1241,59,131
1241,59,131
1241,59,131
1241,59,131
1241,59,131
1241,59,131
1241,59,131
1241,59,131
1241,59,131
1241,59,131
1241,59,131
1241,59,131
1241,59,131
1241,59,131
1241,59,131
1241,59,131
1241,59,131
1241,59,131
1241,59,131
1241,59,131
1241,59,131
1241,59,131
1241,59,131
1241,59,131
1241,59,131
1241,59,131
1241,59,131
1241,59,130
1235,58,131
1239,61,128
1240,61,128
1239,61,128
1239,61,128
1239,61,128
1239,61,128
1239,61,128
1239,61,128
1239,61,128
1239,61,128
1239,61,128
1239,61,128
1239,61,128
1239,61,128
1239,61,128
1239,61,128
1239,61,128
1239,61,128
1239,61,128
1239,61,128
1239,61,128
1239,61,128
1239,61,128
1239,61,128
1239,61,128
1239,61,128
1239,61,128
1239,61,128
1239,61,128
1239,61,128
1239,61,128
1239,61,128
1239,61,128
1240,58,128
1241,58,129
1234,58,130
1239,62,129
1239,62,129
1239,62,128
1239,62,128
1235,58,129
151,12,136
151,12,127
135,15,108
136,15,110
136,15,110
134,15,108
134,15,108
139,15,109
134,15,104
135,15,103
136,15,109
137,15,111
128,15,121
1238,62,129
1236,58,130
1236,58,130
1235,58,130
1237,58,130
1237,58,129
1237,58,129
1237,58,130
1237,58,130
1237,58,130
1237,58,130
1238,58,127
1245,57,129
1246,57,127
1246,56,127
1243,56,128
1245,57,123
1245,55,121
1244,55,122
1243,55,122
1242,55,123
1242,55,123
1242,55,123
1242,55,123
1242,55,123
1242,55,123
1241,55,122
1241,55,122
1241,55,122
1240,55,122
1238,55,122
1238,57,124
1236,58,125
1238,58,125
1238,58,125
1237,58,125
1234,57,123
1234,58,122
1234,58,122
1235,55,120
1232,54,119
1234,53,118
1233,52,117
1235,52,117
1235,52,117
1236,52,118
149,12,131
135,15,109
139,15,107
135,15,106
135,15,106
135,15,106
135,15,106
135,15,106
135,15,106
135,15,106
135,15,106
138,15,107
139,15,105
135,15,107
1241,62,129
1241,62,129
1237,62,129
1236,62,130
1237,58,131
1237,58,130
1234,58,131
1234,58,131
1237,62,128
1237,62,128
1237,62,128
1237,62,128
1234,58,129
1234,58,129
1234,58,129
1234,58,129
1234,58,129
1234,58,129
1239,58,130
1235,58,130
1235,58,130
1235,58,130
1235,58,130
1235,58,130
1235,58,130
1235,58,130
1235,58,130
1235,58,130
1235,58,130
1235,58,130
1235,58,130
1235,58,130
1235,58,130
1235,58,130
1235,58,130
1235,58,130
1235,58,130
1234,58,130
1234,58,131
1235,58,129
1236,58,131
1238,62,127
1239,62,127
1234,61,131
154,12,123
144,16,113
139,15,105
139,15,105
140,15,108
134,15,107
140,15,106
140,15,103
143,15,116
163,12,126
148,15,118
143,17,116
138,14,113
135,19,110
141,19,110
142,19,110
142,19,110
135,15,107
28017,-30662,888
28016,-30664,877
28016,-30666,871
28062,-30666,843
28062,-30668,841
28062,-30668,841
28063,-30668,840
28056,-30667,842
28080,-30664,832
28105,-30689,839
-9432,4248,841
28104,-30688,842
-9296,4112,842
28097,-30684,756
-9303,4117,752
28097,-30683,752
28099,-30685,751
115,-102,741
28149,-30660,742
28149,-25458,742
28149,-25458,742
28183,-30674,698
2988,2729,707
2989,2726,709
2992,2726,716
2998,2725,722
2990,2725,710
-12148,1461,718
28191,-30675,719
28192,-30671,719
28192,-30668,719
28192,-30668,719
28175,-30668,783
28176,-30668,785
28172,-30664,797
28172,-30665,791
28169,-30665,790
28162,-30660,793
28159,-30659,784
28159,-30659,783
28159,-30661,783
28159,-30661,783
28159,-30661,783
28159,-30659,783
28159,-30659,783
28159,-30659,783
28161,-30661,785
28162,-30657,785
28162,-30654,785
28162,-30654,785
28165,-30651,788
28168,-30643,787
28175,-30639,792
28172,-30640,793
28153,-30661,812
28139,-30678,817
28115,-30682,831
28105,-30688,838
28091,-30689,814
28079,-30690,799
28077,-30689,784
28100,-30686,763
28101,-30683,747
28117,-30681,743
28141,-30677,729
28146,-30673,703
28152,-30665,691
28189,-30673,702
28199,-30675,736
28188,-30675,768
28162,-30673,779
28143,-30681,782
28150,-30692,762
28162,-30688,757
28165,-30682,748
28137,-30690,758
28132,-30690,760
28114,-30689,783
28132,-30690,760
28104,-30689,788
28092,-30690,778
28089,-30690,802
28090,-30689,809
28091,-30689,820
28103,-30688,832
28101,-30683,839
28099,-30685,835
28097,-30688,825
28084,-30689,808
28084,-30689,808
28084,-30689,808
28084,-30689,808
28084,-30689,808
28084,-30689,808
152,29,94
156,31,92
134,20,105
146,20,105
144,20,108
144,20,108
144,20,108
144,20,109
179,28,93
175,28,94
175,28,94
175,28,94
175,28,94
142,21,107
142,21,107
142,22,107
142,22,107
142,22,107
152,28,94
152,28,94
151,29,95
122,24,100
141,23,104
142,37,67
147,36,65
117,21,89
144,36,65
150,37,66
143,37,69
142,37,69
143,37,69
157,37,75
153,37,68
139,14,105
483,11,1963
480,9,1976
475,7,1987
464,7,1983
432,9,1972
427,9,1973
405,4,1977
397,4,1980
669,27,129
661,27,110
626,26,126
608,24,143
595,25,147
622,24,138
660,25,127
399,4,1984
378,4,1977
339,3,1976
300,3,1974
281,3,1967
280,3,1970
244,3,1975
224,3,1975
224,3,1975
1142,12,696
1142,12,696
1142,12,696
1142,12,696
1158,10,730
1175,6,746
1166,6,751
1149,11,750
1149,12,750
1149,12,750
1150,13,743
1152,14,741
1152,14,741
1153,14,741
1153,15,734
1150,11,714
1143,11,712
1145,11,710
1145,11,710
1145,11,711
1145,11,711
1147,11,708
484,11,1965
493,10,1965
493,10,1965
495,10,1967
484,9,1974
486,10,1974
486,10,1974
486,10,1974
486,10,1974
486,10,1974
486,10,1974
486,10,1974
484,9,1974
485,9,1973
485,9,1973
485,9,1973
485,11,1965
485,10,1965
482,10,1965
482,10,1965
482,10,1965
482,10,1965
482,10,1965
483,10,1966
484,10,1964
484,10,1964
484,10,1964
484,10,1964
484,10,1964
484,10,1964
484,10,1964
482,10,1963
482,10,1963
482,10,1963
484,11,1965
482,11,1963
482,11,1963
483,11,1963
483,11,1963
483,11,1964
484,11,1962
483,11,1962
483,11,1963
483,11,1963
482,11,1962
486,11,1964
483,11,1964
483,11,1964
481,11,1963
480,11,1963
481,11,1963
482,11,1965
482,11,1965
484,11,1966
479,11,1966
481,11,1966
481,11,1964
481,11,1966
481,11,1966
482,11,1966
482,11,1962
481,11,1964
482,11,1964
481,11,1963
481,11,1963
481,11,1963
481,11,1963
481,11,1963
481,11,1963
481,11,1964
481,11,1964
481,11,1964
481,11,1966
483,11,1965
484,11,1965
482,11,1966
484,11,1965
479,11,1964
481,11,1963
481,11,1963
489,11,1969
486,11,1964
487,11,1965
487,11,1965
490,10,1964
490,10,1964
487,10,1964
488,10,1970
489,10,1967
489,10,1967
145,19,111
150,18,111
150,19,111
161,12,134
159,12,119
160,12,117
1240,62,130
1240,62,130
1240,62,130
1240,62,130
1238,62,130
66,3,140
79,2,128
99,11,126
129,12,151
163,12,137
164,-3,135
164,-3,135
164,-3,135
164,-4,135
164,-4,134
164,-4,134
164,-4,134
164,-4,134
163,-26,134
1238,62,130
1238,62,130
93,9,122
87,6,124
111,12,115
143,14,118
163,-3,134
163,-5,134
163,-5,134
163,-19,134
1241,62,129
76,3,133
102,12,116
142,14,116
164,-3,134
164,-3,134
164,-3,134
164,-3,134
164,-3,134
164,-3,134
164,-3,134
164,-3,134
164,-3,134
164,-3,134
164,-3,134
164,-3,134
164,-3,134
164,-13,134
163,-23,134
164,-25,134
164,-33,134
1241,62,129
1241,62,129
1240,62,128
1241,62,130
1238,62,131
1238,62,130
1238,62,130
1234,62,131
115,13,114
123,14,113
131,15,114
160,12,128
163,-3,134
164,-13,134
164,-13,134
164,-13,134
164,-13,134
164,-13,134
164,-13,134
164,-13,134
164,-13,134
164,-13,134
164,-13,134
164,-13,134
164,-13,134
164,-13,134
164,-13,134
164,-13,134
164,-13,134
164,-13,134
164,-13,134
164,-13,134
164,-13,134
164,-13,134
164,-13,134
164,-13,134
164,-13,134
164,-13,134
164,-13,134
164,-13,134
164,-13,134
164,-13,134
164,-13,134
164,-13,134
164,-13,134
163,-28,134
164,-33,134
1240,62,129
1240,62,129
1240,62,129
1236,58,131
1236,58,131
1141,12,696
1143,12,692
1143,12,692
1141,12,696
1141,12,696
1141,12,696
131,18,117
132,16,116
160,12,127
160,12,127
160,12,127
159,12,139
159,12,130
160,12,135
159,12,135
159,12,135
158,12,135
159,12,138
156,12,140
157,12,138
152,12,137
156,12,138
155,12,137
155,12,136
155,12,147
158,12,138
157,12,142
156,12,128
147,17,114
161,12,125
159,12,129
159,12,129
153,12,133
157,12,123
159,12,117
159,12,117
488,11,1971
485,9,1973
489,9,1974
490,10,1967
491,10,1968
493,11,1966
491,11,1966
497,11,1966
495,11,1962
491,11,1964
496,11,1964
496,10,1967
493,10,1966
489,10,1967
484,10,1974
481,9,1974
488,10,1966
483,10,1964
159,12,121
151,13,117
138,19,110
-23249,60,-3001
-23245,48,-3010
-23240,25,-3017
-23240,25,-3017
-23240,25,-3017
-23239,25,-3019
-23239,25,-3019
-23239,25,-3019
-23238,25,-3020
-23236,25,-3020
-23235,25,-3021
-23235,25,-3021
-23235,25,-3021
-23235,25,-3021
-23235,25,-3021
-23235,25,-3021
-23235,25,-3021
-23235,25,-3021
-23236,25,-3021
-23231,25,-3019
-23228,25,-3018
-23226,26,-3013
-23227,26,-3012
-23227,26,-3012
-23227,26,-3012
-23225,26,-3011
-23224,26,-3012
-23224,26,-3011
-23215,26,-3010
-23213,26,-3007
-23214,26,-3001
-23211,26,-2991
-23209,26,-2992
-23207,26,-2992
-23206,27,-2991
-23206,28,-2991
-23206,26,-2991
-23205,26,-2985
-23207,26,-2992
-23208,26,-2992
-23208,29,-2992
-23209,27,-2991
-23210,26,-2987
-23208,27,-2993
-23207,30,-2994
-23207,29,-2994
-23211,27,-2997
-23213,27,-2998
-23214,27,-2997
-23221,26,-2996
-23223,26,-2999
-23223,26,-2999
482,11,1965
485,11,1964
485,11,1964
489,11,1965
497,11,1963
497,11,1963
493,11,1963
489,9,1963
489,10,1963
488,10,1964
488,10,1967
488,10,1968
488,10,1964
489,10,1966
488,10,1964
489,10,1965
486,10,1964
486,10,1964
486,10,1966
488,10,1967
488,10,1969
488,10,1968
488,10,1965
488,10,1966
488,10,1966
488,10,1966
488,10,1966
488,10,1969
488,10,1973
487,10,1974
483,10,1973
481,10,1973
482,10,1974
489,10,1974
489,10,1976
489,10,1974
489,10,1975
489,10,1974
489,10,1973
489,10,1973
484,10,1974
480,10,1976
483,10,1971
483,10,1971
483,10,1971
483,10,1971
486,10,1975
486,10,1977
481,10,1975
481,10,1973
484,10,1977
481,10,1975
481,10,1975
486,10,1974
486,10,1976
483,10,1975
482,9,1976
482,9,1972
485,9,1971
485,9,1972
481,9,1971
483,9,1975
485,9,1971
486,10,1972
484,9,1972
484,9,1972
481,9,1971
485,9,1973
485,10,1971
484,10,1971
482,10,1970
483,10,1971
479,10,1974
482,10,1972
479,10,1975
480,7,1985
480,9,1978
480,9,1973
481,10,1970
480,10,1974
481,10,1972
481,10,1974
479,10,1971
481,10,1972
482,10,1973
488,10,1965
482,11,1967
485,10,1971
480,9,1979
474,7,1988
481,9,1973
482,9,1974
481,10,1975
481,10,1972
481,10,1971
481,9,1975
482,9,1974
481,9,1975
481,9,1973
480,9,1971
474,7,1987
465,8,1957
471,9,1959
467,7,1963
480,7,1982
488,10,1965
489,10,1964
481,10,1964
482,10,1965
489,10,1964
488,10,1965
486,11,1964
488,11,1964
489,10,1969
486,10,1974
483,10,1973
483,10,1973
483,10,1973
486,10,1973
488,10,1973
487,10,1973
487,10,1973
489,10,1970
489,10,1970
489,10,1970
489,10,1970
489,10,1970
164,3,1914
151,3,1923
156,3,1914
160,3,1914
160,3,1914
160,3,1914
159,3,1914
159,3,1914
159,3,1914
159,3,1914
159,3,1914
158,3,1915
158,3,1915
158,3,1915
158,3,1915
158,3,1915
158,3,1915
149,3,1910
149,3,1911
154,3,1915
153,3,1915
153,3,1915
153,3,1915
153,3,1915
151,3,1914
151,3,1914
151,3,1914
152,3,1907
152,3,1907
149,3,1908
152,3,1912
168,4,1939
189,3,1968
229,3,1974
268,3,1974
312,4,1975
339,4,1974
339,4,1974
339,4,1974
365,4,1975
407,4,1973
445,8,1971
474,7,1985
485,10,1964
483,10,1965
481,10,1975
458,7,1984
149,4,1908
149,4,1910
148,4,1910
150,4,1911
151,4,1914
149,14,117
140,14,106
134,14,107
127,14,111
140,19,109
138,19,110
-179,-87,-534
171,19,127
171,19,127
171,19,127
171,19,127
171,19,127
171,19,127
424,-260,134
28025,-30673,949
141,21,108
144,21,109
146,17,125
141,18,122
143,22,131
129,20,144
134,21,148
133,26,143
114,26,139
111,13,127
118,14,113
-2441,9,5190
-2436,4,5179
-2434,3,5172
-2432,2,5171
-2440,8,5189
-2441,8,5188
-2442,8,5189
-11100,2,1136
-11134,8,1140
-11102,2,1137
-20182,16,-15736
-20179,17,-15732
136,19,109
2752,-9623,1421
-953,-5133,-535
-949,-5133,-547
-949,-5136,-542
-947,-5138,-547
-951,-5140,-542
-958,-5139,-527
-956,-5139,-516
-979,-5138,-528
-952,-5140,-542
-953,-5140,-543
-943,-5136,-552
-943,-5136,-546
-947,-5134,-544
-949,-5133,-544
-951,-5133,-541
-951,-5133,-541
-951,-5133,-541
-951,-5133,-541
-951,-5133,-541
-949,-5133,-536
2990,-9617,1420
2993,-9625,1401
2998,-9613,1432
2978,-9609,1439
2975,-9617,1451
2978,-9617,1451
2977,-9617,1451
3012,-9618,1441
2974,-9624,1440
2973,-9624,1439
2982,-9618,1448
2956,-9620,1462
2947,-9620,1458
2951,-9617,1467
2949,-9616,1467
2948,-9615,1467
2948,-9611,1466
2948,-9611,1466
2948,-9611,1466
2958,-9619,1475
2940,-9622,1474
2938,-9622,1473
2932,-9622,1473
2923,-9621,1480
2926,-9622,1497
2922,-9624,1510
2920,-9626,1512
2902,-9622,1523
2893,-9622,1507
2879,-9619,1497
2856,-9624,1493
2856,-9625,1492
2855,-9624,1493
2852,-9624,1493
2832,-9640,1500
2824,-9642,1513
2809,-9640,1507
2813,-9638,1479
2812,-9634,1465
2814,-9626,1440
2815,-9626,1440
2818,-9627,1440
2817,-9622,1445
2817,-9621,1445
2817,-9621,1445
2817,-9618,1445
2817,-9627,1446
2817,-9621,1446
2817,-9619,1446
2817,-9616,1446
2815,-9615,1448
2814,-9618,1465
2821,-9623,1465
1241,62,129
153,12,119
-946,-5132,-535
2988,-9616,1422
2992,-9616,1419
2981,-9607,1442
2964,-9605,1460
2946,-9605,1463
2946,-9605,1463
2946,-9605,1463
2946,-9602,1456
2966,-9604,1449
2974,-9617,1452
2951,-9620,1473
2925,-9622,1473
2924,-9620,1483
2921,-9624,1507
2896,-9623,1530
2869,-9624,1518
2836,-9639,1523
2825,-9639,1486
2821,-9637,1471
2821,-9637,1471
2821,-9637,1471
2820,-9637,1471
2837,-9638,1480
2851,-9633,1476
2854,-9628,1477
2855,-9628,1477
2856,-9634,1465
2862,-9635,1448
2849,-9634,1478
2846,-9633,1482
2841,-9639,1511
2837,-9623,1526
2845,-9623,1529
2852,-9631,1508
2853,-9626,1481
2858,-9625,1476
2858,-9621,1455
2851,-9635,1459
2830,-9639,1469
2842,-9637,1468
2847,-9637,1461
2831,-9628,1431
2842,-9629,1435
2851,-9643,1437
2852,-9644,1437
2848,-9638,1437
2845,-9635,1437
2845,-9636,1433
2825,-9629,1437
2814,-9625,1451
2814,-9621,1456
2814,-9618,1459
2796,-9617,1462
2797,-9612,1432
2773,-9615,1427
2772,-9615,1427
2772,-9615,1427
2772,-9615,1427
2761,-9615,1433
2759,-9615,1433
2769,-9624,1467
2769,-9629,1481
2757,-9648,1483
2740,-9640,1491
2740,-9640,1491
2740,-9640,1491
2733,-9639,1492
2752,-9650,1507
2771,-9661,1544
2783,-9670,1583
2791,-9667,1605
2821,-9658,1631
2814,-9653,1638
2816,-9653,1637
2801,-9650,1639
2793,-9657,1632
2779,-9654,1624
2764,-9654,1625
2773,-9650,1637
2773,-9650,1637
2753,-9649,1640
2732,-9650,1630
2711,-9646,1631
2689,-9635,1642
2685,-9632,1640
2686,-9631,1640
2686,-9630,1640
2686,-9630,1640
2686,-9630,1640
2686,-9630,1640
2686,-9631,1640
2683,-9633,1608
2685,-9632,1589
2703,-9634,1617
2704,-9633,1616
2705,-9631,1617
2706,-9629,1625
2717,-9626,1641
2716,-9626,1641
2715,-9625,1639
2719,-9627,1638
2724,-9627,1633
2727,-9625,1633
2741,-9620,1631
2750,-9621,1629
2772,-9624,1604
2753,-9622,1625
2726,-9613,1638
2731,-9607,1644
2745,-9602,1649
2711,-9612,1640
2694,-9610,1642
2702,-9613,1639
2713,-9614,1624
2706,-9613,1599
2705,-9613,1599
2705,-9613,1599
170,4,1911
171,4,1914
169,4,1915
165,4,1917
153,4,1912
148,17,113
154,19,113
154,4,1908
170,4,1915
168,4,1917
168,4,1917
172,4,1916
171,3,1917
170,4,1916
165,3,1914
155,3,1908
149,4,1906
149,4,1906
149,4,1906
149,4,1906
149,4,1906
149,4,1906
149,4,1906
149,4,1906
149,4,1906
163,4,1903
164,3,1908
163,3,1912
167,3,1911
167,3,1905
165,4,1904
165,4,1909
164,4,1914
164,4,1914
164,4,1914
164,4,1914
164,4,1914
164,4,1914
164,4,1914
164,4,1914
163,4,1914
166,4,1902
165,3,1911
165,4,1905
165,4,1909
165,4,1904
165,4,1902
149,4,1908
166,4,1913
163,4,1914
165,4,1912
156,3,1914
149,3,1907
149,3,1907
157,3,1908
163,3,1902
149,3,1907
155,4,1922
160,4,1920
158,4,1928
152,4,1929
151,4,1922
151,4,1915
150,4,1908
148,4,1906
157,12,128
154,12,121
155,12,121
160,12,124
160,12,124
152,12,117
146,19,108
138,20,109
78,26,914
77,28,937
61,24,928
55,20,937
76,19,949
146,20,105
134,19,109
29260,23,-5325
29282,29,-5341
29281,30,-5342
29281,30,-5342
29280,31,-5342
171,4,1917
163,4,1914
169,3,1912
171,3,1916
0,-1,0
170,2,1916
170,3,1916
167,3,1917
167,3,1917
167,3,1917
166,3,1917
168,3,1916
168,3,1916
168,4,1916
169,4,1917
169,4,1912
172,4,1912
170,4,1909
171,3,1909
168,3,1920
163,3,1913
164,3,1913
163,5,1914
162,4,1914
162,4,1914
161,4,1914
162,4,1913
157,4,1913
153,4,1914
153,4,1914
153,5,1913
150,4,1914
151,4,1914
151,4,1914
149,4,1914
149,4,1915
149,4,1915
149,4,1926
149,4,1926
152,4,1930
152,4,1930
162,4,1926
163,4,1928
166,4,1928
159,6,1927
157,7,1926
157,7,1926
157,7,1926
157,7,1926
157,7,1926
157,7,1926
157,7,1926
157,7,1926
157,7,1926
157,7,1926
157,7,1926
157,7,1926
155,7,1926
152,7,1924
152,7,1919
153,7,1914
159,6,1914
164,7,1914
164,7,1914
164,4,1928
164,7,1918
164,7,1926
156,8,1925
164,7,1918
163,8,1922
163,8,1916
161,8,1915
153,7,1916
159,7,1926
153,7,1921
168,4,1924
168,4,1908
166,3,1910
151,4,1907
151,4,1907
151,4,1907
150,4,1904
149,4,1906
149,4,1911
148,4,1910
150,4,1910
157,4,1928
159,4,1928
157,4,1920
160,4,1922
159,4,1920
159,4,1920
157,4,1923
150,4,1902
154,4,1907
146,4,1903
146,4,1920
157,4,1917
158,4,1918
158,4,1918
158,4,1918
158,4,1918
158,4,1918
159,4,1920
159,4,1919
158,7,1921
156,4,1923
157,4,1923
161,4,1921
160,4,1920
160,4,1920
160,4,1920
160,4,1920
160,4,1920
160,4,1920
160,4,1920
160,4,1920
160,4,1920
160,4,1920
160,4,1920
160,4,1920
160,4,1920
160,4,1920
160,4,1920
160,4,1920
160,4,1920
160,4,1920
160,4,1920
160,4,1920
160,4,1918
158,4,1918
155,4,1918
157,4,1922
149,4,1909
159,12,116
149,4,1907
151,4,1924
152,12,117
143,20,109
150,14,117
150,4,1911
150,4,1909
145,18,111
148,17,117
148,16,117
148,17,117
148,17,117
158,11,116
147,4,1906
149,4,1923
145,4,1923
134,3,1903
133,2,1902
133,2,1902
133,2,1902
133,2,1902
133,2,1902
133,2,1902
137,3,1905
143,3,1909
134,2,1900
133,2,1897
145,4,1911
151,4,1927
158,4,1923
161,4,1920
158,6,1919
157,4,1919
157,4,1919
158,4,1919
157,7,1920
157,7,1919
158,7,1918
158,4,1919
158,6,1920
158,7,1920
158,7,1920
158,7,1920
158,7,1920
160,7,1922
159,4,1920
149,4,1913
148,4,1907
148,4,1907
150,4,1921
159,4,1921
158,4,1919
158,7,1918
158,4,1919
155,4,1916
158,4,1919
158,6,1921
158,6,1921
158,6,1921
158,6,1921
158,6,1921
158,6,1921
158,6,1921
158,6,1921
158,6,1921
158,6,1921
158,6,1921
158,6,1921
158,6,1921
158,6,1921
158,7,1920
158,7,1920
159,12,116
159,12,116
159,12,116
146,19,108
146,20,108
144,19,112
136,15,104
137,15,108
145,19,110
132,19,110
137,19,109
2746,-9625,1424
2758,-9625,1431
2764,-9625,1431
2770,-9625,1431
2748,-9625,1427
143,16,114
141,16,113
140,15,107
138,15,110
149,4,1912
150,4,1905
149,4,1904
149,4,1904
149,4,1904
149,4,1904
157,12,120
2752,-9623,1421
2756,-9625,1431
2769,-9625,1430
2772,-9625,1432
2769,-9625,1431
2749,-9624,1429
143,18,112
136,15,109
139,15,108
139,15,108
139,15,108
139,15,103
147,18,112
149,4,1924
152,4,1925
149,4,1907
150,4,1904
150,4,1904
153,4,1907
161,3,1921
157,3,1920
157,3,1920
157,3,1920
157,3,1920
155,3,1921
157,3,1920
157,3,1919
157,7,1917
156,4,1918
157,4,1920
160,4,1922
160,4,1922
160,4,1922
160,4,1922
160,4,1922
160,4,1922
160,4,1922
160,4,1922
160,4,1922
160,4,1922
160,4,1922
152,4,1922
150,4,1905
149,4,1906
159,12,115
146,19,109
143,19,109
143,19,109
143,19,109
153,12,117
152,4,1925
164,4,1915
150,4,1907
150,4,1907
150,4,1907
150,4,1907
150,4,1907
150,4,1907
150,4,1907
150,4,1907
150,4,1907
150,4,1907
150,4,1907
150,4,1907
158,3,1924
161,3,1919
159,3,1919
159,3,1919
157,3,1918
157,4,1917
160,4,1919
156,4,1920
156,4,1920
156,4,1920
156,4,1920
156,4,1920
157,4,1921
157,7,1917
159,7,1919
157,7,1917
157,7,1917
157,7,1917
159,7,1921
160,7,1921
160,7,1919
160,7,1920
157,7,1919
156,6,1919
156,7,1917
156,7,1920
158,6,1921
158,6,1921
158,7,1921
158,7,1921
160,7,1919
160,7,1918
160,7,1918
157,7,1918
158,7,1920
156,7,1920
156,7,1920
156,7,1920
157,4,1917
146,16,117
137,14,111
140,15,107
140,15,107
140,15,107
140,15,107
140,15,108
140,15,108
140,15,108
140,15,108
140,15,108
139,15,108
139,15,108
139,15,108
139,15,108
139,15,108
139,15,108
139,15,108
139,15,108
139,15,108
139,15,108
139,15,108
139,15,108
139,15,108
139,15,108
139,15,108
155,12,117
480,11,1967
157,7,1919
159,7,1920
157,7,1919
160,7,1917
158,7,1918
159,7,1919
159,7,1919
159,7,1919
159,7,1919
159,7,1919
159,7,1919
157,7,1920
140,15,109
140,15,109
140,15,109
140,15,109
140,15,109
140,15,109
140,15,109
140,15,109
140,15,109
140,15,109
140,15,109
140,15,109
140,15,109
140,15,109
140,15,109
140,15,109
140,15,109
140,15,109
140,15,109
157,12,116
158,7,1919
158,7,1918
158,7,1921
155,7,1919
158,7,1920
159,7,1921
159,7,1921
157,7,1920
156,7,1920
158,7,1920
158,7,1920
158,7,1920
158,7,1920
158,7,1920
158,7,1920
158,7,1920
158,7,1920
158,7,1920
158,7,1920
158,7,1920
158,7,1920
158,7,1920
158,7,1920
158,7,1920
158,7,1920
158,7,1920
158,7,1920
158,7,1920
158,7,1920
158,7,1920
158,7,1920
158,7,1920
158,12,118
139,15,107
149,4,1930
-23291,20,-3044
-23292,20,-3043
-23298,26,-3035
-23283,26,-3026
-23273,21,-3048
-23290,20,-3072
-23290,18,-3096
-23286,18,-3098
-23282,16,-3120
-23270,15,-3127
-23272,15,-3136
-23283,14,-3152
-23271,14,-3168
-23274,14,-3175
-23274,14,-3175
-23274,14,-3175
-23274,14,-3175
-23274,14,-3175
-23274,14,-3175
-23274,14,-3175
-23274,14,-3175
-23274,14,-3175
-23274,14,-3175
-23274,14,-3175
-23274,14,-3175
-23274,14,-3175
-23274,14,-3175
-23274,14,-3175
-23279,14,-3184
-23260,-7,-3201
-23270,1,-3208
-23288,6,-3230
-23286,10,-3232
-23286,9,-3230
-23283,17,-3233
-23270,19,-3252
-23287,20,-3253
-23282,20,-3248
-23293,20,-3260
-23281,20,-3275
-23246,21,-3282
-23212,24,-3271
-23206,25,-3270
-23204,-3,-3271
-23172,2,-3254
-23169,9,-3265
-23168,10,-3251
-23160,20,-3245
-23157,21,-3247
-23157,29,-3263
-23174,26,-3286
-23168,25,-3315
-23148,22,-3337
-23131,20,-3352
-23109,20,-3337
-23109,20,-3337
-23102,14,-3372
-23084,13,-3374
-23060,9,-3393
-23057,8,-3406
-23039,9,-3415
-23025,9,-3428
-23024,9,-3433
-23016,8,-3427
-23010,9,-3407
-23025,9,-3393
-23026,9,-3393
-23019,10,-3386
-23005,10,-3369
-22984,10,-3365
-22964,10,-3364
-22978,10,-3378
-23003,9,-3387
-23008,8,-3411
-23013,8,-3423
-22999,7,-3428
-23000,7,-3421
-23006,7,-3441
-23018,7,-3456
-23025,5,-3465
-22994,4,-3468
-23002,4,-3463
-23012,6,-3448
-22996,6,-3430
-22985,5,-3443
-22977,2,-3472
-22991,3,-3474
-22977,2,-3469
-22967,3,-3440
-22982,5,-3440
-22973,5,-3434
-22970,5,-3420
-22983,6,-3411
-22986,7,-3401
-22968,7,-3412
-22968,7,-3412
-22969,7,-3401
-22960,8,-3388
-22967,9,-3370
-22991,10,-3365
-22997,11,-3362
-23011,11,-3370
-23010,10,-3375
-23036,11,-3374
-23050,11,-3381
-23065,9,-3395
-23087,13,-3373
-23121,12,-3387
-23147,16,-3369
-23159,16,-3373
-23151,12,-3403
-23114,9,-3418
-23086,4,-3448
-23083,4,-3483
-23073,2,-3514
-23069,1,-3532
-23051,1,-3550
-23027,2,-3532
-23003,1,-3505
-22974,1,-3482
-22944,1,-3454
-22936,2,-3429
-22913,1,-3405
-22915,3,-3372
-22948,7,-3356
-22973,11,-3349
-23002,13,-3344
-5632,8,606
145,18,113
136,18,111
-11114,6,1144
-11150,9,1121
-11145,19,1084
-11110,12,1072
-11070,16,1071
-11027,15,1061
-10981,17,1055
-10939,15,1047
-10908,12,1069
-10902,13,1075
-10902,13,1075
-10902,13,1075
-10902,13,1075
-10902,13,1075
-10902,13,1075
-10902,13,1075
-10902,13,1075
-10902,13,1075
-10902,13,1075
-10897,13,1064
-10890,6,1083
-10858,11,1109
-10816,10,1126
-10777,16,1144
-10771,16,1145
-10771,17,1145
-10771,17,1145
-10771,17,1145
-10771,17,1145
-10771,17,1145
-10771,17,1145
-10771,17,1145
-10771,17,1145
-10771,17,1145
-10771,17,1145
-10771,17,1145
-10771,17,1145
-10739,15,1157
-10721,12,1174
-10707,16,1205
-10692,7,1246
-10730,2,1271
-10761,1,1304
-10774,0,1310
-10800,3,1315
-10827,2,1314
-10849,3,1302
-10871,13,1314
-10873,17,1348
-10885,16,1363
-10907,12,1376
-10926,7,1385
-10955,7,1408
-10971,7,1415
-10982,11,1424
-10989,17,1417
-10991,21,1409
-10989,8,1401
-10985,4,1366
-11013,28,1369
-11035,25,1358
-11035,21,1337
-11018,23,1347
-10987,11,1353
-10956,1,1349
-10933,-46,1361
-10919,-38,1356
-10937,-48,1363
-10945,-41,1363
-10953,-13,1357
-10962,1,1343
-10962,1,1343
-10962,1,1343
-10939,1,1345
-10935,1,1353
-10914,0,1354
-10921,1,1357
-10921,1,1357
-10921,1,1357
-10921,1,1357
-10912,2,1356
-10895,12,1344
-10870,17,1358
-10843,2,1385
-10828,1,1422
-10803,0,1448
-10792,2,1464
-10775,7,1482
-10767,9,1520
-10777,2,1556
-10778,2,1555
-10779,1,1553
-10780,1,1556
-10782,1,1557
-10782,1,1557
-10782,1,1557
-10782,1,1558
-10772,5,1575
-10742,14,1587
-10742,14,1587
-10742,14,1587
-10728,14,1594
-10704,8,1623
-10715,8,1635
-10705,10,1639
-10705,10,1639
-10704,12,1642
-10701,13,1651
-10703,13,1654
-10683,18,1657
-10683,18,1657
-10683,18,1657
-10697,19,1678
-10704,19,1692
-10704,19,1692
-10711,19,1690
-10711,19,1690
-10708,14,1708
-10713,7,1741
-10734,10,1724
-10754,10,1701
-10762,13,1682
-10762,13,1682
-10762,13,1682
-10760,13,1679
-10783,8,1651
-10789,8,1645
-10814,5,1660
-10837,8,1683
-10864,9,1713
-10869,8,1733
-10848,7,1727
-10885,9,1722
-10887,9,1741
-10865,10,1755
-10874,10,1756
-10906,7,1739
-10912,6,1732
-10913,7,1724
-10912,7,1722
-10901,9,1718
-10899,9,1719
-10899,9,1719
-10899,9,1719
-10899,9,1719
-10899,9,1719
-10892,9,1714
-10882,9,1708
-10884,9,1711
-10890,9,1700
-10890,9,1700
-10876,9,1698
-10868,9,1697
-10838,9,1694
-10819,6,1659
-10812,7,1648
-10781,9,1672
-10749,10,1669
-10724,17,1697
-10714,17,1701
-10680,18,1698
-10653,19,1676
-10611,20,1666
-10597,12,1629
-10567,12,1616
-10535,9,1605
-10513,13,1589
-10500,12,1582
-10458,13,1577
-10419,6,1570
-10378,10,1572
-10359,5,1608
-10347,2,1616
-10344,1,1617
-10344,1,1617
-10344,1,1617
-10344,1,1619
-10344,2,1619
-10344,2,1619
-10341,1,1620
-10341,1,1631
-10338,2,1627
-10337,1,1631
-10342,3,1638
-10361,6,1654
-10362,6,1651
-10362,6,1651
-10362,6,1651
-10362,6,1651
-10362,6,1651
-10362,6,1651
-10362,6,1637
-10353,5,1594
-10346,4,1553
-10349,5,1512
-10366,3,1477
-10403,2,1466
-10399,5,1447
-10397,6,1445
-10405,8,1442
-10392,13,1420
-10393,12,1409
-10426,11,1413
-10428,11,1412
-10428,11,1412
-10428,11,1412
-10428,11,1412
-10428,11,1412
-10440,13,1416
-10461,13,1398
-10455,13,1355
-10480,5,1323
-10498,2,1319
-10504,2,1313
-10502,2,1313
-10499,2,1313
-10510,1,1316
-10510,2,1316
-10535,5,1296
-10562,13,1291
-10591,10,1268
-10612,10,1266
-10611,10,1265
-10611,10,1265
-10611,10,1265
-10611,10,1265
-10611,10,1265
-10611,10,1265
-10611,10,1265
-10611,10,1265
-10611,10,1265
-10619,9,1266
-10623,9,1290
-10607,14,1311
-10597,14,1294
-10590,11,1279
-10603,15,1302
-10635,5,1316
-10675,2,1316
-10704,1,1290
-10735,2,1294
-10721,9,1327
-10724,10,1357
-10722,10,1351
-10711,10,1343
-10702,9,1333
-10679,7,1350
-10667,3,1330
-10670,2,1325
-10670,2,1325
-10670,2,1324
-10673,2,1312
-10675,2,1301
-10661,6,1271
-10684,4,1255
-10678,7,1244
-10660,8,1228
-10674,13,1214
-10640,13,1191
-10618,7,1212
-10606,6,1225
-10596,7,1242
-10591,7,1249
-10560,2,1245
-10541,2,1253
-10520,3,1276
-10508,1,1237
-10499,1,1196
-10499,1,1196
-10492,1,1166
-10493,3,1124
-10468,4,1094
-10432,8,1076
-10392,9,1067
-10366,7,1046
-10347,7,1054
-10357,9,1083
-10338,9,1072
-10334,9,1068
-10334,9,1068
-10334,9,1068
-10334,9,1068
-10334,9,1068
-10334,9,1068
-10334,9,1068
-10334,9,1068
-10334,9,1068
-10334,9,1068
-10334,9,1068
-10334,9,1068
-10331,10,1069
-10318,10,1098
-10324,8,1110
-10287,13,1106
-10269,15,1104
-10259,20,1080
-10288,16,1065
-10322,12,1072
-10349,9,1072
-10368,7,1057
-10367,7,1053
-10365,7,1051
-10365,7,1051
-10358,6,1043
-10342,17,1008
-10337,13,981
-10338,10,964
-10359,7,962
-10333,8,947
-10322,14,974
-10303,15,982
-10299,15,994
-10303,14,1007
-10295,16,1012
-10306,14,1028
-10289,16,1041
-10308,14,1001
-10306,15,991
-10272,16,976
-10250,18,964
-10261,21,991
-10275,23,1009
-10257,24,1015
-10244,21,1028
-10248,17,1045
-10239,16,1058
-10261,21,1079
-10287,17,1068
-10249,17,1052
-10216,16,1050
-10215,23,1017
-10215,23,1008
-10215,23,1008
-10215,23,1008
-10218,23,990
-10231,24,992
-10246,23,1000
-10286,20,1002
-10274,15,971
-10263,7,942
-10260,6,908
-10246,6,876
-10244,10,850
-10269,10,843
-10283,10,842
-10283,10,842
-10284,10,842
-10308,9,850
-10316,13,827
-10326,16,813
-10308,14,790
-10338,20,791
-10349,20,795
-10345,20,779
-10329,18,775
-10303,14,773
-10289,14,764
-10275,15,774
-10264,16,766
-10265,16,747
-10280,15,741
-10289,15,730
-10307,14,722
-10333,13,714
-10341,10,705
-10309,13,687
-10296,14,684
-10276,15,668
-10277,15,681
-10276,15,682
-10276,15,682
-10275,15,677
-10273,15,674
-10263,15,673
-10248,17,703
-10248,17,703
-10228,17,704
-10204,17,708
-10205,17,675
-10186,17,685
-10170,12,670
-10155,18,703
-10183,22,722
-10198,16,707
-10198,26,736
-10181,29,751
-10172,28,752
-10172,28,752
-10172,28,752
-10154,25,768
-10189,26,768
-10191,19,792
-10191,12,835
-10200,15,857
-10207,9,883
-10225,6,913
-10235,7,944
-10234,22,975
-10239,23,1012
-10255,17,1045
-10247,21,1081
-10260,17,1103
-10280,17,1098
-10295,16,1092
-10300,16,1068
-10312,13,1078
-10311,10,1119
-10300,10,1122
-10300,11,1122
-10300,11,1122
-10300,10,1124
-10318,6,1132
-10325,5,1131
-10338,4,1168
-10351,6,1200
-10361,5,1192
-10359,3,1157
-10352,2,1147
-10350,2,1145
-10345,2,1137
-10371,1,1174
-10369,1,1175
-10369,2,1180
-10370,1,1184
-10370,1,1192
-10371,1,1203
-10371,1,1206
-10401,1,1225
-10414,1,1239
-10415,1,1234
-10415,0,1226
-10415,0,1219
-10415,1,1208
-10414,0,1194
-10415,1,1192
-10416,1,1184
-10416,1,1185
-10415,2,1185
-10414,0,1194
-10416,0,1199
-10415,-1,1202
-10415,0,1208
-10416,0,1214
-10415,1,1216
-10414,-1,1220
-10416,1,1243
-10416,1,1243
-10416,1,1243
-10416,1,1243
-10414,1,1242
-10415,1,1242
-10415,0,1235
-10415,0,1225
-10422,0,1207
-10418,0,1185
-10419,2,1185
-10422,2,1185
-10419,2,1185
-10419,2,1185
-10428,1,1184
-10426,2,1184
-10426,1,1175
-10425,0,1170
-10425,0,1170
-10425,0,1170
-10426,1,1167
-10425,2,1166
-10414,1,1184
-10414,1,1183
-10414,1,1176
-10414,1,1170
-10416,0,1164
-10422,0,1165
-10415,1,1166
-10408,1,1170
-10370,1,1178
-10363,4,1184
-10368,1,1176
-10368,1,1185
-10371,1,1195
-10369,1,1203
-10370,1,1208
-10406,1,1188
-10414,2,1183
-10417,1,1183
-10425,1,1183
-10416,1,1180
-10424,1,1182
-10426,2,1180
-10421,1,1179
-10419,0,1179
-10413,2,1178
-10411,1,1177
-10371,1,1180
-10369,1,1177
-10369,1,1177
-10368,1,1181
-10368,1,1190
-10380,1,1194
-10413,1,1182
-10413,1,1180
-10414,2,1177
-10422,1,1176
-10424,1,1175
-10413,1,1175
-10418,1,1174
-10416,0,1173
-10417,1,1173
-10410,1,1173
-10375,1,1170
-10367,1,1160
-10370,1,1182
-10368,1,1177
-10367,1,1183
-10367,0,1187
-10369,1,1196
-10402,1,1172
-10412,1,1170
-10412,1,1170
-10412,-6,1170
-10416,2,1173
-10420,2,1172
-10425,2,1170
-10414,2,1169
-10426,2,1171
-10421,2,1169
-10425,1,1165
-10418,2,1168
-10418,2,1168
-10418,2,1168
-10418,2,1168
-10371,1,1172
-10366,1,1174
-10366,1,1179
-10366,1,1184
-10390,1,1180
-10413,1,1168
-10413,1,1168
-10413,1,1168
-10419,2,1167
-10418,2,1165
-10426,2,1164
-10423,2,1164
-10416,2,1164
-10425,0,1161
-10410,1,1164
-10395,-13,1169
-10399,-13,1162
-10415,-16,1129
-10436,-28,1108
-10446,-28,1148
-10442,-29,1128
-10424,-28,1106
-10415,-16,1137
-10422,-19,1113
-10434,-29,1096
-10417,-25,1080
-10396,-34,1059
-10366,-58,1062
-10358,-53,1058
-10358,-53,1058
-10358,-51,1053
-10364,-56,1059
-10372,-57,1084
-10370,-58,1085
-10371,-56,1084
-10372,-53,1086
-10367,-30,1116
-10349,-37,1126
-10371,-30,1112
-10372,-54,1085
-10358,-51,1054
-10350,-46,1047
-10362,-56,1059
-10393,-40,1060
-10424,-24,1084
-10434,-28,1095
-10442,-29,1132
-10444,-29,1131
-10441,-27,1098
-10458,-6,1097
-10467,3,1099
-10443,6,1087
-10405,4,1097
-10385,1,1130
-10414,2,1163
-10416,2,1166
-10423,2,1166
-10425,2,1164
-10425,2,1164
-10421,1,1163
-10425,2,1165
-10414,2,1168
-10414,2,1168
-10415,2,1175
-10427,2,1182
-10423,2,1166
-10423,2,1166
-10416,2,1165
-10418,2,1186
-10419,2,1183
-10425,1,1179
-10414,2,1181
-10423,2,1184
-10426,2,1163
-10416,2,1165
-10415,2,1165
-10415,2,1165
-10415,2,1165
-10415,2,1165
-10421,2,1166
-10424,2,1166
-10424,2,1166
-10424,2,1166
-10424,2,1166
-10423,2,1167
-10424,1,1173
-10423,2,1179
-10427,1,1165
-10423,2,1164
-10423,2,1164
-10422,2,1165
-10420,2,1165
-10416,2,1166
-10415,2,1165
-10415,2,1165
-10416,2,1170
-10418,2,1167
-10417,2,1166
-10425,2,1179
-10426,1,1165
-10415,1,1165
-10414,1,1163
-10425,2,1169
-10419,2,1164
-10416,2,1165
-10416,2,1165
-10415,2,1181
-10423,2,1183
-10426,2,1166
-10418,2,1165
-10418,2,1165
159,7,1921
157,7,1920
157,7,1919
158,7,1921
158,7,1921
157,7,1918
158,7,1921
159,7,1921
58,3,-171
64,3,-168
63,3,-173
63,3,-170
58,3,-166
58,3,-166
59,3,-169
59,3,-169
61,3,-170
65,3,-169
59,3,-176
59,3,-176
72,3,-168
71,3,-171
62,3,-168
65,3,-166
65,3,-162
74,3,-163
65,3,-162
65,3,-162
64,3,-162
64,3,-162
64,3,-162
65,2,-162
65,3,-162
64,2,-158
67,2,-157
65,2,-160
65,2,-164
82,2,-163
64,3,-164
66,3,-162
67,3,-161
68,2,-158
67,4,-128
70,6,-122
70,7,-122
70,7,-122
71,6,-124
70,6,-122
70,6,-122
72,6,-118
63,12,-84
63,17,-59
48,17,-47
46,17,-50
49,17,-44
20,19,-24
2,25,-3
-5,26,-6
-27,18,6
-41,18,4
-78,23,3
-117,12,-7
-159,21,-9
-172,18,-7
-172,18,-7
-172,18,-7
-172,18,-7
-172,18,-7
-172,18,-7
-172,18,-7
-172,18,-7
-172,18,-7
-172,18,-7
-172,18,-7
-172,18,-7
-172,18,-7
-172,18,-7
-172,18,-7
-172,18,-7
-172,18,-7
-172,18,-7
-172,18,-7
-172,18,-7
-172,18,-7
-172,18,-7
-172,18,-7
-172,18,-7
-172,18,-7
-172,18,-7
-172,18,-7
-172,18,-7
-174,17,-8
-174,17,-8
-174,17,-8
-174,17,-8
-174,17,-8
-174,17,-8
-174,17,-8
-174,17,-8
-174,17,-8
-174,17,-8
-174,17,-8
-174,17,-8
-174,17,-8
-174,17,-8
-174,17,-8
-174,17,-8
-174,17,-8
-174,17,-8
-174,17,-8
-174,17,-8
-174,17,-8
-174,17,-8
-174,17,-8
-174,17,-8
-174,17,-8
-174,17,-8
-174,17,-8
-174,17,-8
-174,17,-8
-174,17,-8
-174,17,-8
-174,17,-8
-174,17,-8
-174,17,-8
-174,17,-8
-174,17,-8
-174,17,-8
-174,17,-8
-174,17,-8
-174,17,-8
-174,17,-8
-174,17,-8
-174,17,-8
-169,18,-12
-169,18,-12
158,7,1923
158,7,1921
157,7,1918
157,3,1917
157,3,1917
157,3,1917
157,3,1917
157,3,1917
157,3,1917
157,3,1917
157,3,1917
157,3,1917
155,4,1917
156,4,1918
156,4,1918
156,4,1918
156,4,1918
156,4,1918
156,4,1918
156,4,1918
156,4,1918
156,4,1918
156,4,1918
156,4,1918
157,4,1917
147,16,119
144,18,112
134,15,105
134,15,105
155,7,1804
157,4,1917
157,4,1917
157,4,1917
157,4,1917
157,4,1917
156,4,1921
157,4,1922
157,4,1921
156,4,1918
155,4,1916
155,4,1917
155,4,1917
157,4,1919
155,4,1919
155,4,1917
155,4,1918
155,4,1919
154,4,1917
155,4,1918
156,4,1918
156,4,1918
156,4,1918
156,4,1918
156,4,1919
156,4,1918
158,4,1922
157,4,1920
156,4,1917
156,4,1918
156,4,1918
156,4,1918
156,4,1918
156,4,1918
156,4,1918
156,4,1918
156,4,1918
156,4,1918
156,4,1918
156,4,1918
156,4,1918
156,4,1918
156,4,1918
156,4,1918
156,4,1918
156,4,1918
156,4,1918
156,4,1918
156,4,1918
159,6,1920
159,6,1920
159,6,1920
159,6,1920
158,6,1918
155,4,1920
156,4,1924
156,4,1924
156,4,1924
156,4,1924
156,4,1923
155,4,1923
156,4,1921
155,4,1920
156,4,1922
158,4,1921
158,4,1921
158,4,1921
158,4,1918
160,-2,1923
160,-2,1923
160,-2,1921
155,-2,1921
154,-2,1921
156,-2,1921
155,-2,1923
155,-2,1923
155,-2,1923
155,-2,1923
155,-2,1923
155,-2,1923
155,-2,1923
155,-2,1923
155,-2,1923
155,-2,1923
155,-2,1923
159,-2,1922
157,-1,1925
161,-2,1925
161,-2,1923
158,-2,1922
161,-2,1923
162,-2,1918
162,-2,1919
160,-2,1920
162,-2,1922
161,-2,1921
157,-2,1920
156,-2,1918
156,-2,1918
156,-2,1918
158,-2,1922
158,-2,1920
156,-2,1921
158,-2,1920
161,-2,1920
160,-2,1922
160,-2,1920
157,-2,1923
158,-1,1920
156,-1,1919
157,-2,1924
159,-2,1923
161,-2,1921
160,-2,1922
157,-2,1921
157,2,1917
158,4,1926
149,4,1906
149,4,1906
149,4,1906
149,4,1906
149,4,1906
149,4,1910
157,4,1917
160,-2,1922
160,-2,1922
160,-2,1922
160,-2,1922
161,-2,1922
160,-2,1923
160,-1,1922
160,-2,1922
160,-2,1922
160,-2,1922
160,-2,1922
160,-2,1922
160,-2,1922
160,-2,1922
160,-2,1922
159,-2,1922
160,-2,1922
160,-2,1922
160,-2,1923
160,-2,1922
160,-2,1924
160,-2,1924
160,-2,1924
160,-2,1924
160,-2,1923
160,-2,1923
162,-2,1922
162,-2,1922
162,-1,1922
162,-2,1923
162,-2,1922
162,-2,1923
162,-2,1923
162,-2,1923
162,-2,1923
161,-2,1925
156,-2,1919
160,-2,1922
157,-2,1919
159,-2,1919
159,-2,1922
160,0,1921
162,-1,1921
159,-2,1923
158,-2,1919
161,-2,1919
161,-2,1919
162,0,1925
162,-1,1923
161,-1,1923
157,-1,1923
156,-1,1923
156,-2,1923
156,-2,1923
156,-2,1923
156,-2,1923
156,-2,1923
156,-2,1923
156,-2,1920
157,-2,1920
157,-2,1920
157,-2,1920
157,-2,1920
157,-2,1920
157,2,1918
155,3,1918
155,4,1923
155,4,1922
155,4,1918
155,4,1923
154,4,1923
155,4,1919
159,4,1924
156,4,1926
158,4,1927
158,4,1922
156,4,1916
157,4,1922
148,4,1925
146,5,1908
152,3,1927
157,3,1917
157,5,1917
157,7,1916
159,12,109
136,15,109
141,16,115
142,19,109
142,20,109
155,11,121
159,11,124
149,15,119
142,19,109
142,20,109
153,4,2818
156,4,1917
156,4,1917
160,4,1917
155,4,1923
157,4,1917
161,13,-448
159,12,118
159,12,123
142,20,109
148,18,112
159,6,1974
160,3,1924
156,3,1922
156,4,1922
156,4,1922
155,4,1917
160,11,151
144,18,110
143,18,110
156,7,1805
161,3,1918
160,3,1919
160,4,1923
160,4,1918
157,4,1919
159,4,1921
157,2,1917
156,-1,1923
156,-1,1922
156,-2,1922
157,-2,1919
156,-2,1921
155,-2,1924
157,-2,1920
157,-2,1920
157,-2,1920
157,-2,1920
157,-2,1920
157,-2,1920
157,-2,1920
157,-2,1920
157,-2,1920
157,-2,1920
157,-2,1920
157,-2,1920
157,-2,1920
157,-2,1920
156,-2,1920
157,-2,1920
157,-2,1920
157,-2,1920
160,-2,1920
157,-2,1919
157,-2,1919
157,-2,1919
157,-2,1919
158,-2,1918
157,-2,1919
157,-2,1919
157,-2,1919
157,-2,1919
157,-2,1919
157,-2,1919
157,-2,1919
157,-2,1919
159,-2,1919
157,-2,1919
155,-2,1922
156,-2,1920
157,-2,1917
156,4,1918
157,7,1920
157,7,1920
158,7,1920
159,7,1921
159,7,1922
158,7,1921
159,7,1919
160,7,1917
159,7,1919
159,7,1918
158,7,1920
158,7,1920
158,7,1920
158,7,1920
158,7,1920
158,7,1920
157,4,1917
157,7,1919
480,11,1966
147,16,115
144,19,109
146,19,106
722,2,-746
28024,-30672,950
-948,-5132,-535
-959,-5139,-538
-959,-5139,-538
-963,-5139,-541
-963,-5139,-541
-963,-5139,-541
-963,-5139,-541
-963,-5139,-541
-963,-5139,-541
-963,-5139,-541
-963,-5139,-541
-963,-5139,-541
-963,-5139,-541
-963,-5139,-541
-963,-5139,-541
-963,-5139,-541
-963,-5139,-541
-963,-5140,-541
-963,-5140,-541
-963,-5140,-541
-952,-5134,-543
-953,-5133,-539
-968,-5140,-536
-968,-5140,-536
158,7,1923
158,7,1923
158,7,1921
159,11,142
1205,59,229
1208,59,236
158,7,1923
158,7,1920
158,7,1920
158,7,1920
158,7,1920
158,7,1920
158,7,1920
158,7,1920
158,7,1920
158,7,1920
158,7,1920
158,7,1920
158,7,1920
158,7,1920
157,7,1917
156,4,1921
156,4,1921
156,4,1921
156,4,1921
156,4,1921
156,4,1920
157,4,1920
156,4,1917
156,7,1919
156,7,1921
157,7,1920
158,7,1921
158,7,1921
158,7,1921
157,7,1920
157,7,1920
159,7,1920
157,7,1918
157,3,1917
156,4,1919
156,4,1919
156,4,1919
156,4,1919
156,4,1919
157,4,1917
161,4,1917
161,4,1917
161,4,1917
157,5,1917
158,7,1920
161,7,1922
160,7,1920
157,7,1919
156,7,1918
158,7,1923
158,7,1923
158,7,1920
157,6,1917
155,4,1921
157,4,1920
156,4,1923
155,-1,1919
158,7,1921
482,11,1966
157,-2,1919
160,-2,1918
160,-2,1918
160,-2,1918
160,-2,1918
157,-2,1918
157,-2,1918
157,-2,1918
157,-2,1918
157,-2,1918
157,-2,1918
157,-2,1918
157,-2,1918
157,-2,1918
157,-2,1918
157,-2,1918
157,-2,1918
157,-2,1918
157,-2,1918
157,-2,1918
157,-2,1918
157,-2,1923
161,-2,1924
157,-2,1921
157,-1,1917
157,-1,1917
157,-1,1917
157,4,1922
155,4,1922
155,4,1922
155,4,1922
155,4,1922
157,4,1920
158,4,1917
157,4,1917
155,7,1918
155,7,1919
144,16,113
139,15,107
140,15,114
2748,-9626,1437
1241,62,129
1236,58,131
1234,58,131
1234,57,130
1234,57,130
1234,57,131
160,7,1922
157,7,1920
159,7,1921
159,7,1921
159,7,1921
159,7,1921
159,7,1921
146,19,108
2753,-9625,1446
2760,-9644,1450
2760,-9645,1450
2760,-9645,1450
2760,-9645,1450
2760,-9645,1450
2764,-9649,1450
2756,-9653,1454
2756,-9653,1452
2756,-9653,1452
2756,-9653,1452
2756,-9653,1452
56,-2,158
58,-2,153
54,-2,159
55,-2,159
67,-7,409
158,7,1923
128,14,128
128,14,128
128,14,128
158,7,1923
156,7,1922
129,12,127
126,12,127
122,13,129
146,16,114
150,19,111
121,15,113
158,7,1923
156,7,1918
157,7,1919
159,7,1921
156,7,1919
153,12,120
150,14,118
142,19,111
66,-1,149
57,-2,158
54,-10,158
54,-10,158
52,-10,160
128,12,127
158,7,1923
160,7,1922
159,7,1919
157,7,1918
155,7,1918
58,3,139
-845,13,-2609
31,3,153
39,2,153
51,2,159
55,2,156
53,2,162
55,2,158
55,2,158
42,2,148
45,3,152
64,3,145
64,3,149
67,3,153
60,3,155
60,3,153
64,3,157
64,3,159
68,3,155
64,3,158
63,2,159
63,3,159
59,3,157
65,3,157
64,3,160
63,3,159
65,3,160
63,3,157
64,3,159
63,3,159
62,3,153
65,3,154
65,3,154
65,3,154
65,3,156
65,3,158
63,3,157
65,3,157
66,3,158
66,3,158
67,3,151
159,7,1921
158,7,1920
158,7,1920
158,7,1921
158,7,1921
158,7,1921
156,7,1917
158,7,1920
158,7,1920
156,7,1919
156,7,1917
155,7,1923
161,7,1922
156,7,1919
156,7,1919
156,7,1919
156,7,1919
156,7,1919
156,7,1919
156,7,1919
156,7,1919
157,7,1921
157,7,1919
159,7,1921
158,7,1920
158,7,1920
158,7,1920
158,7,1920
158,7,1920
158,7,1920
158,7,1920
158,7,1919
159,7,1919
159,7,1919
160,7,1921
160,7,1921
159,7,1920
160,7,1921
158,7,1920
159,7,1918
159,7,1919
158,7,1919
158,7,1919
157,7,1920
157,7,1920
157,7,1920
157,7,1920
158,7,1919
159,7,1917
158,7,1919
158,7,1922
158,7,1923
158,7,1923
158,7,1923
158,7,1922
157,7,1920
157,7,1920
157,7,1920
158,7,1919
157,7,1920
158,7,1919
158,7,1919
156,7,1917
159,7,1921
159,7,1922
157,7,1917
156,4,1917
156,4,1923
160,4,1919
159,4,1919
160,4,1916
159,4,1916
160,4,1918
160,4,1918
160,4,1918
160,4,1918
160,4,1918
160,4,1918
160,4,1918
160,4,1918
160,4,1918
160,4,1918
160,4,1918
158,4,1923
158,4,1923
158,4,1923
156,4,1923
156,4,1923
156,4,1923
158,4,1920
157,4,1920
157,4,1920
157,4,1920
157,4,1920
157,4,1920
157,4,1920
157,4,1920
157,4,1920
157,4,1920
157,6,1917
156,7,1920
157,7,1919
156,7,1920
157,7,1920
158,7,1919
156,7,1919
156,7,1919
156,7,1920
157,7,1920
157,7,1920
156,7,1918
155,7,1921
155,7,1921
155,7,1921
155,7,1920
157,7,1921
159,7,1920
159,7,1921
159,7,1921
159,7,1921
159,7,1921
158,7,1922
158,7,1920
158,7,1920
158,7,1920
158,7,1920
158,7,1920
158,7,1920
158,7,1920
158,7,1920
158,7,1920
158,7,1920
158,7,1920
158,7,1920
158,7,1920
158,7,1920
158,7,1920
158,7,1920
158,7,1920
158,7,1920
158,7,1920
158,7,1920
158,7,1920
158,7,1920
158,7,1920
158,7,1920
158,7,1920
158,7,1920
158,7,1920
158,7,1920
158,7,1920
158,7,1920
158,7,1920
158,7,1920
158,7,1920
158,7,1920
158,7,1920
158,7,1920
158,7,1920
158,7,1920
158,7,1920
159,4,1918
161,4,1918
156,4,1921
156,4,1921
156,4,1922
157,4,1917
157,-1,1917
158,4,1918
157,4,1917
158,7,1919
155,7,1918
482,11,1968
480,11,1967
480,11,1967
480,11,1967
482,11,1963
482,11,1963
481,11,1967
480,11,1966
480,11,1966
480,11,1966
480,11,1966
480,11,1966
480,11,1966
479,11,1966
479,11,1966
482,11,1968
155,7,1917
155,7,1917
158,7,1921
156,7,1919
156,7,1919
157,7,1918
157,7,1918
157,7,1919
157,7,1919
157,7,1919
157,7,1919
157,7,1920
158,4,1919
157,4,1917
157,7,1918
157,7,1918
158,7,1919
158,7,1917
156,7,1920
157,7,1920
157,7,1921
157,7,1920
157,7,1920
157,7,1920
157,7,1920
159,7,1921
156,7,1919
157,7,1920
157,7,1920
160,7,1922
158,7,1920
159,7,1921
161,7,1922
161,7,1922
157,7,1920
158,7,1919
157,7,1919
157,7,1920
155,7,1922
157,3,1917
157,3,1917
157,4,1919
159,4,1919
160,4,1921
159,4,1920
159,4,1920
156,4,1918
156,4,1917
158,4,1920
158,4,1920
158,4,1920
156,-2,1919
155,-2,1924
159,-2,1923
161,-2,1923
160,-2,1923
160,-2,1923
160,-2,1923
160,-2,1923
160,-2,1922
160,-2,1922
161,-1,1922
161,-1,1922
161,-1,1922
161,-1,1922
161,-1,1922
161,-1,1922
161,-1,1922
156,-2,1923
156,-2,1923
156,-2,1924
157,-1,1917
157,-2,1922
157,-2,1922
157,-2,1922
157,-2,1922
159,7,1919
156,7,1921
156,7,1921
156,7,1921
156,7,1919
151,13,116
138,19,109
28002,-30674,927
28002,-30674,925
28002,-30674,924
28000,-30674,925
27999,-30674,925
27999,-30674,925
27999,-30674,925
27999,-30674,925
27999,-30675,925
27999,-30674,925
28022,-30673,921
28026,-30674,920
28026,-30674,920
28026,-30674,920
28026,-30674,920
28026,-30674,920
28026,-30674,920
28029,-30674,924
28028,-30675,920
28033,-30673,921
28033,-30673,921
28033,-30673,918
28033,-30678,927
28031,-30680,927
28031,-30680,927
28033,-30680,925
28033,-30681,925
28033,-30681,925
28033,-30681,925
28033,-30681,925
28033,-30681,925
28033,-30681,925
28033,-30681,925
28033,-30681,925
28033,-30681,925
28033,-30681,925
28033,-30681,925
28033,-30681,925
28033,-30681,925
28033,-30681,925
28033,-30681,925
28033,-30681,925
28033,-30681,925
28033,-30681,925
28033,-30681,925
28035,-30692,917
28030,-30689,897
28036,-30692,874
28046,-30693,869
28030,-30692,854
28020,-30690,864
28020,-30690,864
28020,-30690,864
28020,-30690,864
28020,-30690,864
28020,-30690,864
28020,-30690,864
28020,-30691,864
28020,-30691,864
28020,-30691,864
28020,-30691,864
28020,-30691,864
28020,-30691,864
28020,-30691,864
28020,-30691,864
28020,-30691,864
28020,-30691,864
28020,-30691,864
28020,-30690,866
28020,-30690,866
28020,-30690,866
28020,-30690,866
28020,-30690,866
28020,-30690,866
28020,-30690,866
28020,-30690,866
28020,-30690,866
28020,-30690,866
28020,-30690,866
28020,-30690,866
28020,-30690,866
28020,-30690,866
28020,-30690,866
28020,-30690,866
28020,-30690,866
28020,-30690,866
28020,-30690,866
28020,-30690,866
28020,-30690,866
28020,-30690,866
28020,-30690,866
28020,-30690,866
28020,-30690,866
28020,-30690,866
28020,-30690,866
28020,-30690,866
28020,-30690,866
28020,-30690,866
28020,-30690,866
28020,-30690,866
28020,-30690,866
28020,-30690,866
28020,-30690,866
28020,-30690,866
28020,-30690,866
28020,-30690,866
28020,-30690,866
28020,-30690,866
28020,-30690,866
28020,-30690,866
28020,-30690,866
28020,-30690,866
28020,-30690,866
28020,-30690,866
28020,-30690,866
28020,-30690,866
28020,-30690,866
28020,-30690,866
28020,-30690,866
28016,-30687,857
28016,-30687,857
28018,-30688,856
28025,-30688,835
28047,-30689,834
28057,-30690,841
28056,-30689,863
28043,-30687,883
28022,-30687,879
28034,-30693,872
28034,-30693,872
28034,-30694,872
28044,-30686,884
28058,-30674,879
28058,-30674,877
28059,-30672,878
28059,-30674,876
28074,-30664,877
28092,-30664,896
28092,-30664,896
28092,-30664,896
28092,-30664,896
158,6,1923
158,6,1923
158,6,1923
157,6,1921
157,6,1921
156,7,1921
159,7,1922
156,7,1921
146,18,111
144,20,109
144,20,109
144,20,109
144,20,109
144,20,109
144,20,109
144,20,109
144,20,109
144,20,109
144,20,109
144,20,109
158,12,116
157,7,1920
158,7,1919
157,7,1919
159,7,1920
159,7,1920
158,7,1920
158,7,1921
157,6,1917
157,2,1917
157,2,1917
157,2,1917
157,2,1917
160,4,1920
157,4,1919
157,4,1919
157,4,1919
157,4,1920
156,4,1919
156,4,1919
156,4,1919
156,4,1919
156,4,1919
158,7,1920
158,7,1920
158,7,1920
158,7,1920
158,7,1920
158,7,1920
158,7,1920
158,7,1920
158,7,1920
158,7,1920
158,7,1920
158,7,1920
158,7,1920
158,7,1920
157,7,1917
158,4,1918
155,4,1918
157,4,1917
157,4,1917
157,4,1917
157,4,1917
157,4,1917
157,4,1917
157,4,1917
157,4,1917
157,4,1917
157,4,1917
155,4,1917
156,4,1918
156,4,1918
156,4,1918
156,4,1918
156,4,1918
156,4,1918
156,4,1918
156,4,1918
157,4,1917
157,4,1917
157,4,1917
155,7,1919
142,16,113
136,15,107
139,15,107
139,15,107
139,15,107
139,15,107
139,15,107
139,15,107
139,15,107
139,15,107
152,12,117
159,7,1920
159,7,1920
159,7,1920
159,7,1920
159,7,1920
159,7,1920
159,7,1920
159,7,1920
159,7,1920
159,7,1920
159,7,1920
155,4,1922
155,4,1922
156,7,1919
159,7,1919
159,7,1919
158,7,1918
158,7,1920
158,7,1920
158,7,1920
160,7,1921
160,7,1921
159,7,1920
159,7,1920
159,7,1920
159,7,1920
159,7,1920
159,7,1920
159,7,1920
159,7,1920
159,7,1920
159,7,1920
159,7,1920
159,7,1920
159,7,1920
159,7,1920
159,7,1920
159,7,1920
159,7,1920
159,7,1920
159,7,1920
159,7,1920
128,11,128
