-640,36,-782
-640,36,-782
-640,36,-782
-640,36,-782
-640,36,-782
-640,36,-782
-637,36,-782
-645,36,-776
-645,36,-770
-644,36,-769
-644,36,-769
-645,36,-768
-645,36,-768
-645,36,-768
-645,36,-768
-644,36,-772
-636,36,-773
-636,36,-773
-634,36,-774
-634,36,-773
-638,36,-773
-645,36,-766
-645,36,-766
-646,36,-760
-644,36,-769
-645,36,-774
-640,36,-773
-634,36,-773
-634,36,-773
-634,36,-773
-634,36,-773
-636,36,-781
-639,36,-781
-639,36,-781
-639,36,-781
-639,36,-781
-639,36,-781
-639,36,-781
-634,36,-773
-646,36,-766
-645,36,-766
-644,36,-772
-644,36,-775
-645,36,-771
-636,36,-773
-636,36,-773
-643,36,-781
-643,36,-777
-600,33,-736
-649,33,-734
-644,1,-807
-621,2,-811
-620,4,-806
-619,2,-807
-619,2,-807
-619,2,-807
-619,2,-807
-620,2,-807
-631,2,-826
-629,2,-830
-629,2,-830
-602,4,-826
-593,1,-794
-600,3,-789
-633,2,-810
-706,5,-783
-726,2,-741
-726,2,-741
-726,2,-741
-726,2,-741
-726,2,-741
-726,2,-741
-726,2,-741
-724,0,-739
-648,2,-683
-490,6,-737
-442,3,-745
-266,20,-740
-212,4,-904
-92,6,-963
-132,9,-975
-319,13,-971
-455,10,-911
-545,6,-882
-620,2,-804
-635,2,-784
-635,8,-782
-635,14,-782
-635,18,-782
-635,30,-782
-635,36,-773
-635,36,-773
-635,36,-773
-635,36,-773
-635,36,-773
-635,36,-773
-634,36,-774
-635,35,-781
-637,3,-802
-606,13,-973
-434,11,-970
-450,11,-889
-525,3,-810
-525,3,-810
-525,3,-810
-525,3,-810
-525,3,-810
-525,3,-810
-525,3,-810
-525,3,-810
-523,3,-809
-523,3,-809
-534,3,-807
-527,1,-804
-601,9,-872
-609,10,-888
-605,10,-886
-605,10,-886
-605,10,-886
-605,10,-889
-605,10,-889
-605,10,-889
-605,10,-889
-605,10,-889
-605,10,-889
-605,10,-889
-605,10,-889
-605,10,-889
-605,10,-889
-609,10,-882
-603,10,-885
-603,10,-885
-603,10,-885
-598,10,-885
-608,10,-893
-593,10,-892
-603,10,-886
-610,5,-839
-610,5,-837
-609,4,-835
-636,2,-785
-635,13,-782
-635,35,-782
-636,36,-779
-641,36,-777
-643,36,-775
-645,39,-782
-640,36,-777
-643,36,-772
-643,36,-772
-643,36,-772
-643,36,-772
-643,36,-772
-641,38,-776
-646,36,-774
-637,36,-773
-636,36,-772
-636,36,-772
-634,36,-772
-633,36,-774
-644,36,-775
-641,36,-766
-727,11,-847
-714,2,-859
-661,10,-902
-606,10,-889
-640,35,-774
-645,35,-768
-642,35,-776
-635,36,-773
-635,36,-773
-635,36,-773
-635,36,-773
-635,36,-773
-632,36,-773
-632,36,-773
-644,36,-771
-642,36,-774
-642,36,-774
-642,36,-774
-640,36,-773
-634,36,-772
-634,36,-772
-634,36,-772
-642,36,-775
-642,36,-775
-642,36,-775
-642,36,-775
-642,36,-775
-642,36,-774
-642,36,-775
-642,36,-775
-642,36,-775
-645,36,-776
-636,36,-774
-642,36,-770
-642,36,-770
-642,36,-770
-642,36,-770
-642,36,-770
-642,36,-770
-642,36,-770
-394,10,-843
-392,8,-837
-345,15,-858
-346,8,-864
-343,18,-846
-354,8,-868
-633,34,-743
-344,11,-829
2237,3,-601
2241,12,-618
-351,11,-842
0,-1,0
-326,6,-892
-353,47,-858
-333,7,-888
-333,7,-891
-333,7,-891
-333,7,-890
-332,7,-891
-332,7,-891
-332,7,-891
-332,7,-891
-332,7,-891
-332,7,-891
-332,7,-891
-332,7,-891
-332,7,-891
-332,7,-891
-330,7,-891
-281,8,-904
-280,6,-891
-282,6,-884
-282,6,-884
-282,6,-884
-282,6,-884
-282,6,-884
-282,6,-884
-282,6,-884
-282,6,-884
-282,6,-884
-282,6,-884
-282,6,-884
-282,6,-884
-282,6,-884
-282,6,-884
-282,6,-884
-282,6,-884
-282,6,-884
-282,6,-884
-282,6,-884
-282,6,-884
-282,6,-884
-282,6,-884
-282,6,-884
-282,6,-884
-279,22,-881
-281,16,-878
-281,17,-878
-281,6,-881
-283,6,-895
-283,6,-895
-281,6,-894
-280,5,-894
-280,6,-885
-281,5,-904
-280,6,-910
-280,6,-908
-281,6,-891
-282,6,-892
-282,5,-900
-282,5,-894
-287,6,-893
-282,6,-891
-283,6,-895
-283,6,-895
-282,6,-905
-282,6,-897
-283,6,-888
-283,6,-888
-283,6,-884
-283,5,-891
-283,4,-887
-282,6,-884
-282,6,-884
-282,6,-882
-279,7,-882
-280,7,-884
-280,7,-884
-280,7,-884
-307,6,-887
-308,7,-895
-308,7,-896
-307,8,-893
-308,17,-893
-314,18,-892
-308,8,-894
-305,15,-898
-306,17,-898
-318,19,-886
-305,8,-899
-305,9,-899
-306,11,-898
-306,11,-901
-309,16,-899
-306,7,-900
-306,18,-895
-302,15,-898
-304,9,-898
-305,6,-899
-309,7,-910
-307,7,-908
-308,17,-908
-308,9,-908
-303,17,-909
-304,17,-910
-307,12,-903
-307,16,-903
-309,9,-902
-306,11,-901
-299,19,-901
-305,15,-902
-304,14,-905
-305,10,-905
-305,10,-871
-305,10,-871
-305,10,-871
-281,6,-912
-296,6,-912
-307,5,-905
-307,6,-886
-304,6,-901
-281,6,-911
-295,7,-917
-295,7,-917
-283,32,-878
-208,46,-876
-230,36,-884
-286,8,-898
-301,6,-897
-301,6,-897
-301,6,-897
-301,6,-897
-301,6,-897
-301,6,-897
-301,6,-897
-301,6,-897
-301,6,-897
-301,6,-897
-301,6,-897
-301,6,-897
-301,6,-897
-301,6,-897
-301,6,-897
-301,6,-897
-301,6,-897
-301,6,-897
-301,6,-897
-301,6,-897
-301,6,-897
-301,6,-897
-301,6,-897
-301,6,-897
-301,6,-897
-301,6,-897
-301,6,-897
-301,6,-897
-301,6,-897
-301,6,-897
-301,6,-897
-301,6,-897
-301,6,-897
-301,6,-897
-301,6,-897
-301,6,-897
-301,6,-897
-301,6,-897
-301,6,-897
-301,6,-897
-301,6,-897
-301,6,-897
-301,6,-897
-301,6,-897
-301,6,-897
-301,6,-897
-301,6,-897
-301,6,-897
-301,6,-897
-301,6,-897
-301,6,-897
-301,6,-897
-301,6,-897
-301,6,-897
-301,6,-897
-301,6,-897
-301,6,-897
-301,6,-897
-301,6,-897
-301,6,-897
-301,6,-897
-301,6,-897
-301,6,-897
-301,6,-897
-301,6,-897
-301,6,-897
-301,6,-897
-301,6,-897
-301,6,-897
-301,6,-897
-301,6,-897
-301,6,-897
-301,6,-897
-301,6,-897
-301,6,-897
-301,6,-897
-301,6,-897
-301,6,-897
-301,6,-897
-301,6,-897
-301,6,-897
-301,6,-897
-301,6,-897
-301,6,-897
-301,6,-897
-301,6,-897
-301,6,-897
-301,6,-897
-301,6,-897
-301,6,-897
-301,6,-897
-301,6,-897
-301,6,-897
-301,6,-897
-301,6,-897
-301,6,-897
-301,6,-897
-301,6,-897
-301,6,-897
-301,6,-897
-301,6,-897
-301,6,-897
-301,6,-897
-301,6,-897
-301,6,-897
-301,6,-897
-301,6,-897
-301,6,-897
-301,6,-897
-301,6,-897
-301,6,-897
-301,6,-897
-301,6,-897
-301,6,-897
-301,6,-897
-301,6,-897
-301,6,-897
-301,6,-897
-301,6,-897
-301,6,-897
-301,6,-897
-301,6,-897
-301,6,-897
-301,6,-897
-301,6,-897
-301,6,-897
-301,6,-897
-301,6,-897
-301,6,-897
-301,6,-897
-301,6,-897
-301,6,-897
-301,6,-897
-301,6,-897
-301,6,-897
-301,6,-897
-301,6,-897
-301,6,-897
-301,6,-897
-301,6,-897
-301,6,-897
-301,6,-897
-301,6,-897
-301,6,-897
-301,6,-897
-301,6,-897
-301,6,-897
-301,6,-897
-301,6,-897
-301,6,-897
-301,6,-897
-301,6,-897
-301,6,-897
-301,6,-897
-301,6,-897
-301,6,-897
-301,6,-897
-301,6,-897
-301,6,-897
-301,6,-897
-301,6,-897
-301,6,-897
-301,6,-897
-301,6,-897
-298,6,-894
-299,6,-895
-289,21,-910
-287,21,-883
-287,21,-883
-287,21,-883
-290,21,-888
-304,13,-904
-282,6,-909
-276,31,-892
-337,31,-875
-346,8,-851
-346,8,-851
-346,8,-851
-346,8,-851
-346,8,-851
-346,8,-851
-346,8,-851
-348,8,-852
-336,7,-880
-333,7,-881
-346,8,-849
-346,8,-849
-346,8,-849
-347,8,-865
-347,8,-865
-342,8,-868
-342,8,-868
-345,8,-864
-348,8,-860
-345,8,-851
-346,8,-849
-392,8,-835
-392,12,-838
-391,12,-838
-395,12,-837
-395,12,-837
-353,8,-847
-351,8,-848
-281,11,-907
-301,11,-898
-299,11,-897
-295,11,-905
-388,8,-825
-388,12,-837
-387,12,-837
-393,11,-839
-282,6,-885
-291,10,-904
-297,11,-905
-298,11,-905
-350,8,-852
-393,11,-839
-393,12,-839
-287,6,-889
-299,10,-906
-280,6,-883
-392,8,-837
-391,12,-837
-391,12,-838
-292,9,-882
-299,10,-905
-323,8,-863
-388,12,-838
-388,12,-838
-388,12,-838
-388,12,-838
-392,12,-838
-391,11,-822
-278,7,-880
-299,11,-904
-301,11,-905
-301,11,-905
-301,11,-905
-301,11,-905
-300,11,-905
-299,11,-905
-297,11,-905
-300,11,-899
-289,10,-903
-300,6,-892
-279,11,-905
-292,8,-902
-300,6,-902
-300,6,-902
-300,6,-902
-300,6,-902
-300,6,-902
-300,6,-902
-300,6,-902
-297,6,-904
-299,6,-903
-299,6,-903
-299,6,-903
-299,6,-903
-299,6,-903
-299,6,-903
-299,6,-900
-300,6,-882
-296,7,-884
-281,6,-910
-282,7,-875
-282,7,-875
-282,7,-875
-282,7,-875
-294,7,-876
-281,10,-880
-285,8,-870
2221,1,-620
2216,1,-612
-283,8,-871
-268,12,-903
-279,12,-877
-279,13,-877
-279,13,-877
-279,13,-877
-298,6,-911
-283,6,-910
-283,6,-912
-284,6,-911
-284,6,-911
-284,6,-911
-284,6,-911
-284,6,-911
-284,6,-911
-284,6,-911
-284,6,-911
-284,6,-911
-284,6,-911
-284,6,-911
-284,6,-911
-284,6,-911
-284,6,-911
-284,6,-911
-284,6,-911
-284,6,-912
-282,6,-909
-282,6,-910
-282,6,-910
-282,6,-910
-282,6,-910
-282,6,-910
-282,6,-910
-282,6,-910
-282,6,-910
-282,6,-910
-282,6,-910
-282,6,-910
-282,6,-910
-281,6,-910
-289,6,-910
-305,7,-914
-305,7,-914
-305,7,-914
-305,7,-914
-305,7,-914
-305,7,-914
-305,7,-914
-305,7,-914
-305,7,-914
-305,7,-914
-305,7,-914
-305,7,-914
-305,7,-914
-305,7,-914
-305,7,-914
-305,7,-914
-305,7,-914
-305,7,-914
-305,7,-914
-305,7,-914
-305,7,-914
-306,7,-915
-306,7,-915
-306,7,-915
-306,7,-915
-306,7,-915
-306,7,-915
-306,7,-915
-282,6,-883
-280,6,-882
-345,8,-867
-341,8,-868
-341,8,-868
-341,8,-868
-341,8,-868
-341,8,-868
-341,8,-868
-341,8,-868
-341,8,-868
-341,8,-868
-341,8,-868
-341,8,-868
-341,8,-868
-341,8,-868
-341,8,-868
-341,8,-868
-341,8,-868
-341,8,-868
-341,8,-868
-341,8,-868
-341,8,-868
-341,8,-868
-341,8,-868
-341,8,-868
-341,8,-868
-341,8,-868
-341,8,-868
-341,8,-868
-357,8,-868
-357,8,-868
-357,8,-868
-347,8,-864
-357,8,-868
-357,8,-868
-357,8,-868
-357,8,-868
-357,8,-868
-357,8,-868
-355,8,-867
-355,8,-867
-355,8,-867
-355,8,-867
-355,8,-867
-355,8,-867
-354,8,-868
-356,8,-867
-345,8,-863
-345,8,-863
-356,8,-867
-356,8,-867
-356,8,-867
-356,8,-867
-355,8,-867
-355,8,-867
-355,8,-867
-355,8,-867
-355,8,-867
-355,8,-867
-355,8,-867
-355,8,-867
-355,8,-867
-355,8,-867
-355,8,-867
-355,8,-867
-355,8,-867
-355,8,-867
-355,8,-867
-355,8,-867
-355,8,-867
-355,8,-867
-355,8,-867
-355,8,-867
-355,8,-867
-355,8,-867
-355,8,-867
-355,8,-867
-355,8,-867
-355,8,-867
-355,8,-867
-355,8,-867
-355,8,-867
-355,8,-867
-355,8,-867
-355,8,-867
-355,8,-867
-355,8,-867
-355,8,-867
-355,8,-867
-355,8,-867
-355,8,-867
-355,8,-867
-355,8,-867
-356,8,-867
-356,8,-867
-356,8,-867
-356,8,-867
-356,8,-867
-356,8,-867
-356,8,-867
-356,8,-867
-354,8,-867
-354,8,-867
-335,8,-862
-327,7,-882
-284,6,-908
-284,6,-889
-308,7,-882
-350,8,-867
-352,8,-868
-352,8,-868
-352,8,-868
-352,8,-868
-352,8,-868
-352,8,-868
-352,8,-868
-352,8,-868
-352,8,-868
-352,8,-868
-352,8,-868
-356,8,-867
-356,8,-867
-356,8,-867
-356,8,-867
-356,8,-867
-353,8,-867
-353,8,-867
-353,8,-867
-353,8,-867
-353,8,-867
-353,8,-867
-353,8,-867
-353,8,-867
-353,8,-867
-353,8,-867
-279,14,-891
-298,10,-896
-298,10,-897
-298,10,-897
-298,10,-897
-298,10,-897
-298,10,-897
-299,10,-902
-298,10,-908
-300,10,-902
-298,10,-898
-299,10,-899
-299,10,-899
-299,10,-899
-299,10,-899
-299,10,-899
-299,10,-899
-299,10,-899
-299,10,-899
-299,10,-899
-299,10,-899
-299,10,-899
-299,10,-899
-299,10,-899
-299,10,-899
-299,11,-899
-299,11,-899
-298,11,-902
-297,11,-904
-287,11,-906
-283,12,-904
-296,6,-895
-289,6,-906
-289,6,-906
-289,6,-906
-293,6,-906
-293,6,-900
-298,6,-897
-300,6,-883
-299,6,-888
-292,6,-905
-292,6,-906
-295,6,-902
-295,6,-902
-282,10,-902
-284,10,-902
-284,10,-901
-284,10,-902
-278,11,-904
-283,6,-897
-279,6,-893
-275,6,-896
-275,6,-895
-276,6,-895
-297,10,-903
-299,10,-902
-299,10,-902
-299,10,-902
-298,10,-901
-300,10,-902
-299,10,-901
-299,10,-898
-299,10,-898
-298,12,-901
-298,11,-901
-298,11,-901
-298,11,-901
-298,11,-901
-286,11,-906
-289,11,-903
-289,11,-903
-300,6,-898
-297,6,-895
-299,6,-897
-299,6,-897
-298,6,-887
-283,6,-900
-296,6,-912
-303,6,-885
-284,6,-892
-291,11,-898
-275,8,-901
-277,14,-872
-270,16,-896
-278,16,-907
-291,16,-911
-296,16,-897
-289,16,-880
-632,35,-779
-585,5,-771
-636,34,-740
-640,36,-773
-552,1,-794
-552,1,-793
-551,1,-793
-553,7,-799
-542,7,-800
-542,7,-800
-542,7,-800
-542,7,-800
-551,7,-800
-551,7,-800
-551,7,-800
-551,7,-800
-551,7,-800
-551,7,-800
-551,7,-800
-551,7,-800
-550,7,-795
-551,7,-798
-551,2,-795
-551,2,-792
-551,2,-792
-551,2,-792
-551,2,-792
-550,2,-792
-551,2,-792
-551,2,-792
-552,2,-792
-552,1,-787
-552,1,-787
-552,1,-787
-552,1,-787
-552,1,-787
-552,1,-787
-552,1,-787
-552,1,-787
-552,1,-787
-552,1,-786
-552,1,-786
-550,1,-788
-549,2,-787
-551,2,-792
-551,2,-792
-552,2,-791
-549,2,-787
-552,2,-789
-553,1,-794
-548,6,-792
-549,6,-789
-548,6,-792
-551,2,-789
-551,2,-793
-549,2,-792
-550,2,-792
-553,2,-793
-551,3,-799
-642,36,-772
-242,17,-876
0,-1,0
-269,32,-907
-269,32,-907
-274,32,-876
-274,32,-876
-274,32,-876
-274,14,-876
-274,14,-876
-274,14,-876
-274,14,-876
-274,14,-876
-274,14,-876
-274,14,-876
-640,35,-782
-640,35,-782
-640,35,-782
-632,35,-789
-568,35,-802
-487,35,-819
-487,35,-819
-487,35,-819
-487,35,-819
-487,35,-819
-487,35,-819
-487,35,-819
-487,35,-819
-487,35,-819
-487,35,-819
-454,35,-835
-386,16,-872
-363,8,-864
-288,7,-876
-278,22,-791
-273,27,-770
-273,27,-770
-273,27,-770
-273,27,-770
-325,27,-749
-327,20,-760
-327,20,-760
-327,20,-760
-331,20,-757
-331,20,-757
-331,20,-757
-331,20,-757
-331,20,-757
-331,20,-757
-331,20,-757
-318,27,-774
-315,18,-774
-243,34,-803
-235,34,-888
-279,34,-780
-279,34,-780
-279,34,-780
-279,34,-780
-279,34,-780
-279,34,-780
-310,29,-761
-639,35,-778
-637,36,-773
-637,36,-773
-637,39,-775
1850,24,-1956
1846,23,-1953
1824,26,-1969
1817,21,-1964
1839,22,-1956
1846,27,-1955
1844,22,-1955
1850,24,-1957
1836,90,-1917
1840,22,-1958
1841,22,-1958
-584,33,-802
-385,19,-823
-329,15,-833
-316,12,-837
-316,12,-837
-316,15,-837
-316,15,-837
-316,15,-837
-313,15,-835
-313,23,-866
-309,10,-874
-307,7,-872
-307,11,-873
-327,7,-877
-321,6,-877
-303,6,-877
-292,6,-877
-272,6,-879
-266,6,-878
-266,6,-879
-332,7,-877
-313,6,-879
-327,7,-880
-323,6,-878
-319,6,-878
-314,6,-876
-311,6,-876
-308,6,-877
-304,6,-879
-299,6,-878
-300,6,-878
-295,6,-877
-290,6,-876
-291,6,-876
-285,6,-876
-283,6,-878
-283,7,-876
-279,7,-877
-273,7,-879
-268,7,-879
-265,7,-877
-273,45,-918
-337,8,-849
-331,7,-879
-332,7,-878
-333,7,-877
-335,7,-885
-317,7,-887
-310,6,-891
-310,6,-893
-314,6,-893
-312,6,-895
-316,7,-896
-316,7,-878
-312,7,-903
-321,6,-903
-315,7,-902
-319,7,-903
-315,18,-878
-314,18,-879
-321,7,-882
-322,7,-900
-321,7,-890
-262,5,-898
-272,6,-883
-274,6,-885
-261,5,-900
-262,6,-898
-263,6,-892
-269,6,-886
-274,6,-892
-270,6,-896
-274,7,-887
-263,7,-889
-272,7,-891
-263,7,-893
-271,7,-894
-263,7,-896
-275,6,-917
-268,6,-899
-264,6,-902
-264,6,-904
-264,6,-905
-267,7,-900
-265,7,-903
-273,7,-904
-273,7,-907
-273,7,-914
-268,6,-913
-261,5,-913
-262,7,-908
-266,6,-915
-262,3,-908
-262,6,-914
-262,7,-912
-263,7,-907
-265,7,-914
-271,6,-908
-270,7,-908
-266,7,-913
-263,19,-880
-277,7,-876
-258,6,-904
-266,7,-907
-268,6,-911
-273,6,-910
-267,7,-908
-262,7,-910
-255,5,-910
-253,5,-912
-251,5,-910
-251,5,-912
-266,6,-911
-258,6,-911
-252,5,-907
-249,5,-906
-253,5,-904
-252,5,-887
-252,7,-879
-254,7,-877
-256,6,-880
-254,7,-881
-256,7,-881
-253,7,-883
-259,6,-885
-254,5,-890
-254,5,-893
-251,5,-911
-250,5,-911
-259,5,-890
-259,5,-892
-253,5,-899
-255,5,-904
-254,5,-905
-260,7,-904
-257,5,-908
-252,7,-910
-256,5,-913
-258,3,-913
-257,4,-911
-259,7,-911
-272,7,-911
-264,6,-911
-254,6,-911
-254,7,-908
-257,5,-908
-258,6,-905
-258,7,-903
-257,7,-889
-253,7,-900
-273,6,-895
-260,6,-895
-256,6,-895
-254,7,-902
-253,6,-898
-253,6,-902
-260,38,-864
-266,38,-886
-266,38,-886
-266,38,-886
-266,38,-886
-266,38,-886
-266,38,-886
-266,38,-886
-266,38,-886
-266,38,-886
-266,38,-886
-266,38,-886
-266,38,-886
-255,7,-908
-257,7,-909
-264,7,-909
-263,7,-909
-257,7,-908
-271,7,-909
-271,7,-909
-271,7,-908
-271,7,-908
-271,7,-908
-271,7,-908
-271,7,-908
-271,7,-907
-271,7,-907
-271,7,-896
-258,7,-897
-254,7,-908
-260,7,-897
-272,7,-907
-266,15,-892
-266,15,-892
-266,15,-892
-266,15,-892
-267,7,-892
-264,7,-895
-253,8,-895
-253,7,-910
-265,7,-907
-272,7,-912
-260,7,-889
-260,7,-889
-260,7,-889
-255,7,-894
-256,7,-892
-271,7,-895
-258,7,-893
-257,7,-891
-257,7,-891
-258,12,-895
-258,12,-895
-259,7,-895
-263,7,-893
-264,9,-893
-264,9,-884
-268,7,-894
-268,7,-887
-268,7,-888
-273,8,-895
-273,13,-895
-269,7,-891
-262,16,-889
-262,16,-889
-262,16,-889
-273,8,-899
-271,7,-897
-260,7,-896
-269,11,-896
-272,7,-909
-266,8,-908
-259,8,-905
-272,11,-905
-269,11,-905
-272,7,-910
1531,7,-2905
-253,7,-901
-253,7,-898
-253,11,-900
-253,8,-901
-255,7,-908
-255,10,-900
-254,7,-908
-254,7,-906
-258,10,-888
-258,10,-888
-258,10,-888
-268,7,-911
-270,7,-911
-265,10,-911
-260,10,-911
-267,10,-911
-271,9,-911
-270,9,-910
-270,7,-910
-265,7,-900
-265,7,-900
-265,7,-900
-257,7,-895
-256,7,-890
-256,7,-890
-256,7,-890
-256,7,-890
-254,10,-892
-254,10,-892
-254,10,-886
-273,10,-898
-263,10,-912
-252,10,-908
-257,10,-880
-263,10,-893
-275,10,-900
-250,10,-908
-260,10,-887
-262,10,-883
-262,10,-883
-262,10,-883
-262,10,-883
-262,10,-883
-262,10,-883
-262,10,-883
-262,10,-883
-262,10,-883
-262,10,-883
-262,10,-883
-259,7,-894
-269,7,-894
-275,7,-896
-275,7,-904
-274,7,-906
-248,6,-911
-251,7,-907
-252,7,-901
-251,7,-898
-262,7,-885
-262,7,-885
-262,7,-885
-262,7,-885
-262,7,-885
-256,7,-894
-254,6,-896
-254,7,-897
-255,7,-899
-257,7,-900
-255,7,-901
-254,6,-908
-255,6,-907
-254,6,-908
-255,6,-910
-256,6,-908
-255,6,-908
-258,6,-900
-260,5,-896
-266,6,-910
-272,6,-896
-269,6,-905
-265,6,-901
-262,6,-900
-262,6,-905
-264,6,-905
-266,5,-901
-269,5,-901
-267,5,-904
-267,6,-909
-271,6,-898
-272,6,-902
-272,6,-908
-267,7,-906
-268,7,-907
-270,7,-909
-255,7,-902
-256,7,-894
-274,7,-906
-269,7,-915
-266,7,-885
-261,13,-881
-261,13,-881
-261,13,-881
-261,13,-881
-261,13,-881
-261,13,-881
-261,13,-881
-261,13,-881
-261,13,-881
-256,13,-897
-256,13,-897
-253,13,-902
-254,12,-895
-269,12,-895
-273,12,-910
-262,13,-911
-254,13,-911
-253,13,-909
-253,13,-909
-253,13,-909
-253,13,-909
-253,13,-909
-253,13,-909
-253,13,-909
-253,13,-909
-268,10,-899
-266,10,-910
-261,10,-910
-255,10,-910
-255,10,-910
-255,10,-910
-256,12,-904
-255,13,-903
-266,13,-909
-259,13,-905
-273,13,-905
-264,13,-900
-261,13,-889
-260,16,-895
-260,16,-895
-260,16,-895
-260,16,-895
-260,16,-895
-260,16,-895
-260,16,-895
-255,13,-907
-262,13,-906
-265,13,-906
-269,13,-907
-272,13,-905
-270,13,-900
-266,13,-896
-263,13,-898
-258,13,-897
-254,13,-900
-260,13,-904
-263,13,-901
-266,12,-902
-262,13,-890
-262,13,-890
-257,13,-897
-258,13,-907
-270,13,-907
-267,13,-901
-263,13,-900
-263,13,-891
-263,13,-891
-263,13,-891
-268,13,-897
-271,13,-909
-257,13,-909
-264,13,-902
-272,13,-902
-271,13,-908
-268,13,-908
-266,13,-902
-264,13,-909
-261,13,-901
-260,13,-904
-262,13,-910
-259,13,-900
-256,13,-904
-259,13,-909
-255,13,-899
-254,13,-910
-258,14,-901
-260,14,-884
-260,14,-884
-260,14,-884
-259,7,-884
-276,7,-897
-276,7,-906
-252,8,-908
-252,7,-895
-260,7,-886
-260,7,-886
-260,7,-886
-260,7,-886
-260,7,-886
-259,8,-887
-249,10,-903
-249,10,-900
-246,10,-896
-256,10,-891
-256,10,-889
-260,10,-891
-267,10,-891
-271,10,-892
-276,10,-897
-276,10,-908
-278,10,-912
-274,10,-911
-276,10,-902
-276,11,-892
-267,11,-891
-262,11,-891
-255,11,-891
-250,11,-901
-249,11,-889
-263,11,-877
-263,11,-877
-263,11,-877
-259,7,-884
-252,8,-904
-268,10,-889
-273,9,-894
-255,9,-889
-261,9,-876
-261,9,-876
-261,9,-876
-261,9,-876
-261,9,-876
-261,9,-876
-261,9,-877
-275,7,-898
-263,7,-893
-251,7,-906
-260,8,-879
-260,8,-879
-260,8,-879
-260,8,-879
-260,8,-879
-260,8,-879
-260,8,-879
-256,7,-896
-267,7,-900
-266,7,-899
-263,7,-899
-262,7,-907
-263,7,-903
-262,7,-907
-261,7,-906
-264,7,-908
-264,7,-908
-264,7,-908
-261,7,-903
-267,7,-901
-265,7,-903
-268,8,-907
-267,7,-910
-267,7,-904
-268,9,-899
-267,7,-898
-267,7,-896
-265,9,-899
-263,7,-900
-261,8,-900
-261,7,-897
-258,7,-900
-260,7,-900
-259,7,-903
-261,7,-907
-262,7,-909
-257,8,-906
-257,8,-905
-260,7,-908
-260,7,-908
-258,7,-902
-261,7,-904
-261,7,-904
-261,7,-904
-261,7,-904
-261,7,-904
-261,7,-904
-261,7,-904
-261,7,-904
-261,7,-904
-261,7,-910
-261,7,-906
-260,7,-904
-265,8,-908
-260,7,-908
-259,6,-905
-263,10,-909
-262,9,-909
-262,9,-908
-261,9,-910
-264,6,-910
-261,7,-909
-261,8,-909
-261,8,-910
-265,8,-910
-264,9,-908
-264,9,-909
-264,9,-909
-263,10,-907
-263,10,-907
-263,10,-907
-264,10,-910
-263,8,-909
-265,10,-910
-265,8,-908
-265,10,-909
-261,10,-908
-264,9,-909
-264,10,-909
-518,35,-824
-330,14,-875
-260,7,-904
-264,7,-903
-264,7,-903
-263,7,-904
-264,7,-903
-255,7,-902
-296,10,-905
-299,10,-906
-299,11,-906
-290,11,-904
-263,7,-905
-263,7,-904
-263,7,-904
-263,7,-904
-263,7,-904
-263,7,-904
-263,7,-904
-263,7,-904
-263,7,-904
-263,7,-904
-263,7,-904
-263,7,-904
-263,7,-904
-263,7,-904
-263,7,-904
-263,7,-904
-263,7,-904
-263,7,-904
-263,7,-904
-263,7,-904
-263,7,-904
-263,7,-904
-263,7,-904
-263,7,-904
-263,7,-904
-263,7,-904
-263,7,-904
-263,7,-904
-263,7,-904
-263,7,-904
-264,7,-904
-264,7,-904
-264,7,-904
-264,7,-904
-264,7,-904
-264,7,-904
-260,7,-903
-265,7,-903
-265,7,-903
-265,7,-902
-265,7,-902
-265,7,-905
-255,7,-902
-261,7,-903
-256,7,-902
-256,7,-902
-256,7,-902
-256,7,-902
-255,7,-898
-262,7,-897
-259,7,-898
-262,8,-898
-261,8,-899
-263,7,-902
-263,7,-903
-265,7,-898
-264,7,-898
-265,7,-897
-264,8,-900
-264,7,-901
-260,7,-906
-261,10,-899
-269,10,-901
-268,10,-901
-270,10,-903
-270,7,-904
-270,7,-904
-269,7,-902
-271,7,-902
-270,7,-903
-270,7,-903
-271,7,-901
-272,7,-901
-270,7,-903
-271,7,-901
-271,7,-899
-270,7,-897
-270,7,-904
-272,7,-900
-272,7,-902
-267,10,-901
-264,10,-903
-269,7,-910
-269,7,-906
-269,7,-907
-269,7,-907
-270,7,-909
-271,7,-908
-270,7,-906
-269,9,-908
-270,10,-902
-270,10,-902
-270,10,-902
-266,10,-902
-265,10,-904
-259,10,-902
-259,10,-902
-259,10,-902
-259,10,-902
-257,10,-903
-256,10,-902
-256,10,-902
-256,10,-901
-256,10,-901
-261,10,-903
-261,10,-903
-255,7,-908
-255,8,-907
-256,8,-909
-255,8,-908
-254,9,-906
-256,8,-909
-256,7,-903
-256,7,-903
-256,7,-903
-255,7,-902
-255,7,-900
-255,7,-900
-255,7,-900
-255,7,-900
-255,7,-900
-255,7,-900
-255,7,-900
-255,7,-900
-266,7,-901
-270,7,-901
-270,7,-904
-272,7,-902
-270,7,-902
-270,7,-897
-269,7,-902
-268,8,-901
-269,8,-901
-270,8,-901
-267,8,-901
-271,7,-903
-272,7,-902
-269,7,-902
-268,7,-901
-267,8,-901
-267,8,-901
-265,8,-902
-261,8,-902
-264,10,-906
-249,5,-901
-250,9,-913
-261,7,-890
-258,7,-891
-264,10,-906
-264,10,-906
-264,10,-904
-261,14,-911
-262,7,-910
-263,9,-910
-265,9,-910
-263,9,-909
-264,10,-909
-265,10,-908
-264,10,-909
-264,9,-909
-264,10,-909
-264,9,-909
-263,9,-909
-262,9,-909
-264,8,-910
-261,7,-908
-265,8,-910
-264,8,-908
-264,8,-908
-264,8,-908
-264,8,-908
-264,8,-908
-263,8,-908
-263,8,-908
-263,8,-908
-263,8,-908
-263,8,-908
-263,8,-908
-263,8,-908
-263,9,-908
-265,8,-908
-263,8,-909
-640,35,-782
-494,16,-854
-295,11,-880
-261,7,-905
-263,7,-903
-266,7,-901
-257,7,-902
-258,7,-888
-258,7,-888
-258,7,-888
-258,7,-888
-258,7,-888
-258,7,-888
-258,7,-888
-258,7,-888
-258,7,-888
-259,7,-883
-259,7,-883
-259,7,-883
-257,16,-888
-257,16,-888
-257,16,-888
-256,15,-892
-256,15,-898
-253,15,-898
-253,15,-898
-254,15,-898
-252,14,-898
-252,14,-898
-253,14,-895
-258,16,-895
-255,16,-892
-254,16,-894
-254,16,-892
-259,16,-898
-256,16,-892
-254,18,-893
-254,18,-893
-254,18,-893
-254,18,-893
-254,18,-893
-254,16,-892
-257,15,-884
-256,15,-887
-259,15,-881
-259,15,-881
-259,15,-881
-255,7,-896
-255,7,-897
-256,7,-887
-261,7,-885
-263,14,-885
-261,15,-894
-261,15,-892
-260,15,-895
-263,15,-895
-265,15,-894
-267,16,-895
-268,17,-893
-267,14,-896
-263,14,-896
-258,14,-896
-260,14,-898
-263,16,-900
-261,16,-897
-257,16,-899
-260,14,-903
-268,18,-899
-266,18,-875
-273,14,-898
-270,14,-899
-270,16,-893
-272,17,-886
-264,17,-876
-253,17,-876
-259,7,-871
-264,7,-881
-264,7,-881
-264,7,-881
-264,7,-881
-264,7,-881
-264,7,-881
-264,7,-881
-264,7,-881
-264,7,-881
-264,7,-881
-263,7,-881
-255,5,-888
-256,6,-893
-256,6,-884
-258,7,-881
-258,7,-881
-258,7,-881
-259,7,-882
-261,7,-882
-259,7,-882
-259,7,-886
-261,9,-884
-260,9,-885
-260,9,-876
-260,9,-883
-260,9,-882
-258,9,-888
-263,9,-887
-263,9,-880
-263,9,-880
-259,11,-882
-259,11,-882
-261,11,-882
-259,11,-882
-261,11,-881
-261,7,-877
-267,10,-877
-267,10,-877
-269,10,-882
-270,8,-883
-271,8,-883
-271,8,-880
-270,8,-880
-270,9,-879
-270,9,-879
-270,9,-879
-270,9,-879
-270,9,-879
-270,9,-879
-270,9,-879
-270,9,-879
-270,9,-879
-270,9,-879
-270,9,-879
-270,9,-879
-270,9,-879
-270,9,-879
-270,9,-879
-270,9,-879
-270,9,-879
-270,9,-879
-270,9,-879
-270,9,-878
-270,9,-879
-270,9,-879
-270,9,-879
-270,9,-879
-267,7,-882
-267,7,-882
-266,7,-880
-266,7,-880
-267,7,-880
-271,7,-881
-274,7,-880
-270,7,-878
-267,7,-889
-267,7,-889
-270,9,-878
-271,9,-878
-270,10,-880
-271,10,-881
-270,10,-879
-269,12,-879
-269,8,-878
-269,8,-877
-269,8,-876
-269,11,-880
-269,11,-880
-270,11,-875
-270,11,-875
-265,11,-872
-265,11,-872
-261,11,-882
-280,13,-872
-299,7,-877
-309,7,-875
-332,7,-877
-270,14,-875
-284,6,-884
-283,6,-884
-283,9,-883
-253,9,-893
-257,7,-901
-261,7,-904
-264,7,-902
-264,7,-902
-264,7,-902
-264,7,-902
-264,7,-902
-255,7,-886
-254,7,-893
-274,7,-891
-275,7,-881
-290,12,-877
-272,12,-878
-280,6,-883
-288,6,-881
-300,6,-880
-298,6,-894
-299,6,-895
-298,6,-895
-301,6,-893
-300,6,-892
-299,6,-885
-301,7,-878
-289,7,-877
-258,7,-893
-259,7,-906
-257,7,-906
-266,7,-903
-270,8,-902
-271,8,-903
-269,7,-899
-269,7,-897
-271,7,-898
-270,8,-898
-267,8,-898
-264,8,-897
-265,8,-898
-261,8,-898
-262,7,-905
-264,7,-908
-263,8,-909
-255,7,-893
-308,7,-877
-308,7,-877
-308,7,-877
-308,7,-877
-308,7,-877
-308,7,-877
-308,7,-877
-308,7,-877
-308,7,-877
-308,7,-877
-308,7,-877
-308,7,-877
-308,7,-877
-308,7,-877
-308,7,-877
-308,7,-877
-311,9,-857
-298,11,-843
-290,13,-833
-290,13,-833
-291,13,-832
-296,14,-828
-305,14,-825
-291,12,-838
-290,12,-839
-290,12,-839
-290,12,-839
-290,12,-839
-260,7,-881
-258,7,-879
-258,7,-879
-255,7,-894
-256,7,-901
-256,7,-901
-256,7,-901
-256,7,-901
-256,7,-901
-256,7,-901
-256,7,-901
-256,7,-901
-310,7,-877
-310,7,-877
-310,7,-877
-310,7,-877
-310,7,-877
-329,7,-882
-341,9,-855
-265,7,-887
-254,7,-892
-286,8,-869
-320,7,-888
-318,7,-888
-316,7,-886
-316,7,-886
-318,7,-886
-318,7,-886
-319,7,-885
-319,7,-885
-319,7,-885
-319,7,-885
-318,12,-888
-316,9,-890
-316,9,-890
-317,9,-890
-314,9,-894
-297,7,-924
-269,7,-916
-269,7,-916
-269,7,-916
-260,1,-913
-260,1,-913
-259,1,-913
-259,1,-913
-259,1,-913
-259,1,-913
-259,1,-913
-259,1,-913
-259,1,-913
-259,1,-913
-320,7,-893
-318,8,-892
-317,8,-892
-319,8,-894
-319,8,-894
-319,8,-894
-319,8,-894
-319,8,-894
-319,8,-894
-315,7,-894
-315,7,-894
-315,7,-894
-315,7,-894
-315,7,-894
-315,10,-891
-323,10,-888
-323,10,-891
-323,11,-892
-317,12,-892
-319,11,-893
-319,8,-885
-318,8,-880
-318,8,-880
-318,8,-880
-315,7,-886
-315,7,-892
-311,8,-888
-316,10,-888
-316,10,-890
-309,10,-891
-314,10,-888
-316,10,-893
-311,12,-890
-312,12,-893
-313,7,-890
-313,7,-891
-318,8,-888
-319,7,-891
-320,8,-888
-319,7,-886
-319,7,-887
-319,8,-889
-319,7,-890
-316,7,-883
-318,7,-886
-320,7,-887
-314,7,-884
-313,7,-891
-311,7,-885
-311,7,-885
-311,7,-885
-312,9,-886
-312,9,-891
-312,7,-891
-314,9,-892
-315,7,-889
-313,7,-888
-313,7,-888
-312,7,-890
-314,7,-891
-312,7,-891
-318,7,-886
-319,7,-889
-319,7,-890
-320,7,-891
-320,7,-891
-322,9,-884
-319,7,-885
-310,10,-875
-317,10,-881
-321,7,-889
-318,7,-889
-316,9,-886
-319,9,-890
-320,9,-891
-320,9,-889
-321,7,-890
-315,9,-880
-331,9,-861
-288,52,-884
-292,7,-885
-302,8,-875
-296,7,-879
-276,8,-878
-309,7,-876
-312,7,-876
-313,9,-890
-321,11,-862
-256,7,-897
-262,7,-902
-266,7,-901
-289,6,-881
-289,6,-881
-336,7,-881
-335,7,-882
-336,7,-881
-272,7,-877
-272,7,-877
-272,7,-877
-272,7,-877
-272,7,-877
-299,6,-893
-299,6,-893
-299,6,-893
-291,6,-893
-291,6,-893
-291,6,-893
-289,6,-895
-290,6,-895
-290,6,-896
-289,6,-898
-290,6,-897
-289,6,-896
-289,6,-895
-289,6,-895
-289,6,-897
-290,6,-897
-291,7,-897
-290,7,-896
-289,6,-897
-290,7,-897
-291,6,-896
-291,7,-897
-289,6,-898
-291,6,-896
-292,6,-896
-290,7,-897
-292,6,-894
-291,6,-893
-301,6,-894
-301,6,-893
-299,6,-896
-300,6,-904
-300,6,-904
-300,6,-904
-300,6,-904
-300,6,-904
-292,7,-903
-290,6,-907
-285,6,-907
-291,6,-907
-291,6,-907
-289,10,-905
-288,10,-905
-283,10,-907
-285,14,-904
-283,11,-906
-283,11,-906
-284,11,-906
-284,11,-906
-284,11,-906
-297,6,-902
-293,6,-894
-301,6,-903
-300,6,-906
-289,6,-892
-291,6,-895
-291,6,-893
-291,6,-895
-294,6,-893
-300,6,-889
-300,6,-884
-300,6,-884
-294,7,-883
-268,7,-879
-261,7,-878
-261,7,-878
-260,7,-879
-260,7,-879
-260,7,-879
-260,7,-879
-260,7,-879
-260,7,-879
-260,7,-879
-260,7,-879
-528,2,-815
-540,6,-810
-537,3,-805
-531,3,-813
-519,3,-817
-520,3,-809
-520,3,-818
-519,3,-818
-519,3,-817
-524,3,-810
-525,4,-808
-524,3,-809
-522,3,-819
-524,3,-820
-522,3,-816
-528,7,-806
-530,3,-815
-530,5,-806
-533,3,-813
-536,3,-814
-519,3,-810
-527,2,-805
-534,3,-803
-533,3,-804
-521,3,-810
-530,3,-795
-513,4,-808
-511,2,-809
-511,2,-809
-516,2,-809
-511,2,-809
-514,2,-808
-506,2,-810
-508,2,-809
-498,2,-813
-502,2,-809
-504,2,-809
-556,19,-786
-517,4,-791
-534,3,-798
-531,2,-797
-525,2,-797
-518,2,-797
-509,2,-797
-507,2,-800
-526,15,-784
-524,3,-819
-523,3,-811
-519,3,-817
-519,3,-817
-519,3,-818
-519,4,-819
-519,3,-817
-519,3,-817
-519,3,-819
-519,3,-817
-520,7,-819
-492,3,-815
1509,-1998,-2614
-488,3,-818
-487,3,-819
-496,3,-816
-494,3,-815
-489,3,-815
-489,3,-815
-488,3,-822
-487,3,-811
-493,3,-820
-493,3,-821
-493,3,-822
-493,3,-822
-494,3,-822
-494,3,-822
-494,3,-820
-494,3,-821
-494,3,-821
-494,3,-821
-494,3,-815
-494,3,-817
-492,3,-821
-493,3,-821
-492,3,-821
-492,3,-821
-492,3,-821
-492,3,-821
-494,3,-813
-494,3,-818
-493,3,-821
-494,3,-822
-493,3,-815
-493,1,-809
-494,3,-820
-494,3,-817
-496,4,-802
-496,4,-802
-496,4,-802
-496,4,-802
-496,4,-802
-496,4,-802
-497,2,-809
-497,1,-809
-498,1,-811
-498,1,-809
-501,1,-811
-501,1,-811
-496,1,-810
-496,1,-810
-497,2,-811
-506,2,-812
-506,2,-813
-494,2,-812
-494,2,-812
-506,2,-813
-507,3,-812
-508,4,-804
-488,4,-804
-489,4,-804
-489,4,-804
-489,4,-804
-489,4,-804
-489,4,-804
-489,4,-804
-489,4,-804
-489,4,-804
-489,4,-804
-489,4,-804
-489,4,-804
-489,4,-804
-489,4,-804
-489,4,-804
-489,4,-804
-489,4,-804
-489,4,-804
-489,4,-804
-489,4,-804
-489,4,-804
-489,4,-804
-489,4,-804
-489,4,-804
-489,4,-804
-478,3,-809
-482,3,-813
-478,3,-820
-478,3,-820
-478,2,-820
-476,2,-820
-492,3,-821
-493,3,-821
-493,3,-821
-493,3,-821
-494,3,-816
-493,3,-816
-477,2,-820
-475,2,-820
-470,2,-816
-470,2,-813
-480,2,-814
-480,2,-814
-475,5,-808
-475,3,-808
-474,3,-810
-473,3,-810
-472,3,-820
-472,3,-820
-480,3,-819
-480,3,-817
-477,3,-808
-474,3,-810
-473,3,-808
-473,3,-808
-473,3,-808
-473,3,-808
-473,3,-808
-473,3,-808
-472,3,-811
-472,3,-809
-472,3,-809
-472,3,-809
-472,3,-809
-472,3,-809
-472,3,-809
-472,3,-809
-472,3,-809
-472,3,-809
-478,6,-813
-474,6,-813
-475,6,-810
-475,6,-810
-474,3,-811
-474,3,-811
-474,3,-809
-474,3,-809
-474,3,-809
-474,3,-809
-476,7,-816
-475,7,-816
-477,7,-817
-477,7,-817
-476,7,-816
-476,7,-815
-473,7,-822
-473,7,-822
-479,7,-821
-479,7,-821
-473,7,-820
-473,7,-821
-477,3,-817
-476,3,-818
-474,3,-819
-474,3,-818
-477,3,-814
-477,3,-814
-477,3,-814
-477,3,-814
-475,5,-815
-475,5,-815
-473,5,-808
-473,5,-807
-473,5,-807
-473,5,-807
-473,3,-808
-473,3,-810
-474,3,-810
-474,3,-810
-473,3,-810
-473,3,-810
-473,4,-812
-473,4,-812
-473,3,-812
-473,3,-811
-473,3,-809
-473,3,-809
-473,3,-809
-473,3,-809
-473,3,-809
-473,3,-809
-470,3,-820
-472,3,-821
-472,3,-821
-471,3,-820
-478,3,-808
-478,3,-808
-475,10,-812
-475,9,-812
-476,9,-806
-476,9,-806
-476,9,-806
-476,9,-806
-476,3,-811
-475,3,-815
-479,3,-814
-479,3,-814
-479,3,-814
-479,3,-814
-480,3,-817
-482,3,-817
-481,3,-816
-481,3,-816
-482,3,-813
-482,3,-814
-482,3,-814
-482,3,-814
-479,6,-815
-480,6,-816
-478,6,-809
-478,6,-809
-478,6,-809
-478,6,-809
-476,6,-812
-476,6,-812
-475,6,-820
-475,6,-820
-476,6,-811
1524,-1994,-2611
-476,6,-811
-476,6,-811
-476,6,-811
-474,6,-805
-476,6,-808
-474,6,-809
-474,6,-809
-474,6,-809
-474,6,-809
-474,3,-808
-476,3,-812
-476,3,-813
-477,3,-813
-477,3,-817
-477,3,-817
-477,3,-812
-477,3,-812
-480,3,-815
-480,3,-815
-469,3,-808
-474,3,-809
-474,3,-809
-474,3,-809
-468,3,-815
-470,3,-819
-468,3,-818
-470,4,-818
-474,3,-809
-474,3,-809
-474,3,-809
-474,3,-809
-468,7,-817
-469,7,-817
-469,7,-813
-470,6,-817
-473,6,-807
-473,6,-807
-473,6,-807
-473,6,-807
-473,6,-807
-473,6,-807
-472,3,-807
-469,3,-811
-473,4,-821
-476,4,-820
-480,4,-813
-478,3,-811
-479,3,-809
-478,3,-810
-476,4,-820
-475,3,-820
-472,3,-821
-469,4,-822
-472,3,-808
-472,3,-808
-472,3,-808
-472,3,-808
-472,3,-808
-472,3,-808
-472,3,-808
-472,3,-808
-472,3,-808
-472,3,-808
-472,3,-808
-472,3,-808
-473,3,-815
-472,3,-817
-474,3,-816
-474,3,-816
-474,3,-816
-474,3,-816
-474,4,-815
-474,4,-815
-474,4,-815
-473,4,-817
-473,4,-816
-473,4,-816
-474,4,-816
-474,4,-816
-474,4,-816
-475,4,-816
-476,4,-817
-476,4,-816
-477,3,-815
-478,3,-816
-473,4,-816
-473,3,-816
-473,4,-816
-473,3,-816
-473,4,-816
-473,3,-816
-473,4,-816
-473,4,-816
-476,4,-816
-476,4,-816
-475,4,-816
-475,4,-816
-475,4,-816
-475,4,-816
-472,4,-815
-475,4,-816
-473,4,-816
-473,3,-816
-473,4,-816
-473,3,-816
-473,4,-816
-473,3,-816
-472,4,-815
-472,3,-815
-472,4,-815
-473,2,-802
-473,4,-815
-473,3,-815
-482,3,-815
-474,3,-811
-473,3,-810
-473,3,-812
-468,3,-809
-473,4,-812
-468,24,-782
-474,8,-802
-505,3,-812
-504,3,-812
-483,2,-812
-482,2,-811
-476,2,-808
-473,2,-808
-473,3,-809
-474,3,-809
-481,3,-809
-483,2,-812
-488,3,-813
-490,3,-811
-481,4,-811
-482,3,-810
-470,5,-798
-473,6,-812
-489,4,-808
-537,4,-804
-544,4,-806
-544,4,-806
-553,4,-806
-586,4,-801
-503,4,-799
-473,4,-804
-465,4,-801
-472,3,-808
-473,3,-809
-473,3,-809
-473,3,-809
-473,3,-809
-468,3,-814
-466,3,-821
-472,4,-785
-478,36,-804
-548,36,-801
-530,36,-829
-483,28,-800
-476,10,-794
684,-1279,-1048
-635,36,-773
-635,36,-773
-635,36,-773
-592,7,-801
-551,2,-795
-551,2,-793
689,-1290,-1058
684,-1290,-1058
684,-1290,-1058
684,-1290,-1058
684,-1290,-1058
684,-1290,-1058
685,-1290,-1057
685,-1290,-1057
685,-1290,-1057
686,-1290,-1056
689,-1291,-1048
684,-1291,-1051
686,-1291,-1053
688,-1291,-1053
692,-1291,-1053
725,-1280,-940
691,-1289,-1046
695,-1291,-1051
695,-1291,-1051
695,-1291,-1051
695,-1291,-1051
687,-1290,-1059
687,-1290,-1059
687,-1290,-1059
687,-1290,-1059
687,-1290,-1059
687,-1290,-1059
687,-1290,-1059
687,-1290,-1059
687,-1290,-1059
687,-1290,-1059
687,-1290,-1059
-637,36,-778
-641,43,-766
-582,3,-788
-569,4,-805
-556,2,-791
-556,2,-792
-556,2,-792
-546,2,-792
-546,2,-792
-546,2,-792
-548,2,-792
-550,2,-792
-547,2,-794
-555,1,-798
-550,2,-797
-550,2,-797
-550,2,-797
-550,2,-797
687,-1290,-1062
681,-1288,-1046
-489,2,-671
-482,4,-670
-482,4,-670
-482,4,-670
-482,4,-670
-482,4,-670
-482,4,-670
-482,4,-670
-482,4,-670
-482,4,-670
-482,4,-670
0,-1,0
-483,3,-670
-483,4,-670
-483,13,-670
-483,13,-670
-483,13,-670
-483,13,-670
-483,13,-670
-483,13,-670
-483,13,-670
-483,13,-670
-483,13,-670
-483,13,-670
-483,13,-670
-483,13,-670
-483,13,-670
-483,13,-670
-483,13,-670
-483,13,-670
-483,13,-670
-483,13,-670
-483,13,-670
-483,13,-670
-483,13,-670
-483,13,-670
-483,13,-670
-483,13,-670
-483,13,-670
-483,13,-670
-483,13,-670
-483,13,-670
-483,13,-670
-483,13,-670
-483,13,-670
-483,13,-670
-483,13,-670
-483,13,-670
-483,13,-670
-483,13,-670
-483,13,-670
-483,13,-670
-486,4,-674
-482,4,-675
-483,4,-674
-483,4,-674
-483,4,-674
-483,4,-674
-479,2,-673
-477,2,-678
-488,8,-673
-488,8,-673
-488,8,-673
-488,8,-673
-488,8,-673
-492,3,-675
-487,4,-672
-487,4,-672
-487,4,-672
-484,6,-672
-485,4,-670
-483,4,-671
-480,4,-670
-477,4,-671
-478,6,-672
-480,6,-675
-496,6,-668
-489,11,-670
-485,8,-673
-481,10,-677
-480,8,-672
-482,9,-674
-484,9,-676
-485,9,-677
-492,9,-671
-492,9,-671
-487,13,-675
-483,13,-670
-480,13,-672
-482,13,-676
-482,13,-679
-492,13,-672
-492,13,-672
-492,13,-672
-492,13,-672
-492,13,-672
-492,13,-672
-492,13,-672
-492,13,-672
-486,18,-670
-482,18,-673
-481,18,-674
-481,18,-674
-485,18,-677
-482,18,-677
-488,18,-675
-477,18,-674
-493,18,-674
-493,18,-674
-487,18,-672
-480,18,-678
-481,18,-674
-483,18,-670
-488,18,-677
-482,18,-669
-479,18,-674
-480,18,-676
-485,20,-677
-503,18,-671
-494,18,-671
-487,21,-672
-482,21,-669
-485,21,-674
-481,21,-676
-492,21,-672
-489,21,-672
-489,21,-672
-489,21,-672
-489,21,-672
-489,21,-672
-489,21,-672
-476,5,-669
-489,3,-670
-491,3,-673
-492,3,-674
-490,3,-667
-491,3,-666
-491,3,-679
-492,3,-668
-492,3,-679
-488,4,-678
-498,5,-672
-498,5,-672
-498,5,-672
-498,5,-672
-498,5,-673
-482,4,-674
-481,4,-670
-482,4,-673
-464,3,-674
-472,8,-672
-472,8,-672
-478,3,-673
-482,8,-670
-481,8,-672
-483,8,-675
-481,8,-675
-482,8,-676
-478,8,-673
-481,11,-684
-481,11,-684
-481,11,-684
-481,12,-677
-473,14,-678
-479,13,-675
-481,13,-675
-480,12,-672
-482,12,-676
-486,12,-676
-485,12,-675
-482,13,-685
-484,13,-686
-484,16,-674
-480,16,-676
-481,16,-671
-483,15,-677
-467,15,-673
-467,15,-673
-467,15,-673
-467,15,-673
-476,18,-674
-479,20,-674
-479,20,-673
-486,20,-677
-473,20,-677
-467,20,-682
-467,20,-682
-467,20,-682
-467,20,-682
-483,20,-669
-488,20,-670
-485,20,-669
-492,16,-677
-482,17,-677
-487,17,-677
-493,17,-672
-487,12,-672
-487,12,-669
-483,12,-669
-500,12,-667
-484,7,-677
-482,7,-677
-488,7,-672
-496,7,-666
-486,3,-669
-489,5,-673
-485,5,-668
-503,15,-664
-503,15,-664
-503,15,-664
-503,15,-664
-498,18,-671
-498,18,-671
-498,18,-671
-481,3,-679
-478,3,-679
-479,3,-674
-475,3,-673
-474,3,-671
-479,3,-672
-478,22,-673
-476,18,-672
-476,24,-672
-476,24,-672
-472,24,-676
-479,9,-677
-478,4,-677
-476,26,-677
-470,21,-675
-477,21,-681
-479,12,-679
-476,23,-680
-476,23,-680
-476,23,-680
-474,25,-677
-476,12,-679
-476,25,-679
-478,24,-672
-475,24,-677
-475,24,-674
-468,24,-678
-468,24,-678
-478,10,-674
-477,17,-675
-471,21,-675
-471,21,-675
-471,21,-675
-476,8,-676
-476,11,-676
-474,12,-677
-476,15,-675
-476,15,-678
-474,19,-676
-471,21,-675
-471,21,-675
-471,21,-675
-477,18,-677
-477,18,-674
-477,17,-675
-477,18,-674
-477,16,-676
-477,17,-677
-477,14,-676
-477,14,-676
-478,14,-687
-477,14,-679
-477,15,-679
-477,17,-678
-477,16,-678
-477,12,-678
-479,14,-679
-476,14,-682
-477,12,-680
-471,13,-676
-471,14,-676
-477,14,-678
-470,14,-677
-470,14,-677
-474,16,-674
-473,16,-674
-477,12,-676
-477,14,-676
-477,10,-676
-475,12,-675
-476,10,-679
-476,11,-674
-477,8,-676
-477,9,-676
-477,5,-680
-477,6,-668
-477,6,-675
-476,7,-673
-477,6,-675
-475,11,-674
-478,7,-676
-478,11,-677
-477,13,-677
-478,13,-690
-477,13,-677
-477,15,-676
-477,17,-678
-477,16,-678
-477,13,-678
-477,12,-679
-458,12,-676
-477,16,-674
-477,19,-673
-477,16,-676
-477,19,-677
-474,3,-675
-477,9,-677
-477,12,-679
-477,12,-677
-477,15,-674
-477,17,-678
-477,17,-678
-478,15,-678
-478,15,-678
-477,17,-678
-477,16,-678
-477,17,-676
-477,14,-675
-478,15,-675
-478,15,-676
-477,16,-675
-477,12,-674
-477,12,-674
-478,12,-676
-477,10,-676
-477,8,-678
-477,4,-676
-477,4,-675
-477,4,-677
-477,4,-677
-477,4,-676
-477,5,-674
-477,8,-674
-477,14,-674
-477,14,-674
-477,14,-674
-477,20,-674
-478,16,-673
-478,19,-669
-478,19,-669
-479,14,-691
-476,14,-694
-480,14,-688
-480,14,-688
-480,14,-688
-480,14,-688
-480,11,-688
-479,4,-681
-474,4,-676
-474,4,-675
-474,4,-675
-474,4,-675
-474,4,-675
-474,4,-675
-474,4,-675
-474,4,-675
-475,8,-677
-475,8,-677
-475,8,-677
-475,8,-674
-475,8,-677
-467,8,-674
-481,8,-695
-481,8,-695
-481,8,-695
-481,8,-695
-478,10,-681
-478,9,-681
-478,15,-681
-478,15,-681
-478,15,-681
-478,20,-681
-478,20,-681
-478,20,-681
-478,20,-681
-478,20,-681
-466,20,-697
-473,20,-676
-474,20,-675
-474,17,-676
-474,17,-677
-472,17,-676
-474,17,-674
-474,17,-674
-474,16,-676
-474,13,-675
-474,13,-675
-477,13,-664
-478,8,-670
-478,14,-670
-478,18,-670
-472,18,-691
-488,18,-689
-488,18,-689
-488,18,-689
-488,18,-689
-488,18,-689
-490,7,-681
-481,10,-679
-481,15,-679
-481,17,-679
-481,17,-679
-481,17,-679
-481,19,-679
-478,3,-682
-477,3,-682
-476,8,-691
-478,8,-692
-479,8,-688
-479,8,-688
-479,8,-688
-479,8,-688
-479,8,-688
-479,8,-688
-479,8,-688
-479,8,-688
-479,8,-688
-478,3,-679
-482,4,-673
-482,3,-674
-481,4,-674
-482,3,-674
-477,4,-674
-477,3,-674
-477,4,-674
-477,3,-674
-477,4,-674
-477,3,-674
-477,4,-674
-477,3,-674
-477,4,-674
-478,8,-674
-482,8,-674
-482,8,-674
-477,8,-674
-481,8,-674
-481,8,-674
-478,8,-674
-478,8,-674
-478,8,-674
-477,7,-674
-479,12,-674
-481,12,-674
-478,12,-674
-478,12,-674
-478,13,-674
-482,16,-673
-478,16,-675
-478,16,-674
-478,16,-674
-477,20,-674
-479,20,-674
-481,20,-674
-478,20,-674
-478,20,-674
-478,20,-674
-484,20,-674
-484,20,-674
-484,20,-674
-484,20,-674
-484,20,-674
-484,20,-674
-484,20,-674
-484,20,-674
-484,20,-674
-484,20,-674
-484,20,-674
-484,20,-674
-484,20,-674
-484,20,-674
-484,20,-674
-484,20,-674
-484,20,-674
-484,20,-674
-484,20,-674
-484,20,-674
-483,20,-674
-483,20,-674
-483,20,-674
-483,20,-674
-483,20,-674
-482,20,-675
-482,20,-675
-482,20,-674
-483,20,-674
-483,20,-674
-483,20,-674
-483,20,-674
-483,20,-674
-483,20,-674
-483,20,-674
-483,20,-674
-483,20,-674
-483,20,-674
-483,20,-674
-484,20,-675
-482,20,-675
-482,20,-675
-483,20,-675
-482,20,-675
-485,20,-674
-485,20,-674
-485,20,-674
-483,20,-674
-482,20,-674
-482,20,-675
-482,20,-675
-482,20,-675
-483,20,-674
-483,20,-674
-483,20,-674
-484,20,-674
-483,20,-673
-483,20,-673
-483,20,-673
-483,20,-673
-483,20,-673
-483,20,-673
-483,20,-673
-483,20,-673
-483,20,-673
-483,20,-673
-483,20,-673
-483,20,-673
-483,20,-673
-483,20,-673
-483,20,-673
-483,20,-673
-483,20,-673
-483,20,-673
-483,20,-673
-483,20,-673
-483,20,-673
-483,20,-673
-483,20,-673
-483,20,-673
-483,20,-673
-483,20,-673
-483,20,-673
-483,20,-673
-483,20,-673
-483,20,-673
-483,20,-673
-483,20,-673
-483,20,-673
-483,20,-673
-483,20,-673
-483,20,-673
-483,20,-673
-483,20,-673
-483,20,-673
-483,20,-673
-483,20,-673
-483,20,-673
-483,20,-673
-483,20,-673
-484,20,-673
-482,20,-674
-481,16,-674
-481,16,-674
-484,16,-673
-486,16,-674
-482,16,-675
-482,16,-674
-485,16,-673
-483,16,-673
-482,16,-673
-482,16,-673
-481,12,-674
-483,12,-672
-482,12,-672
-482,12,-673
-483,12,-672
-482,12,-672
-482,12,-672
-477,12,-674
-485,8,-672
-481,8,-673
-483,8,-673
-481,8,-672
-484,8,-674
-484,8,-673
-483,8,-673
-477,4,-674
-483,4,-672
-485,4,-673
-482,4,-673
-482,4,-673
-483,4,-673
-483,4,-673
-483,4,-672
-484,4,-672
-477,8,-674
-477,11,-674
-477,11,-675
-466,11,-684
-500,18,-658
-481,18,-694
-481,18,-694
-489,18,-698
-458,3,-687
-458,3,-688
-473,16,-694
-458,4,-699
-457,3,-699
-443,2,-718
-482,25,-675
-465,13,-699
-451,2,-715
-452,2,-713
-478,4,-675
-478,4,-675
-476,3,-691
-468,10,-707
-483,10,-712
-483,10,-710
-489,3,-679
-491,2,-670
-480,3,-666
-473,2,-671
-480,3,-682
-487,18,-696
-473,18,-674
-511,18,-676
-500,19,-671
-498,20,-667
-477,20,-707
-461,20,-703
-478,20,-699
-454,3,-695
-481,3,-682
-476,3,-689
-473,3,-667
-474,3,-663
-474,3,-663
-487,3,-666
-491,3,-669
-489,3,-677
-485,21,-705
-474,4,-680
-474,3,-681
-474,3,-681
-474,3,-681
-474,3,-681
-474,3,-681
-477,3,-680
-478,3,-681
-478,3,-683
-454,10,-728
-457,7,-807
-456,6,-807
-460,10,-759
-477,8,-689
-478,4,-684
-478,4,-684
-478,4,-684
-478,4,-684
-478,4,-684
-478,4,-684
-478,4,-684
-478,4,-684
-478,4,-684
-620,40,-846
-620,40,-846
9511,-8491,-1028
-452,7,-753
-640,36,-782
-464,13,-778
-464,13,-778
-464,13,-778
-464,13,-778
-464,13,-778
-464,13,-778
-464,13,-778
-464,13,-778
-453,13,-771
-453,13,-771
-453,13,-771
-453,13,-771
-453,13,-771
-453,13,-771
-458,2,-772
-457,6,-775
-457,6,-775
-457,6,-775
-454,3,-772
-448,3,-770
-456,3,-771
-451,5,-773
-451,7,-776
-451,9,-778
-452,7,-774
-452,8,-778
-457,9,-779
-457,9,-779
-455,9,-779
-455,6,-777
-455,6,-777
-454,6,-776
-458,8,-773
-456,8,-774
-456,8,-774
-453,11,-778
-453,11,-778
-456,11,-774
-454,11,-779
-460,11,-778
-454,11,-778
-453,11,-777
-454,11,-777
-454,10,-779
-454,10,-779
-454,10,-779
-454,10,-779
-454,10,-779
-454,10,-779
-454,10,-779
-454,10,-779
-454,10,-779
-454,10,-779
-454,10,-779
-454,10,-779
-454,10,-779
-454,10,-779
-454,10,-779
-454,10,-779
-454,10,-779
-454,10,-779
-454,10,-779
-454,10,-779
-454,10,-779
-454,10,-779
-454,10,-779
-454,10,-779
-454,10,-779
-454,10,-779
-454,10,-779
-454,10,-779
-454,10,-779
-454,10,-779
-454,10,-779
-454,10,-779
-454,10,-779
-454,10,-779
-454,10,-779
-454,10,-779
-454,10,-779
-454,10,-779
-454,10,-779
-454,10,-779
-454,10,-779
-454,10,-779
-454,10,-779
-454,10,-779
-454,10,-779
-454,10,-779
-454,10,-779
-454,10,-779
-454,10,-779
-454,10,-779
-454,10,-779
-454,10,-779
-454,10,-779
-454,10,-779
-454,10,-779
-454,10,-779
-454,10,-779
-454,10,-779
-454,10,-779
-454,10,-779
-454,10,-779
-454,10,-779
-454,10,-779
-454,10,-779
-454,10,-779
-454,10,-779
-454,10,-779
-454,10,-779
-454,10,-779
-454,10,-779
-454,10,-779
-454,10,-779
-454,10,-779
-454,10,-779
-454,10,-779
-454,10,-779
-454,10,-779
-454,10,-779
-454,10,-779
-454,10,-779
-454,10,-779
-454,10,-779
-454,10,-779
-454,10,-779
-454,10,-779
-454,10,-779
-454,10,-779
-454,10,-779
-454,10,-779
-454,10,-779
-454,10,-779
-454,10,-779
-454,10,-779
-454,10,-779
-454,10,-779
-454,10,-779
-454,10,-779
-454,10,-779
-454,10,-779
-454,10,-779
-454,10,-779
-454,10,-779
-454,10,-779
-454,10,-779
-454,10,-779
-454,10,-779
-454,10,-779
-454,10,-779
-454,10,-779
-454,10,-779
-454,10,-779
-454,10,-779
-454,10,-779
-454,10,-779
-454,10,-779
-454,10,-779
-454,10,-779
-454,10,-779
-454,10,-779
-454,10,-779
-454,10,-779
-454,10,-779
-454,10,-779
-454,10,-779
-454,10,-779
-454,10,-779
-454,10,-779
-454,10,-779
-454,10,-779
-454,10,-779
-454,10,-779
-454,10,-779
-454,10,-779
-454,10,-779
-454,10,-779
-454,10,-779
-454,10,-779
-454,10,-779
-454,10,-779
-454,10,-779
-454,10,-779
-454,10,-779
-15054,10,18821
-454,10,-779
-454,10,-779
-454,10,-779
-454,10,-779
-454,10,-779
-454,10,-779
-454,10,-779
-454,10,-779
-454,10,-779
-454,10,-779
-454,10,-779
-454,10,-779
-454,10,-779
-454,10,-779
-454,10,-779
-454,10,-779
-454,10,-779
-454,10,-779
-454,10,-779
-454,10,-779
-454,10,-779
-454,10,-779
-454,10,-779
-454,10,-779
-454,10,-779
-454,10,-779
-452,10,-777
-452,10,-777
-452,10,-777
-452,10,-777
-454,10,-778
-460,10,-778
-453,10,-775
-453,10,-774
-452,10,-772
-450,11,-773
-452,12,-774
-452,12,-775
-452,12,-778
-451,11,-779
-453,11,-780
-452,11,-782
-452,9,-780
-454,9,-779
-452,7,-781
-454,7,-781
-451,3,-781
-455,4,-780
-452,3,-781
-451,5,-781
-452,5,-780
-452,8,-780
-452,8,-780
-452,8,-780
-452,8,-780
-452,8,-780
-451,10,-778
-457,10,-779
-451,6,-780
-493,5,-763
-490,16,-763
-490,16,-763
-490,16,-763
-490,16,-763
-490,16,-763
-490,16,-763
-490,16,-763
-490,16,-763
-490,16,-763
-490,16,-763
-490,16,-763
-514,16,-767
-514,16,-767
-640,36,-781
-642,36,-756
-631,34,-739
-641,36,-758
-630,36,-762
-629,36,-762
-599,36,-754
-589,36,-753
-590,36,-752
-589,35,-754
-636,51,-771
-352,8,-868
-352,8,-868
-352,8,-868
-356,8,-868
-642,36,-756
-642,36,-756
-642,39,-756
-645,39,-756
-645,39,-756
-645,39,-756
-645,39,-756
-645,39,-756
-645,36,-757
-641,36,-756
-645,36,-758
-652,35,-756
-645,36,-757
-646,36,-758
-646,36,-758
-646,36,-758
-646,36,-758
-646,36,-758
-646,36,-758
-644,36,-756
-644,36,-757
-644,36,-757
-644,36,-757
-644,36,-757
-644,36,-757
-644,36,-757
-644,36,-757
-644,36,-757
-644,36,-757
-644,36,-757
-644,36,-757
-644,36,-757
-644,36,-757
-644,36,-757
-644,36,-757
-644,36,-757
-644,36,-757
-644,36,-757
-644,36,-757
-644,36,-757
-644,36,-757
-644,36,-757
-644,36,-757
-644,36,-757
-644,36,-757
-644,36,-757
-644,36,-757
-644,36,-757
-644,36,-757
-644,36,-757
-644,36,-757
-644,36,-757
-644,36,-757
-644,36,-757
-644,36,-757
-593,28,-813
-591,4,-824
-590,4,-824
-584,5,-831
-591,5,-837
-586,5,-836
-586,5,-836
-586,5,-836
-586,5,-836
-586,5,-836
-586,5,-836
-586,5,-836
-587,5,-835
-587,5,-835
-587,5,-835
-587,5,-835
-592,10,-839
-592,13,-839
-592,13,-839
-592,13,-839
-592,13,-839
-592,13,-839
-591,12,-839
-589,7,-839
-587,11,-839
-588,13,-831
-587,13,-837
-600,13,-808
-586,14,-835
-592,14,-836
-592,14,-836
-581,14,-838
-578,14,-835
-582,15,-839
-595,15,-839
-595,15,-839
-592,15,-834
-580,15,-837
-582,15,-835
-582,15,-835
-582,15,-835
-582,15,-838
-590,17,-829
-590,17,-829
-592,25,-836
-591,25,-824
-583,23,-835
-586,23,-838
-594,23,-838
-585,23,-826
-589,23,-836
-591,23,-824
-595,20,-835
-587,23,-836
-592,23,-838
-589,23,-825
-589,23,-833
-592,17,-839
-584,15,-839
-584,19,-836
-584,19,-836
-590,19,-833
-590,19,-833
-590,19,-833
-590,19,-833
-590,19,-833
-590,19,-833
-590,15,-833
-587,15,-838
-592,15,-839
-590,16,-831
-582,20,-835
-587,8,-836
-584,22,-834
-589,24,-829
-590,16,-829
-591,24,-835
-590,24,-832
-589,5,-835
-583,22,-836
-583,17,-836
-593,12,-834
-587,10,-836
-592,25,-836
-586,4,-832
-586,4,-823
-590,22,-829
-587,18,-838
-589,16,-836
-589,16,-828
-589,16,-828
-589,16,-828
-589,16,-828
-586,18,-836
-590,19,-832
-588,18,-832
-590,21,-839
-588,21,-832
-588,21,-832
-589,22,-839
-588,18,-839
-588,19,-839
-588,21,-828
-588,24,-833
-590,23,-837
-591,23,-828
-589,23,-837
-589,23,-836
-591,23,-823
-589,23,-836
-588,22,-835
-588,22,-830
-588,22,-824
-587,22,-826
-589,22,-829
-589,22,-828
-589,22,-828
-587,23,-836
-595,23,-821
-587,22,-830
-587,22,-835
-587,21,-830
-588,21,-830
-590,21,-828
-589,21,-825
-589,21,-825
-589,21,-827
-588,21,-836
-589,21,-822
-589,21,-822
-589,21,-822
-588,20,-833
-588,20,-835
-589,20,-837
-589,20,-837
-589,20,-831
-589,20,-830
-589,20,-830
-590,20,-811
-590,20,-828
-590,20,-828
-593,10,-831
-592,13,-840
-592,13,-842
-599,13,-847
-585,14,-840
-585,9,-842
-595,13,-848
-595,13,-848
-595,14,-848
-596,13,-842
-584,13,-844
-591,13,-852
-591,13,-852
-595,15,-841
-596,19,-841
-596,22,-842
-596,22,-842
-596,26,-841
-596,26,-842
-581,17,-841
-581,21,-841
-581,25,-840
-585,20,-847
-585,20,-854
-585,20,-854
-585,20,-854
-585,20,-854
-585,20,-854
-585,7,-852
-586,14,-842
-588,14,-842
-590,14,-842
-589,12,-848
-589,12,-848
-589,12,-848
-592,17,-842
-591,17,-842
-588,16,-842
-583,14,-841
-583,14,-841
-590,17,-847
-587,17,-845
-587,17,-844
-587,17,-847
-588,17,-849
-588,19,-845
-588,19,-847
-594,19,-842
-594,15,-842
-585,19,-842
-583,22,-841
-582,19,-842
-585,15,-847
-591,18,-846
-589,18,-852
-593,23,-844
-583,23,-843
-588,23,-854
-590,22,-844
-589,21,-843
-591,21,-849
-587,22,-844
-585,22,-844
-593,22,-850
-586,21,-845
-590,23,-847
-592,22,-845
-592,24,-845
-588,22,-853
-589,22,-853
-584,21,-844
-586,21,-851
-588,21,-845
-589,21,-844
-589,21,-851
-589,21,-851
-590,28,-841
-593,26,-841
-586,26,-841
-591,26,-838
-591,26,-838
-591,26,-838
-591,26,-838
-591,26,-838
-591,26,-838
-591,26,-838
-586,26,-839
-590,26,-834
-592,26,-836
-590,26,-830
-588,26,-833
-587,26,-838
-589,26,-829
-577,26,-845
-588,26,-855
-586,26,-846
-584,26,-854
-584,26,-854
-586,26,-850
-587,26,-823
-588,26,-832
-588,26,-833
-590,26,-828
-589,29,-837
-587,29,-830
-586,29,-835
-586,29,-835
-588,29,-835
-591,29,-835
-590,29,-829
-588,30,-834
-589,30,-834
-587,30,-828
-586,31,-835
-582,31,-829
-588,31,-828
-589,33,-835
-591,33,-825
-591,33,-825
-591,33,-825
-587,28,-833
-588,29,-835
-591,28,-833
-588,28,-822
-590,28,-825
-590,28,-826
-587,34,-833
-587,32,-828
-591,32,-833
-590,32,-827
-589,32,-833
-589,32,-833
-589,32,-819
-589,32,-818
-589,32,-818
-596,32,-843
-592,26,-845
-586,30,-844
-583,33,-842
-602,31,-839
-602,31,-839
-592,28,-840
-592,28,-841
-587,28,-841
-588,28,-840
-588,28,-838
-590,23,-843
-589,31,-844
-586,30,-842
-588,30,-843
-586,31,-838
-586,34,-844
-588,34,-820
-588,34,-820
-606,21,-840
-601,30,-839
-588,30,-848
-585,30,-849
-578,30,-836
-590,30,-819
-590,30,-819
-590,30,-819
-590,30,-819
-590,30,-819
-590,30,-819
-590,30,-819
-590,30,-819
-590,30,-819
-590,30,-819
-590,30,-819
-590,30,-819
-590,30,-819
-590,30,-819
-590,30,-819
-590,30,-819
-590,30,-819
-590,30,-819
-590,30,-819
-590,30,-819
-590,30,-819
-590,30,-819
-590,30,-819
-590,30,-819
-590,30,-819
-590,30,-819
-590,30,-819
-590,30,-819
-590,30,-819
-590,30,-819
-589,4,-829
-589,4,-832
-594,5,-844
-590,5,-848
-597,5,-849
-580,5,-848
-584,4,-844
-588,4,-848
-579,4,-844
-579,4,-835
-588,4,-835
-593,4,-844
-595,4,-842
-599,3,-843
-592,18,-820
-590,4,-834
-590,4,-834
-590,4,-834
-580,4,-838
-579,5,-848
-580,5,-841
-582,5,-845
-584,5,-847
-587,5,-844
-590,5,-845
-594,5,-846
-594,5,-845
-599,4,-846
-599,4,-842
-600,4,-836
-584,5,-837
-576,4,-832
-584,4,-828
-596,4,-837
-593,4,-836
-586,4,-833
-582,4,-833
-582,4,-832
-582,4,-832
-601,19,-822
-589,4,-825
-588,5,-835
-594,5,-835
-597,5,-834
-595,5,-833
-593,4,-830
-598,4,-829
-584,4,-826
-586,4,-829
-598,5,-828
-597,4,-827
-583,5,-830
-579,29,-807
-596,29,-811
-596,29,-811
-578,4,-827
-578,5,-827
-579,8,-828
-579,4,-826
-600,8,-828
-598,5,-832
-589,8,-819
-599,10,-827
-599,10,-827
-582,8,-835
-583,5,-835
-579,5,-837
-567,7,-839
-576,6,-837
-600,5,-831
-600,5,-831
-600,5,-831
-600,5,-831
-600,5,-831
-600,5,-831
-600,32,-794
-620,56,-761
-601,22,-810
-590,6,-808
-583,2,-795
-585,2,-798
-570,21,-828
-577,3,-806
-572,4,-810
-571,4,-811
-584,3,-776
-586,5,-769
-586,5,-773
-603,4,-821
-689,2,-858
-701,2,-863
-728,5,-838
-599,40,-775
-628,32,-726
-630,34,-739
-630,34,-738
-630,34,-738
-630,34,-738
-630,34,-738
-631,34,-739
-630,34,-740
-630,34,-740
-630,34,-740
-630,34,-740
-630,34,-740
-630,34,-740
-630,34,-740
-630,34,-740
-630,34,-740
-630,34,-739
-630,34,-739
-630,34,-739
-636,34,-739
-631,34,-739
-632,34,-739
-632,34,-739
-631,34,-739
-634,34,-740
-633,34,-740
-628,36,-759
-628,36,-761
-644,36,-767
-646,36,-764
-648,28,-757
-625,1,-754
-629,1,-772
-618,1,-768
-648,40,-757
-639,35,-751
-634,36,-780
-634,36,-780
-542,29,-767
-524,30,-679
-528,30,-654
-539,1,-701
-573,1,-748
-560,27,-795
-573,27,-814
-598,27,-826
-559,27,-831
-458,14,-782
-476,14,-775
-595,25,-732
1803,19,-1986
1858,18,-1931
1858,18,-1931
1846,30,-1868
1750,22,-1967
1748,-2,-1975
-630,36,-760
-629,36,-760
-575,5,-822
-573,6,-844
-562,6,-843
-562,6,-843
27078,-30373,1034
27563,-30879,1077
27497,-30889,1015
27516,-30857,1031
27516,-30857,1031
27516,-30857,1031
27516,-30857,1031
27516,-30857,1031
27530,-30904,1033
-632,43,-777
-552,2,-797
-352,8,-868
-352,8,-868
-352,8,-868
-352,8,-868
-352,8,-868
-352,8,-868
-345,8,-863
-376,9,-823
-471,33,-735
-308,33,-734
-208,33,-815
-208,33,-893
-83,33,-955
69,33,-955
279,33,-953
339,10,-939
340,2,-973
262,33,-955
73,33,-954
-130,33,-954
-207,33,-822
-314,33,-736
-387,33,-733
-558,33,-734
-654,36,-762
-643,36,-763
-643,36,-763
-643,36,-762
-643,36,-764
-643,36,-764
-643,36,-764
-643,36,-764
-645,36,-769
-645,36,-775
-634,36,-773
-634,36,-773
-638,36,-774
-626,36,-827
-594,36,-825
-542,14,-789
-527,2,-777
-548,4,-708
-548,4,-708
-547,4,-708
-551,4,-708
-554,4,-707
-553,5,-724
-551,5,-718
-547,4,-709
-551,4,-708
-556,5,-708
-547,4,-708
-547,4,-708
-536,6,-709
-536,6,-709
-536,6,-709
-536,6,-709
-557,6,-709
-554,6,-704
-533,6,-709
-555,6,-708
-541,6,-680
-520,6,-704
-533,6,-703
-525,6,-695
-525,6,-695
-541,6,-705
-546,6,-710
-561,48,-756
-547,48,-770
-547,48,-770
-547,48,-770
-547,48,-770
-547,48,-770
-547,48,-770
-547,48,-770
-547,48,-770
-547,48,-770
-548,48,-726
-546,48,-755
-556,48,-802
-556,48,-802
-556,48,-802
-556,48,-802
-556,48,-802
-556,48,-802
-556,48,-802
-556,48,-802
-556,48,-802
-556,48,-802
-556,48,-802
-556,48,-802
-556,48,-802
-556,48,-802
-556,48,-802
-556,48,-802
-556,48,-802
-556,48,-802
-486,35,-778
-507,96,-871
-509,96,-869
-509,96,-869
-509,96,-869
-509,96,-869
-509,96,-869
-509,96,-869
-509,96,-869
-509,96,-869
-509,96,-869
-509,96,-869
-509,96,-869
-509,96,-869
-509,96,-869
-509,96,-869
-509,96,-869
-509,96,-869
-509,96,-869
-509,96,-869
-509,96,-869
-509,96,-869
-509,96,-869
-555,25,-826
-614,35,-746
-619,35,-745
-619,35,-745
-619,35,-745
-619,35,-745
-626,35,-747
-626,35,-747
-625,35,-749
-625,36,-749
-625,37,-749
-624,38,-748
-617,37,-749
-632,40,-748
-630,40,-747
-622,40,-751
-630,40,-749
-626,41,-745
-621,41,-747
-627,41,-757
-627,39,-749
-627,42,-748
-627,42,-748
-628,41,-748
-628,41,-747
-630,39,-743
-628,39,-752
-635,39,-762
-635,39,-762
-630,37,-750
-630,35,-749
-628,35,-748
-628,35,-748
-634,45,-756
-615,45,-709
-635,45,-740
-643,45,-747
-580,45,-802
-580,45,-802
-580,45,-802
-580,45,-802
-580,45,-802
-580,45,-802
-580,45,-802
-580,45,-802
-650,45,-829
-655,45,-800
-655,45,-800
-655,45,-800
-655,45,-800
-655,45,-800
-655,45,-800
-655,45,-800
-655,45,-800
-655,45,-800
-655,45,-800
-655,45,-800
-655,45,-800
-655,45,-800
-655,45,-800
-655,45,-800
-655,45,-800
-655,45,-800
-655,45,-800
-655,45,-800
-646,2,-821
-646,2,-821
-646,2,-821
-646,2,-821
-644,2,-819
-631,2,-821
-618,2,-821
-618,2,-821
-618,2,-821
-618,2,-821
-635,2,-822
-635,2,-822
-635,2,-822
-695,8,-865
-700,8,-864
-697,8,-861
-704,2,-862
-695,2,-866
-695,2,-865
-695,2,-864
-695,2,-865
-697,2,-863
-698,2,-863
-698,2,-864
-698,2,-863
-697,2,-863
-695,2,-860
-695,2,-859
-694,2,-859
-693,2,-861
-693,2,-861
-695,2,-862
-694,2,-862
-694,2,-861
-695,2,-860
-695,2,-861
-700,2,-861
-696,2,-860
-695,2,-860
-695,2,-863
-698,2,-866
-698,2,-866
-697,2,-863
-698,2,-862
-696,2,-860
-693,2,-859
-698,2,-863
-696,2,-863
-695,2,-866
-694,2,-863
-695,2,-862
-699,2,-867
-699,2,-867
-692,2,-868
-691,3,-867
-691,3,-867
-693,2,-865
-605,21,-854
-488,19,-840
-324,14,-864
-335,7,-881
-256,7,-888
-306,7,-870
-306,7,-870
-306,7,-870
-306,7,-870
-306,7,-870
-306,9,-870
-313,9,-881
-315,7,-879
-310,7,-883
-310,7,-882
-310,7,-882
-310,7,-879
-293,9,-872
-335,7,-882
-628,25,-791
-467,4,-825
-461,2,-718
-572,10,-771
-646,2,-826
-642,2,-822
-642,2,-822
-642,2,-822
-642,2,-822
-642,2,-822
-642,2,-822
-636,2,-822
-649,2,-828
-654,2,-834
-657,3,-838
-665,2,-834
-657,2,-833
-650,2,-830
-633,2,-822
-633,2,-822
-633,2,-822
-633,2,-822
-647,2,-827
-617,49,-732
-623,45,-772
-646,32,-804
0,-1,0
-645,49,-760
-645,49,-760
-645,49,-760
-645,49,-760
-645,49,-760
-645,49,-760
-645,49,-760
-645,49,-760
-645,49,-760
-645,49,-760
-645,49,-760
-645,49,-760
-645,49,-760
-645,49,-760
-645,49,-760
-645,50,-760
-645,50,-760
-645,50,-760
-645,50,-760
-645,50,-760
-645,50,-760
-645,50,-760
-645,50,-760
-645,50,-760
-645,50,-760
-645,50,-760
-645,50,-760
-645,50,-760
-645,50,-760
-645,50,-760
-645,50,-760
-645,50,-760
-645,50,-760
-645,50,-760
-645,50,-760
-645,50,-760
-645,50,-760
-645,50,-760
-645,50,-760
-645,50,-760
-645,50,-760
-645,50,-760
-645,50,-760
-645,50,-760
-645,50,-760
-645,50,-760
-645,50,-760
-645,50,-760
-645,50,-760
-645,50,-760
-645,50,-760
-645,50,-760
-645,50,-760
-645,50,-760
-645,50,-760
-645,50,-760
-645,50,-760
-645,50,-760
-645,50,-760
-645,50,-760
-645,50,-760
-645,50,-760
-645,50,-760
-645,50,-760
-645,50,-760
-645,50,-760
-645,50,-760
-645,50,-760
-645,50,-760
-645,50,-760
-645,50,-760
-645,50,-760
-645,50,-760
-645,50,-760
-645,50,-760
-645,50,-760
-645,50,-760
-645,50,-760
-645,50,-760
-645,50,-760
-645,50,-760
-645,50,-760
-645,50,-760
-645,50,-760
-645,50,-760
-645,50,-760
-645,50,-760
-645,50,-760
-645,50,-760
-645,50,-760
-645,50,-760
-645,50,-760
-645,50,-760
-645,50,-760
-645,50,-760
-645,50,-760
-645,50,-760
-645,50,-760
-645,50,-760
-645,50,-760
-645,50,-760
-645,50,-760
-645,50,-760
-645,50,-760
-645,50,-760
-645,50,-760
-645,50,-760
-645,50,-760
-645,50,-760
-645,50,-760
-645,50,-760
-645,50,-760
-645,50,-760
-645,50,-760
-645,50,-760
-645,50,-760
-645,50,-760
-645,50,-760
-645,50,-760
-645,50,-760
-645,50,-760
-645,50,-760
-645,50,-760
-645,50,-760
-645,50,-760
-645,50,-760
-645,50,-760
-645,50,-760
-645,50,-760
-645,50,-760
-645,50,-760
-645,50,-760
-645,50,-760
-645,50,-760
-645,50,-760
-645,50,-760
-645,50,-760
-645,50,-760
-645,50,-760
-645,50,-760
-645,50,-760
-645,50,-760
-645,50,-760
-645,50,-760
-645,50,-760
-645,50,-760
-645,50,-760
-645,50,-760
-645,50,-760
-645,50,-760
-645,50,-760
-645,50,-760
-645,50,-760
-645,50,-760
-645,50,-760
-645,50,-760
-645,50,-760
-645,50,-760
-645,50,-760
-645,50,-760
-645,50,-760
-645,50,-760
-645,50,-760
-645,50,-760
-645,50,-760
-645,50,-760
-645,50,-760
-645,50,-760
-645,50,-760
-645,50,-760
-645,50,-760
-645,50,-760
-645,50,-760
-645,50,-760
-645,50,-760
-645,50,-760
-645,50,-760
-645,50,-760
-645,50,-760
-645,50,-760
-645,50,-760
-645,50,-760
-645,50,-760
-645,50,-760
-645,50,-760
-645,50,-760
-645,50,-760
-645,50,-760
-645,50,-760
-645,50,-760
-645,50,-760
-645,50,-760
-645,50,-760
-645,50,-760
-645,50,-760
-645,50,-760
-645,50,-760
-645,50,-760
-645,50,-760
-645,50,-760
-645,50,-760
-645,50,-760
-645,50,-760
-645,50,-760
-645,50,-760
-645,50,-760
-645,50,-760
-645,50,-760
-645,50,-760
-645,50,-760
-645,50,-760
-645,50,-760
-645,50,-760
-645,50,-760
-645,50,-760
-645,50,-760
-645,50,-760
-645,50,-760
-645,50,-760
-645,50,-760
-645,50,-760
-645,50,-760
-645,50,-760
-645,50,-760
-645,50,-760
-645,50,-760
-645,50,-760
-645,50,-760
-645,50,-760
-645,50,-760
-645,50,-760
-645,50,-760
-645,50,-760
-645,50,-760
-645,50,-760
-645,50,-760
-645,50,-760
-645,50,-760
-645,50,-760
-645,50,-760
-645,50,-760
-645,50,-760
-645,50,-760
-645,50,-760
-645,50,-760
-645,50,-760
-645,50,-760
-645,50,-760
-645,50,-760
-645,50,-760
-645,50,-760
-645,50,-760
-645,50,-760
-645,50,-760
-645,50,-760
-645,50,-760
-645,50,-760
-645,50,-760
-645,50,-760
-645,50,-760
-645,50,-760
-645,50,-760
-645,50,-760
-645,50,-760
-645,50,-760
-645,50,-760
-645,50,-760
-645,50,-760
-645,50,-760
-645,50,-760
-645,50,-760
-645,50,-760
-645,50,-760
-645,50,-760
-645,50,-760
-645,50,-760
-645,50,-760
-645,50,-760
-645,50,-760
-645,50,-760
-645,50,-760
-645,50,-760
-645,50,-760
-645,50,-760
-645,50,-760
-645,50,-760
-645,50,-760
-645,50,-760
-645,50,-760
-645,50,-760
-645,50,-760
-645,50,-760
-645,50,-760
-645,50,-760
-645,50,-760
-645,50,-760
-645,50,-760
-645,50,-760
-645,50,-760
-645,50,-760
-645,50,-760
-645,50,-760
-645,50,-760
-645,50,-760
-645,50,-760
-645,50,-760
-645,50,-760
-645,50,-760
-645,50,-760
-645,50,-760
-645,50,-760
-645,50,-760
-645,50,-760
-645,50,-760
-645,50,-760
-645,50,-760
-645,50,-760
-645,50,-760
-645,50,-760
-645,50,-760
-645,50,-760
-645,50,-760
-645,50,-760
-645,50,-760
-645,50,-760
-645,50,-760
-645,50,-760
-645,50,-760
-645,50,-760
-645,50,-760
-645,50,-760
-645,50,-760
-645,50,-760
-645,50,-760
-645,50,-760
-645,50,-760
-645,50,-760
-645,50,-760
-645,50,-760
-645,50,-760
-645,50,-760
-645,50,-760
-645,50,-760
-645,50,-760
-645,50,-760
-645,50,-760
-645,50,-760
-645,50,-760
-645,50,-760
-645,50,-760
-645,50,-760
-645,50,-760
-645,50,-760
-645,50,-760
-645,50,-760
-645,50,-760
-645,50,-760
-645,50,-760
-645,50,-760
-645,50,-760
-645,50,-760
-645,50,-760
-645,50,-760
-645,50,-760
-645,50,-760
-645,50,-760
-645,50,-760
-645,50,-760
-645,50,-760
-645,50,-760
-645,50,-760
-645,50,-760
-645,50,-760
-645,50,-760
-645,50,-760
-645,50,-760
-645,50,-760
-645,50,-760
-645,50,-760
-645,50,-760
-645,50,-760
-645,50,-760
-645,50,-760
-645,50,-760
-645,50,-760
-645,50,-760
-645,50,-760
-645,50,-760
-645,50,-760
-645,50,-760
-645,50,-760
-645,50,-760
-645,50,-760
-645,50,-760
-645,50,-760
-645,50,-760
-645,50,-760
-645,50,-760
-645,50,-760
-645,50,-760
-645,50,-760
-645,50,-760
-645,50,-760
-645,50,-760
-645,50,-760
-645,50,-760
-645,50,-760
-645,50,-760
-645,50,-760
-645,50,-760
-645,50,-760
-645,50,-760
-645,50,-760
-645,50,-760
-645,50,-760
-645,50,-760
-645,50,-760
-645,50,-760
-645,50,-760
-645,50,-760
-645,50,-760
-645,50,-760
-645,50,-760
-645,50,-760
-645,50,-760
-645,50,-760
-645,50,-760
-645,50,-760
-645,50,-760
-645,50,-760
-645,50,-760
-645,50,-760
-645,50,-760
-645,50,-760
-645,50,-760
-645,50,-760
-645,50,-760
-645,50,-760
-645,50,-760
-645,50,-760
-645,50,-760
-645,50,-760
-645,50,-760
-645,50,-760
-645,50,-760
-645,50,-760
-645,50,-760
-645,50,-760
-645,50,-760
-645,50,-760
-645,50,-760
-645,50,-760
-645,50,-760
-645,50,-760
-645,50,-760
-645,50,-760
-645,50,-760
-645,50,-760
-645,50,-760
-645,50,-760
-645,50,-760
-645,50,-760
-645,50,-760
-645,50,-760
-645,50,-760
-645,50,-760
-645,50,-760
-645,50,-760
-645,50,-760
-645,50,-760
-645,50,-760
-645,50,-760
-645,50,-760
-645,50,-760
-645,50,-760
-645,50,-760
-645,50,-760
-645,50,-760
-645,50,-760
-645,50,-760
-645,50,-760
-645,50,-760
-645,50,-760
-645,50,-760
-645,50,-760
-645,50,-760
-645,50,-760
-645,50,-760
-645,50,-760
-645,50,-760
-645,50,-760
-645,50,-760
-645,50,-760
-645,50,-760
-645,50,-760
-645,50,-760
-645,50,-760
-645,50,-760
-645,50,-760
-645,50,-760
-645,50,-760
-645,50,-760
-645,50,-760
-645,50,-760
-645,50,-760
-645,50,-760
-645,50,-760
-645,50,-760
-645,50,-760
-645,50,-760
-645,50,-760
-645,50,-760
-645,50,-760
-645,50,-760
-645,50,-760
-645,50,-760
-645,50,-760
-645,50,-760
-645,50,-760
-645,50,-760
-645,50,-760
-645,50,-760
-645,50,-760
-645,50,-760
-645,50,-760
-645,50,-760
-645,50,-760
-645,50,-760
-645,50,-760
-645,50,-760
-645,50,-760
-645,50,-760
-645,50,-760
-645,50,-760
-645,50,-760
-645,50,-760
-645,50,-760
-645,50,-760
-645,50,-760
-645,50,-760
-645,50,-760
-645,50,-760
-645,50,-760
-645,50,-760
-645,50,-760
-645,50,-760
-645,50,-760
-645,50,-760
-645,50,-760
-645,50,-760
-645,50,-760
-645,50,-760
-645,50,-760
-645,50,-760
-645,50,-760
-645,50,-760
-645,50,-760
-645,50,-760
-645,50,-760
-645,50,-760
-645,50,-760
-645,50,-760
-645,50,-760
-645,50,-760
-645,50,-760
-645,50,-760
-645,50,-760
-645,50,-760
-645,50,-760
-645,50,-760
-645,50,-760
-645,50,-760
-645,50,-760
-645,50,-760
-645,50,-760
-645,50,-760
-645,50,-760
-645,50,-760
-645,50,-760
-645,50,-760
-645,50,-760
-645,50,-760
-645,50,-760
-645,50,-760
-645,50,-760
-645,50,-760
-645,50,-760
-645,50,-760
-645,50,-760
-645,50,-760
-645,50,-760
-645,50,-760
-645,50,-760
-645,50,-760
-645,50,-760
-645,50,-760
-645,50,-760
-645,50,-760
-645,50,-760
-645,50,-760
-645,50,-760
-645,50,-760
-645,50,-760
-645,50,-760
-645,50,-760
-645,50,-760
-645,50,-760
-645,50,-760
-645,50,-760
-645,50,-760
-645,50,-760
-645,50,-760
-645,50,-760
-645,50,-760
-645,50,-760
-645,50,-760
-645,50,-760
-645,50,-760
-645,50,-760
-645,50,-760
-645,50,-760
-645,50,-760
-645,50,-760
-645,50,-760
-645,50,-760
-645,50,-760
-645,50,-760
-645,50,-760
-645,50,-760
-645,50,-760
-645,50,-760
-645,50,-760
-645,50,-760
-645,50,-760
-645,50,-760
-645,50,-760
-645,50,-760
-645,50,-760
-645,50,-760
-645,50,-760
-645,50,-760
-645,50,-760
-645,50,-760
-645,50,-760
-645,50,-760
-645,50,-760
-645,50,-760
-645,50,-760
-645,50,-760
-645,50,-760
-645,50,-760
-645,50,-760
-645,50,-760
-645,50,-760
-645,50,-760
-645,50,-760
-645,50,-760
-645,50,-760
-645,50,-760
-645,50,-760
-645,50,-760
-645,50,-760
-645,50,-760
-645,50,-760
-645,50,-760
-645,50,-760
-645,50,-760
-645,50,-760
-645,50,-760
-645,50,-760
-645,50,-760
-645,50,-760
-645,50,-760
-645,50,-760
-645,50,-760
-645,50,-760
-645,50,-760
-645,50,-760
-645,50,-760
-645,50,-760
-645,50,-760
-645,50,-760
-645,50,-760
-645,50,-760
-645,50,-760
-645,50,-760
-645,50,-760
-645,50,-760
-645,50,-760
-645,50,-760
-645,50,-760
-645,50,-760
-645,50,-760
-645,50,-760
-645,50,-760
-645,50,-760
-645,50,-760
-645,50,-760
-645,50,-760
-645,50,-760
-645,50,-760
-645,50,-760
-645,50,-760
-645,50,-760
-645,50,-760
-645,50,-760
-645,50,-760
-645,50,-760
-645,50,-760
-645,50,-760
-645,50,-760
-645,50,-760
-645,50,-760
-645,50,-760
-645,50,-760
-645,50,-760
-645,50,-760
-645,50,-760
-645,50,-760
-645,50,-760
-645,50,-760
-645,50,-760
-645,50,-760
-645,50,-760
-645,50,-760
-645,50,-760
-645,50,-760
-645,50,-760
-645,50,-760
-645,50,-760
-645,50,-760
-645,50,-760
-645,50,-760
-645,50,-760
-645,50,-760
-645,50,-760
-645,50,-760
-645,50,-760
-645,50,-760
-645,50,-760
-645,50,-760
-645,50,-760
-645,50,-760
-645,50,-760
-645,50,-760
-645,50,-760
-645,50,-760
-645,50,-760
-645,50,-760
-645,50,-760
-645,50,-760
-645,50,-760
-645,50,-760
-645,50,-760
-645,50,-760
-645,50,-760
-645,50,-760
-645,50,-760
-645,50,-760
-645,50,-760
-645,50,-760
-645,50,-760
-645,50,-760
-645,50,-760
-645,50,-760
-645,50,-760
-645,50,-760
-645,50,-760
-645,50,-760
-645,50,-760
-645,50,-760
-645,50,-760
-645,50,-760
-645,50,-760
-645,50,-760
-645,50,-760
-644,50,-768
-644,50,-768
-644,50,-768
-644,50,-768
-644,50,-768
-644,50,-768
-644,50,-768
-644,50,-768
-644,50,-768
-644,50,-768
-644,50,-768
-644,50,-768
-644,50,-768
-644,50,-768
-644,50,-768
-644,50,-768
-644,50,-768
-644,50,-768
-644,50,-768
-644,50,-768
-644,50,-768
-644,50,-768
-644,50,-768
-644,50,-768
-644,50,-768
-644,50,-768
-644,50,-768
-644,50,-768
-644,50,-768
-644,50,-768
-644,50,-768
-644,50,-768
-644,50,-768
-644,50,-768
-644,50,-768
-644,50,-768
-644,50,-768
-644,50,-768
-644,50,-768
-644,50,-768
-644,50,-768
-644,50,-768
-644,50,-768
-644,50,-768
-644,50,-768
-644,50,-768
-644,50,-768
-644,50,-768
-644,50,-768
-644,50,-768
-644,50,-768
-644,50,-768
-644,50,-768
-644,50,-768
-644,50,-768
-644,50,-768
-644,50,-768
-644,50,-768
-644,50,-768
-644,50,-768
-644,50,-768
-644,50,-768
-644,50,-768
-644,50,-768
-644,50,-768
-644,50,-768
-644,50,-768
-644,50,-768
-644,50,-768
-644,50,-768
-644,50,-768
-644,50,-768
-644,50,-768
-644,50,-768
-644,50,-768
-644,50,-768
-644,50,-768
-644,50,-768
-644,50,-768
-644,50,-768
-644,50,-768
-644,50,-768
-644,50,-768
-644,50,-768
-644,50,-768
-644,50,-768
-644,50,-768
-644,50,-768
-644,50,-768
-644,50,-768
-644,50,-768
-644,50,-768
-644,50,-768
-644,50,-768
-644,50,-768
-644,50,-768
-644,50,-768
-644,50,-768
-644,50,-768
-644,50,-768
-644,50,-768
-644,50,-768
-644,50,-768
-644,50,-768
-644,50,-768
-644,50,-768
-644,50,-768
-644,50,-768
-644,50,-768
-644,50,-768
-644,50,-768
-644,50,-768
-644,50,-768
-644,50,-768
-644,50,-768
-644,50,-768
-644,50,-768
-644,50,-768
-644,50,-768
-644,50,-768
-644,50,-768
-644,50,-768
-644,50,-768
-644,50,-768
-644,50,-768
-644,50,-768
-644,50,-768
-644,50,-768
-644,50,-768
-644,50,-768
-644,50,-768
-644,50,-768
-644,50,-768
-644,50,-768
-644,50,-768
-644,50,-768
-644,50,-768
-644,50,-768
-644,50,-768
-644,50,-768
-644,50,-768
-644,50,-768
-644,50,-768
-644,50,-768
-644,50,-768
-644,50,-768
-644,50,-768
-644,50,-768
-644,50,-768
-644,50,-768
-644,50,-768
-644,50,-768
-644,50,-768
-644,50,-768
-644,50,-768
-644,50,-768
-644,50,-768
-644,50,-768
-644,50,-768
-644,50,-768
-644,50,-768
-644,50,-768
-644,50,-768
-644,50,-768
-644,50,-768
-644,50,-768
-644,50,-768
-644,50,-768
-644,50,-768
-644,50,-768
-644,50,-768
-644,50,-768
-644,50,-768
-644,50,-768
-644,50,-768
-644,50,-768
-644,50,-768
-644,50,-768
-644,50,-768
-644,50,-768
-644,50,-768
-644,50,-768
-644,50,-768
-644,50,-768
-644,50,-768
-644,50,-768
-644,50,-768
-644,50,-768
-644,50,-768
-644,50,-768
-644,50,-768
-644,50,-768
-644,50,-768
-644,50,-768
-644,50,-768
-644,50,-768
-644,50,-768
-644,50,-768
-644,50,-768
-644,50,-768
-644,50,-768
-644,50,-768
-644,50,-768
-644,50,-768
-644,50,-768
-644,50,-768
-644,50,-768
-644,50,-768
-644,50,-768
-644,50,-768
-644,50,-768
-644,50,-768
-644,50,-768
-644,50,-768
-644,50,-768
-644,50,-768
-644,50,-768
-644,50,-768
-644,50,-768
-644,50,-768
-644,50,-768
-644,50,-768
-644,50,-768
-644,50,-768
-644,50,-768
-644,50,-768
-644,50,-768
-644,50,-768
-644,50,-768
-644,50,-768
-644,50,-768
-644,50,-768
-644,50,-768
-644,50,-768
-644,50,-768
-644,50,-768
-644,50,-768
-644,50,-768
-644,50,-768
-644,50,-768
-644,50,-768
-644,50,-768
-644,50,-768
-644,50,-768
-644,50,-768
-644,50,-768
-644,50,-768
-644,50,-768
-644,50,-768
-644,50,-768
-644,50,-768
-644,50,-768
-644,50,-768
-644,50,-768
-644,50,-768
-644,50,-768
-644,50,-768
-644,50,-768
-644,50,-768
-644,50,-768
-644,50,-768
-644,50,-768
-644,50,-768
-644,50,-768
-644,50,-768
-644,50,-768
-644,50,-768
-644,50,-768
-644,50,-768
-644,50,-768
-644,50,-768
-644,50,-768
-644,50,-768
-644,50,-768
-644,50,-768
-644,50,-768
-644,50,-768
-644,50,-768
-644,50,-768
-644,50,-768
-644,50,-768
-644,50,-768
-644,50,-768
-644,50,-768
-644,50,-768
-644,50,-768
-644,50,-768
-644,50,-768
-644,50,-768
-644,50,-768
-644,50,-768
-644,50,-768
-644,50,-768
-644,50,-768
-644,50,-768
-644,50,-768
-644,51,-768
-351,8,-867
-350,8,-868
-350,8,-868
-350,8,-868
-350,8,-868
-350,8,-868
-350,8,-868
-350,8,-868
-350,8,-868
-350,8,-868
-350,8,-868
-350,8,-868
-350,8,-868
-350,8,-868
-350,8,-868
-350,8,-868
-350,8,-868
-350,8,-868
-350,8,-868
-350,8,-868
-350,8,-869
-350,8,-869
-350,8,-869
-350,8,-869
-350,8,-869
-350,8,-869
-350,8,-869
-350,8,-869
-350,8,-869
-350,8,-869
-350,8,-869
-350,8,-869
-350,8,-869
-350,8,-869
-350,8,-869
-350,8,-869
-350,8,-869
-350,8,-869
-349,8,-868
-349,8,-868
-349,8,-868
-349,8,-868
-349,8,-868
-349,8,-868
-349,8,-868
-349,8,-868
-349,8,-868
-349,8,-868
-349,8,-868
-349,8,-868
-349,8,-868
-349,8,-868
-349,8,-868
-349,8,-868
-349,8,-868
-349,8,-868
-349,8,-868
-349,8,-868
-349,8,-868
-349,8,-868
-349,8,-868
-349,8,-868
-349,8,-868
-349,8,-868
-349,8,-868
-349,8,-868
-350,9,-844
-343,9,-840
-635,44,-761
-635,35,-752
-631,36,-774
-620,18,-785
-638,36,-765
-614,35,-764
-591,36,-752
-577,12,-2018
-562,3,-1998
-562,3,-1998
-562,3,-1998
-562,3,-1998
-562,3,-1998
-562,3,-1998
-562,3,-1998
-562,3,-1998
-565,3,-1994
-565,3,-1994
-630,18,-2013
-443,3,-1864
-443,3,-1864
-443,3,-1864
-651,37,-736
-640,36,-771
-627,33,-787
-539,2,-808
-444,3,-755
-456,3,-689
-457,3,-689
-471,23,-788
-541,8,-833
-542,4,-831
-540,3,-833
-540,4,-832
-539,11,-821
-566,11,-835
-541,3,-776
-531,2,-777
-538,1,-776
-530,1,-770
-531,1,-760
-581,48,-810
-585,28,-811
-585,28,-811
-585,28,-811
-541,5,-831
-537,5,-825
-543,5,-831
-552,2,-805
-523,3,-811
-395,8,-825
-388,12,-837
-483,2,-803
-482,2,-803
-482,2,-805
-481,1,-789
-483,2,-798
-495,2,-802
-536,3,-806
-542,4,-831
-542,4,-831
-544,5,-834
-545,5,-836
-543,5,-836
-541,5,-836
-539,5,-836
-539,5,-836
-537,5,-836
-537,5,-829
-537,5,-825
-545,5,-825
-545,5,-828
-543,5,-831
-543,5,-831
-551,2,-812
-569,2,-800
-573,2,-805
-532,3,-807
-500,3,-812
-481,2,-804
-481,2,-802
-481,2,-802
-484,2,-805
-483,2,-805
-483,2,-804
-481,2,-803
-481,2,-804
-481,2,-803
-475,2,-800
-456,4,-808
-469,3,-807
-469,3,-807
-469,3,-807
-469,3,-807
-469,3,-807
-469,3,-807
-466,3,-806
-465,3,-805
-465,3,-806
-465,3,-803
-461,3,-799
-464,3,-809
-469,3,-801
-470,3,-805
-470,3,-805
-467,3,-808
-467,3,-808
-455,4,-815
-455,4,-815
-455,4,-815
-455,4,-815
-455,4,-815
-455,4,-815
-451,4,-814
-454,4,-808
-454,4,-808
-454,4,-808
-454,4,-808
-454,4,-808
-454,4,-808
-454,4,-808
-454,4,-808
-454,4,-808
-454,4,-808
-460,2,-777
-468,1,-756
-472,4,-748
-472,4,-748
-472,4,-748
-476,4,-730
-476,4,-730
-476,4,-730
-476,4,-730
-476,4,-730
-476,4,-730
-476,4,-730
-480,1,-726
29,2,-1042
47,1,-1040
89,1,-1028
131,1,-1016
172,1,-1004
175,1,-1004
175,1,-1004
175,1,-1004
187,1,-1001
276,16,-977
336,16,-1014
343,16,-1021
345,26,-941
-703,2,-1460
-736,2,-1464
-763,2,-1459
-796,2,-1433
-829,2,-1407
-847,2,-1398
-877,1,-1383
-907,6,-1366
-912,6,-1366
-953,9,-1363
-984,7,-1375
-988,5,-1404
-991,5,-1404
-991,5,-1398
-986,5,-1405
-983,5,-1404
-984,5,-1404
-984,5,-1402
-986,5,-1399
-986,5,-1403
-986,5,-1405
-989,5,-1404
-988,5,-1403
-984,5,-1401
-990,5,-1402
-990,5,-1402
-986,5,-1405
-986,5,-1401
-985,5,-1397
-988,5,-1397
-988,5,-1397
-988,5,-1397
-988,5,-1397
-988,5,-1397
-989,5,-1396
-986,5,-1403
-988,4,-1405
-989,4,-1401
-988,5,-1396
-988,5,-1399
-989,4,-1400
-989,4,-1400
-988,4,-1396
-989,6,-1393
-989,6,-1393
-989,6,-1393
-989,6,-1393
-989,6,-1393
-989,6,-1393
-989,6,-1393
-989,6,-1393
-989,6,-1393
-989,6,-1393
-989,6,-1393
-989,6,-1393
-989,6,-1393
-989,6,-1393
-989,6,-1393
-989,6,-1393
-989,6,-1393
-989,6,-1393
-989,6,-1393
-989,6,-1393
-989,6,-1393
-989,6,-1393
-989,6,-1393
-989,6,-1393
-989,6,-1393
-989,6,-1393
-989,6,-1393
-989,6,-1393
-989,6,-1393
-989,6,-1393
-989,6,-1393
-989,6,-1393
-989,6,-1393
-989,6,-1393
-989,6,-1393
-989,6,-1393
-989,6,-1393
-989,6,-1393
-988,5,-1398
-990,4,-1401
-988,5,-1401
-988,5,-1403
-996,5,-1401
-996,5,-1403
-998,5,-1402
-998,5,-1405
-1001,5,-1402
-1002,5,-1406
-999,5,-1403
-1000,5,-1402
-1004,5,-1403
-998,5,-1403
-1003,5,-1402
-1003,5,-1402
-1003,5,-1402
-1003,5,-1402
-1003,5,-1402
-1003,5,-1402
-1003,5,-1402
-1004,5,-1402
-1003,5,-1398
-1005,5,-1401
-1006,5,-1405
-1005,5,-1394
-997,6,-1393
-992,4,-1403
-995,5,-1402
-989,5,-1393
-989,5,-1393
-989,5,-1393
-989,5,-1393
-989,5,-1393
-989,5,-1393
-989,5,-1393
-989,5,-1393
-988,5,-1397
-988,5,-1397
-988,5,-1397
-988,5,-1397
-986,5,-1402
-987,5,-1401
-988,5,-1399
-987,5,-1397
-986,5,-1403
-986,5,-1401
-996,5,-1402
-987,5,-1403
-987,5,-1403
-987,5,-1403
-987,5,-1403
-987,5,-1403
-988,5,-1403
-988,5,-1403
-988,5,-1403
-988,5,-1403
-988,5,-1403
-988,5,-1403
-988,5,-1403
-988,5,-1403
-988,5,-1403
-988,5,-1403
-988,5,-1403
-988,5,-1403
-988,5,-1403
-988,5,-1403
-988,5,-1403
-988,5,-1403
-988,5,-1403
-988,5,-1403
-987,5,-1403
-987,5,-1403
-987,5,-1403
-987,5,-1403
-987,5,-1403
-987,5,-1398
-988,5,-1394
-988,5,-1397
-987,5,-1401
-987,5,-1401
-997,5,-1402
-996,5,-1402
-989,5,-1403
-987,5,-1404
-987,5,-1404
-987,5,-1404
-987,5,-1404
-987,5,-1404
-987,5,-1404
-987,5,-1404
-987,5,-1404
-987,5,-1404
-987,5,-1404
-987,5,-1404
-987,5,-1404
-989,5,-1401
-990,5,-1400
-990,5,-1400
-990,5,-1400
-990,5,-1400
-990,5,-1400
-990,5,-1400
-990,5,-1400
-986,5,-1402
-987,5,-1402
-987,5,-1402
-987,5,-1402
-987,5,-1402
-987,5,-1402
-987,5,-1402
-958,4,-1404
-958,4,-1404
-957,4,-1405
-957,2,-1409
-958,0,-1409
-958,0,-1409
-958,0,-1409
-959,-1,-1409
-960,-2,-1409
-961,-3,-1409
-961,-3,-1409
-961,-3,-1409
-954,3,-1409
-987,5,-1398
-986,5,-1402
-985,5,-1403
-988,5,-1403
-986,5,-1401
-989,5,-1405
-985,5,-1402
-985,5,-1402
-987,5,-1402
-987,5,-1402
-996,5,-1403
-987,5,-1400
-1002,5,-1386
-1041,5,-1371
-1072,5,-1362
-1072,5,-1362
-1072,5,-1362
-1072,5,-1362
-1072,5,-1362
-1072,5,-1362
-1076,5,-1362
-1079,5,-1361
-1079,5,-1361
-1089,4,-1364
-1080,6,-1336
-1056,9,-1322
-1032,16,-1293
-1022,18,-1276
-1022,18,-1276
-1021,20,-1271
-1023,20,-1253
-1023,20,-1253
-1023,20,-1253
-1023,20,-1253
-1023,20,-1253
-1023,20,-1253
-1023,20,-1253
-1023,20,-1253
-1030,20,-1256
-1064,16,-1248
-1069,16,-1235
-1080,14,-1251
-1085,9,-1269
-1082,-1,-1260
-1080,-1,-1258
-1076,6,-1253
-1066,4,-1255
-1070,4,-1253
-1079,-1,-1264
-1082,-1,-1259
-1091,9,-1270
-1086,-1,-1258
-1093,8,-1269
-1094,8,-1269
-1090,9,-1268
-1077,11,-1271
-1055,16,-1273
-1024,18,-1281
-981,15,-1298
-981,15,-1298
-963,15,-1305
-927,11,-1321
-891,10,-1333
-821,12,-1345
-776,17,-1355
-640,17,-1366
-526,14,-1394
-501,14,-1397
-460,16,-1404
-351,17,-1420
-365,17,-1310
-391,20,-1269
-464,24,-1143
-486,19,-1100
-501,15,-1052
-545,11,-954
-513,5,-912
-475,10,-978
-460,10,-961
-375,15,-993
-375,15,-993
-375,15,-993
-375,15,-993
-375,15,-993
-375,15,-993
-376,15,-994
-385,15,-1001
-385,15,-1001
-385,15,-1001
-385,15,-1001
-385,15,-1001
-381,15,-998
-378,15,-996
-369,14,-964
-419,12,-910
-508,9,-941
-519,13,-1006
-519,13,-1006
-519,13,-1006
-519,13,-1006
-519,13,-1006
-519,13,-1006
-519,13,-1006
-519,13,-1006
-519,13,-1006
-523,12,-992
-447,13,-1034
-321,19,-1085
-320,19,-1083
-320,19,-1083
-320,19,-1083
-321,14,-1129
-315,15,-1135
-309,15,-1135
-322,14,-1129
-286,15,-1076
-313,18,-1096
-313,18,-1096
-348,16,-1046
-445,12,-930
-533,5,-880
-497,4,-860
-344,8,-855
-356,8,-867
-347,8,-864
-347,8,-864
-347,8,-864
-347,8,-864
-347,8,-864
-350,8,-868
-355,8,-867
-349,8,-868
-349,8,-868
-349,8,-868
-349,8,-868
-349,8,-868
-347,8,-863
-349,8,-868
-349,8,-868
-349,8,-868
-349,8,-868
-349,8,-868
-349,8,-868
-349,8,-868
-349,8,-868
-348,8,-867
-357,8,-868
-352,8,-867
-348,8,-868
-348,8,-868
-348,8,-868
-348,8,-868
-348,8,-868
-348,8,-868
-348,8,-868
-348,8,-868
-348,8,-868
-348,8,-868
-348,8,-868
-348,8,-868
-348,8,-868
-348,8,-868
-348,8,-868
-348,8,-868
-348,8,-868
-348,8,-868
-348,8,-868
-348,8,-868
-348,8,-868
-349,8,-868
-349,8,-868
-349,8,-868
-349,8,-868
-349,8,-868
-349,8,-868
-349,8,-868
-349,8,-868
-349,8,-868
-348,8,-868
-348,8,-868
-348,8,-868
-348,8,-868
-348,8,-868
-348,8,-868
-348,8,-868
-348,8,-868
-348,8,-868
-348,8,-868
-348,8,-868
-348,8,-868
-348,8,-868
-348,8,-868
-348,8,-868
-348,8,-868
-348,8,-868
-348,8,-868
-348,8,-868
-348,8,-868
-348,8,-868
-348,8,-868
-348,8,-868
-348,8,-868
-348,8,-868
-348,8,-868
-348,8,-868
-348,8,-868
-348,8,-868
-348,8,-868
-340,10,-843
-463,3,-794
-463,3,-794
-463,3,-794
-463,3,-794
-463,3,-794
-463,3,-794
-459,3,-791
-458,3,-791
-465,2,-791
-468,2,-791
-468,2,-791
-468,2,-791
-468,2,-791
-468,2,-791
-468,2,-791
-468,2,-791
-467,2,-789
-469,2,-793
-465,3,-794
-459,3,-797
-456,3,-795
-458,3,-801
-462,3,-801
-456,3,-797
-451,4,-802
-463,3,-796
-463,3,-800
-464,4,-798
-465,4,-794
-465,4,-794
-465,4,-794
-465,4,-794
-465,4,-793
-465,4,-793
-465,4,-793
-465,4,-793
-460,4,-791
-460,4,-791
-460,4,-791
-460,4,-791
-460,4,-791
-463,4,-793
-460,6,-791
-454,6,-792
-458,5,-793
-459,5,-791
-468,5,-789
-465,5,-790
-465,5,-790
-464,5,-791
-463,5,-793
-463,5,-793
-464,6,-786
-461,6,-786
-461,6,-786
-461,6,-786
-465,4,-802
-459,4,-800
-459,4,-799
-459,5,-796
-467,5,-794
-467,5,-794
-467,5,-794
-467,5,-794
-464,4,-796
-464,4,-798
-459,5,-795
-464,4,-796
-464,4,-798
-463,4,-799
-464,4,-795
-464,4,-795
-464,4,-795
-464,4,-796
-459,4,-795
-462,5,-795
-464,4,-795
-465,4,-795
-464,5,-795
-463,4,-800
-460,3,-798
-459,3,-799
-459,3,-792
-458,4,-791
-458,4,-791
-458,4,-791
-458,4,-794
-458,4,-794
-457,4,-796
-457,4,-796
-457,4,-796
-458,3,-794
-457,3,-795
-457,4,-794
-459,5,-789
-456,5,-795
-467,6,-794
-464,7,-792
-461,8,-798
-461,8,-798
-465,7,-795
-465,7,-795
-464,4,-795
-464,4,-795
-467,5,-794
-468,8,-795
-463,8,-793
-463,7,-793
-464,4,-794
-463,6,-792
-464,8,-793
-465,8,-796
-463,8,-792
-463,8,-797
-465,5,-796
-463,5,-799
-464,6,-797
-464,4,-795
-467,6,-795
-467,6,-795
-465,6,-795
-466,5,-796
-466,5,-795
-465,5,-792
-465,5,-795
-466,5,-795
-466,5,-795
-463,5,-790
-465,6,-795
-467,7,-790
-465,7,-794
-467,7,-794
-467,7,-794
-464,8,-795
-464,8,-795
-464,8,-795
-463,8,-792
-463,8,-792
-463,7,-792
-462,5,-793
-460,5,-793
-461,5,-795
-462,5,-796
-465,6,-786
-465,6,-786
-465,6,-786
-465,6,-786
-465,6,-786
-465,6,-786
-465,6,-786
-465,6,-786
-465,6,-786
-465,6,-786
-465,6,-786
-486,1,-785
-509,1,-767
-462,4,-793
-462,4,-793
-462,4,-793
-462,4,-793
-462,4,-793
-462,4,-793
-462,4,-793
-462,4,-793
-462,4,-793
-462,4,-793
-462,4,-793
-462,4,-793
-462,4,-793
-462,4,-793
-462,4,-793
-462,4,-793
-462,4,-793
-462,4,-793
-462,4,-793
-462,4,-793
-462,4,-793
-462,4,-793
-462,4,-793
-462,4,-793
-462,4,-793
-462,4,-793
-462,4,-793
-462,4,-793
-462,4,-793
-461,4,-795
-461,4,-795
-461,4,-795
-461,4,-795
-461,4,-795
-461,4,-795
-461,4,-795
-461,4,-795
-461,4,-795
-461,4,-795
-461,4,-795
-461,4,-795
-461,4,-795
-461,4,-795
-461,4,-795
-461,4,-795
-461,4,-795
-461,4,-795
-461,4,-795
-461,4,-795
-461,4,-795
-461,4,-795
-463,4,-798
-459,4,-793
-343,3,-595
-458,4,-793
-460,4,-796
-465,4,-796
-465,4,-796
-465,4,-796
-465,4,-796
-465,4,-796
-465,4,-796
-465,4,-796
-465,4,-796
-465,4,-796
-465,4,-796
-465,4,-796
-465,4,-798
-464,4,-794
-460,5,-796
-464,3,-796
-463,4,-798
-463,4,-798
-463,4,-798
-463,4,-798
-463,4,-798
-463,4,-798
-464,4,-796
-463,3,-796
-463,4,-796
-463,4,-796
-463,4,-796
-463,4,-796
-463,4,-797
-459,5,-797
-463,4,-796
-465,4,-795
-465,6,-796
-463,6,-797
-465,6,-795
-464,8,-795
-466,8,-795
-465,8,-790
-463,9,-794
-467,9,-791
-463,9,-793
-467,9,-794
-469,10,-797
-469,10,-797
-469,10,-797
-465,8,-797
-469,8,-797
-465,9,-797
-469,9,-796
-464,4,-798
-465,4,-800
-457,7,-798
-454,8,-791
-459,6,-793
-473,6,-802
-457,6,-795
-487,5,-800
-476,5,-786
-471,5,-797
-471,5,-797
-465,3,-792
-467,3,-791
-467,3,-791
-467,3,-801
-467,3,-801
-467,3,-801
-527,8,-789
-586,7,-836
-568,7,-809
-482,7,-796
-472,7,-789
-472,7,-789
-472,7,-789
-472,7,-789
-472,7,-789
-472,7,-789
-471,7,-787
-471,7,-787
-471,7,-787
-471,7,-787
-471,7,-791
-452,4,-814
-454,3,-797
-459,2,-689
-521,2,-811
-433,5,-834
-347,8,-862
-347,8,-863
-347,8,-863
-347,8,-863
-347,8,-863
-347,8,-863
-323,19,-861
-235,15,-893
1797,13,-2253
1799,14,-2245
1799,14,-2245
1799,14,-2245
1799,13,-2247
1800,18,-2228
1800,19,-2228
1800,19,-2228
1800,19,-2228
1800,19,-2228
1800,19,-2228
1800,19,-2228
1800,19,-2228
1797,15,-2241
1792,12,-2249
1796,16,-2237
-647,36,-777
-635,35,-756
-572,29,-774
-456,8,-727
-454,7,-751
-446,7,-717
-472,4,-659
-502,2,-808
-589,5,-832
-595,14,-817
-640,13,-793
-607,14,-820
-471,14,-770
-471,14,-788
-475,14,-788
-463,9,-793
-462,10,-790
-461,4,-793
-462,8,-793
-468,8,-797
-465,8,-790
-462,8,-793
-460,8,-792
-468,8,-804
-468,8,-804
-461,8,-801
-462,8,-800
-462,8,-803
-479,8,-779
330,2,-1064
-456,4,-809
-456,4,-809
141,7,-704
141,7,-704
141,7,-704
141,7,-704
141,7,-704
141,7,-704
141,7,-704
141,7,-704
141,7,-704
141,7,-704
141,7,-704
141,7,-704
141,7,-704
-621,40,-789
-617,36,-754
-576,8,-765
-565,4,-809
-568,4,-809
-568,4,-809
-568,4,-809
-568,4,-809
-568,4,-809
-568,4,-809
-568,4,-809
-568,4,-809
-568,4,-809
-568,4,-809
-568,4,-809
-568,4,-809
0,-1,0
-591,2,-786
-591,2,-788
-591,2,-788
-591,2,-788
-599,5,-830
-565,4,-810
-532,2,-808
-514,2,-809
-509,3,-814
-493,3,-822
-494,3,-815
-494,3,-815
-494,3,-815
-493,3,-814
-476,3,-810
-455,3,-808
-455,3,-808
-446,3,-756
-432,6,-794
-432,6,-794
-416,7,-812
-393,8,-838
-391,8,-833
-330,8,-864
-278,6,-881
-257,7,-888
-266,7,-902
-262,7,-904
-262,7,-904
-259,7,-901
-259,7,-904
-256,7,-901
-263,8,-868
-283,11,-904
-300,11,-906
-300,11,-906
-300,11,-906
-300,11,-906
-295,11,-905
-299,11,-906
-299,6,-893
-299,6,-893
-299,6,-893
-308,7,-885
-468,3,-806
-382,8,-828
-393,8,-838
-431,5,-791
-535,3,-808
-547,3,-805
-551,2,-795
-547,2,-792
684,-1290,-1060
697,-1290,-1046
724,-1294,-1009
-643,35,-780
-635,36,-779
-635,36,-774
-638,36,-765
-628,36,-762
-628,36,-762
-628,36,-762
-633,35,-752
-631,35,-752
-639,33,-728
-631,34,-739
-632,36,-766
-618,36,-760
-619,36,-759
-649,36,-763
-640,36,-756
-641,36,-776
-645,36,-777
-644,36,-772
-644,36,-772
-643,36,-772
-646,36,-772
-644,36,-771
-644,36,-771
-642,36,-771
-636,36,-775
-643,36,-774
-629,35,-760
-626,36,-764
-638,36,-778
-645,36,-776
-644,36,-777
-607,3,-816
-566,4,-809
-553,5,-870
-552,7,-892
-616,7,-964
-550,8,-910
-530,13,-963
-550,12,-983
-542,15,-1027
-556,15,-1022
-549,14,-1012
-608,18,-974
-619,15,-993
-624,13,-985
-501,16,-937
-471,22,-935
-502,25,-833
-494,25,-824
-494,25,-824
-501,25,-825
