12581,-11274,-521
12581,-11274,-521
12581,-11274,-521
12581,-11274,-521
12581,-11274,-522
12581,-11274,-522
12564,-11272,-532
12519,-11265,-568
12509,-11265,-574
12509,-11265,-574
12509,-11265,-574
12509,-11265,-574
12524,-11266,-583
12548,-11270,-574
12582,-11280,-577
12580,-11284,-571
12580,-11284,-571
12579,-11286,-565
12577,-11288,-562
12581,-11294,-560
12583,-11298,-549
12598,-11299,-550
12598,-11303,-546
12572,-11297,-556
12590,-11289,-575
12616,-11285,-555
12616,-11285,-555
12618,-11286,-555
12618,-11286,-555
12618,-11286,-555
12618,-11286,-555
12617,-11286,-555
12617,-11286,-555
12617,-11286,-555
12617,-11286,-555
12617,-11286,-555
12615,-11285,-556
12617,-11286,-555
12617,-11286,-555
12617,-11286,-555
12617,-11286,-555
12617,-11286,-555
12615,-11285,-556
12618,-11284,-555
12618,-11284,-555
12618,-11284,-555
12617,-11286,-555
12618,-11288,-555
12618,-11288,-555
12588,-11276,-551
12581,-11274,-551
12579,-11276,-552
12573,-11270,-546
12561,-11271,-524
12561,-11269,-522
12561,-11269,-522
12559,-11271,-520
12559,-11271,-520
12561,-11272,-523
12584,-11272,-518
12591,-11268,-505
12597,-11267,-502
12607,-11267,-498
12612,-11273,-501
12617,-11272,-501
12617,-11271,-500
12637,-11274,-505
12643,-11272,-517
12659,-11271,-532
12659,-11281,-553
12668,-11290,-584
12674,-11301,-605
12646,-11286,-580
12641,-11281,-590
12641,-11281,-590
2166,11,2931
2193,20,2945
2190,21,2958
2202,27,2969
2202,27,2969
2175,15,2944
2175,14,2944
2175,14,2944
2175,14,2944
2175,14,2944
2175,14,2944
2205,28,2960
2210,30,2969
2175,14,2944
2175,14,2944
2177,14,2943
2177,14,2943
2177,14,2944
2175,14,2945
-640,36,-775
2160,10,2924
2156,11,2920
2174,13,2944
2174,13,2944
2174,13,2944
2174,13,2944
2200,23,2928
2175,12,2927
2162,17,2855
2143,10,2922
2142,10,2927
2142,10,2927
2142,10,2927
2142,10,2927
2159,1,2956
2164,2,2978
2164,2,2978
2164,2,2979
2164,2,2979
2164,2,2979
2164,2,2979
2166,12,2941
2152,11,2912
2152,11,2912
2152,11,2912
2147,10,2894
2169,11,2921
2155,3,2983
2127,7,2960
2127,7,2960
-643,36,-770
-634,36,-765
-635,36,-766
-635,36,-766
-635,36,-766
-635,36,-766
-635,36,-766
-635,36,-766
-635,36,-766
-635,36,-766
-635,36,-766
-635,36,-766
2170,13,2945
-643,36,-776
-643,36,-776
1800,13,-1912
1803,13,-1911
1796,13,-1909
2184,-1038,-1944
2182,-1038,-1944
9511,-8491,-1024
9512,-8491,-1028
12562,-11269,-552
12562,-11269,-552
12561,-11270,-552
12565,-11285,-550
12584,-11293,-563
12588,-11290,-574
12582,-11294,-561
12569,-11307,-551
12565,-11320,-552
12564,-11328,-537
12571,-11342,-530
12573,-11349,-521
12573,-11349,-521
12573,-11349,-520
12744,-11299,-381
12754,-11299,-386
12759,-11299,-387
12744,-11299,-383
12745,-11327,-399
12715,-11338,-397
12713,-11338,-397
12713,-11338,-397
12713,-11338,-397
12689,-11338,-397
12669,-11338,-397
12697,-11338,-428
12712,-11338,-467
12713,-11367,-475
12713,-11322,-475
12713,-11322,-475
12714,-11329,-472
12714,-11362,-455
12725,-11341,-495
12722,-11341,-531
12720,-11325,-557
12711,-11325,-594
12703,-11325,-603
12707,-11325,-617
12713,-11325,-581
12700,-11325,-544
12681,-11326,-529
12681,-11335,-527
12671,-11335,-520
12658,-11317,-517
12649,-11317,-517
12641,-11323,-513
12602,-11318,-500
12598,-11318,-498
12598,-11318,-498
12598,-11318,-498
12601,-11318,-498
12601,-11318,-498
12625,-11318,-481
12626,-11323,-492
12624,-11318,-475
12643,-11318,-475
12639,-11357,-453
12654,-11394,-427
12684,-11394,-426
12695,-11394,-442
12698,-11384,-453
12698,-11389,-458
12698,-11390,-458
12693,-11390,-449
12701,-11390,-410
12705,-11390,-383
12713,-11390,-342
12714,-11390,-299
12708,-11390,-257
12722,-11390,-216
12728,-11390,-192
12728,-11390,-192
12713,-11354,-166
12711,-11354,-164
12711,-11354,-164
12711,-11354,-164
12709,-11354,-165
12708,-11354,-165
12712,-11354,-171
12698,-11354,-200
12698,-11366,-207
12718,-11366,-228
12729,-11366,-228
12729,-11366,-228
12729,-11366,-228
12730,-11366,-219
12667,-11361,-87
12623,-11292,43
12598,-11292,51
12595,-11308,51
12595,-11308,51
12595,-11308,51
12595,-11308,51
12595,-11303,55
12608,-11300,70
12616,-11296,83
12617,-11301,84
12603,-11314,83
12601,-11309,81
12588,-11313,70
12588,-11313,69
12577,-11313,79
12586,-11313,107
12587,-11317,106
12587,-11317,106
12588,-11303,123
12596,-11303,168
12599,-11303,175
12624,-11303,165
-629,36,-760
-630,36,-763
-634,36,-766
-634,36,-766
-634,36,-766
-634,36,-766
-634,36,-766
-634,36,-766
-634,36,-766
-634,36,-766
-634,36,-766
2175,14,2944
-632,35,-764
-632,35,-774
-635,36,-767
-635,36,-766
-635,36,-766
-635,36,-766
-635,36,-766
-635,35,-766
-634,36,-766
-634,36,-766
-634,36,-766
-634,36,-766
-634,36,-766
-637,36,-766
-636,36,-766
-636,36,-766
-634,36,-766
2172,14,2940
2174,16,2946
2155,11,2935
2163,2,2979
2163,2,2979
2163,2,2979
2163,2,2979
2163,2,2979
2163,2,2979
2163,2,2979
2163,2,2979
2164,2,2978
2162,10,2947
2161,10,2933
2175,14,2945
2175,14,2945
2177,15,2946
2177,15,2946
2177,15,2946
2177,15,2946
2177,15,2946
2194,28,2990
2188,23,3028
2189,23,3029
2184,22,3030
2188,24,3026
2190,23,3029
2177,19,2950
2176,15,2948
2167,10,2928
2165,14,2923
2174,14,2946
2174,14,2946
2174,13,2946
2174,14,2946
2174,14,2946
2174,14,2946
2174,14,2946
2174,14,2946
2174,14,2946
2174,14,2946
2174,14,2946
2203,31,2974
2201,24,2949
2201,24,2949
2202,24,2947
2198,23,2949
2174,14,2945
2174,14,2945
2174,14,2945
2158,11,2913
2172,13,2942
2172,13,2942
2172,13,2942
2172,13,2942
2174,15,2945
2163,2,2979
2164,2,2980
2164,2,2980
2164,2,2980
2164,2,2980
2162,1,2982
2163,2,2983
2163,2,2981
2163,2,2981
2163,2,2981
2175,14,2944
2224,34,2959
2222,53,2996
2220,47,2987
2174,13,2943
2173,13,2942
2173,13,2942
2173,13,2942
2173,13,2942
2173,13,2942
2173,13,2942
2173,13,2942
2182,19,2959
2182,19,2959
2183,19,2957
-648,36,-763
-479,4,-676
-481,4,-674
-493,2,-690
-477,7,-674
12564,-11269,-542
12617,-11283,-749
12643,-11286,-563
12643,-11286,-563
12669,-11291,-587
12671,-11297,-598
12671,-11297,-598
12671,-11297,-598
12677,-11303,-632
12677,-11335,-634
12674,-11354,-628
12675,-11356,-622
12678,-11362,-604
12659,-11369,-584
12657,-11370,-584
12656,-11373,-578
12673,-11406,-617
12682,-11438,-664
12679,-11443,-635
12673,-11439,-627
12669,-11443,-643
12699,-11444,-673
12674,-11443,-640
12676,-11441,-612
12674,-11441,-637
12560,-11268,-541
12567,-11270,-549
12596,-11280,-550
12672,-11281,-546
12683,-11295,-607
12719,-11289,-637
12761,-11321,-675
12789,-11353,-658
12905,-11385,-479
13013,-11416,-392
13035,-11448,-541
13004,-11480,-621
12996,-11492,-625
13073,-11496,-589
13064,-11496,-581
13064,-11496,-581
13060,-11493,-588
13059,-11517,-820
13044,-11523,-903
13040,-11524,-915
13031,-11531,-973
13035,-11531,-1010
13025,-11531,-1038
2175,14,2944
2175,14,2944
13027,-11990,-769
13028,-11990,-768
13028,-11990,-768
13028,-11990,-768
13028,-11990,-768
13028,-11990,-768
13028,-11990,-768
2199,31,2974
2179,11,2948
2177,11,2949
2177,11,2949
-641,36,-779
-642,36,-780
-642,36,-780
-642,36,-780
-642,36,-780
-642,36,-780
-642,36,-780
-644,36,-767
-27345,27,26661
-27348,25,26605
-27391,24,26539
-27451,4,26506
-27462,10,26405
-638,35,-774
5227,-29585,28664
-636,35,-773
5253,-29441,28731
5301,-29440,28734
5357,-29442,28703
5384,-29441,28711
5390,-29440,28713
5387,-29442,28741
5400,-29448,28761
5377,-29451,28772
5370,-29452,28794
5359,-29450,28792
5358,-29449,28788
5347,-29448,28770
5347,-29448,28770
5347,-29448,28770
5336,-29446,28774
5332,-29446,28779
5318,-29442,28804
5320,-29444,28827
5314,-29442,28818
5317,-29443,28816
5321,-29445,28813
5321,-29445,28813
5327,-29447,28820
5336,-29441,28862
5337,-29440,28864
5356,-29440,28851
5372,-29446,28865
5382,-29443,28864
5383,-29443,28848
5383,-29443,28848
5378,-29446,28843
5378,-29446,28843
5378,-29446,28843
5387,-29441,28837
5390,-29447,28817
5407,-29441,28815
5407,-29442,28784
5395,-29448,28759
5402,-29432,28731
5408,-29431,28710
5391,-29441,28703
5336,-29465,28654
5279,-29485,28658
5247,-29468,28628
5264,-29475,28559
5228,-29492,28524
5203,-29471,28496
5216,-29481,28460
5209,-29481,28451
5224,-29483,28447
5231,-29485,28435
5236,-29482,28448
5248,-29505,28499
5245,-29502,28505
5209,-29494,28544
5201,-29501,28566
5201,-29501,28566
5201,-29501,28566
5169,-29518,28595
5155,-29551,28612
5229,-29584,28663
5229,-29585,28664
5229,-29585,28664
5229,-29585,28664
5229,-29585,28664
5261,-29610,28611
5248,-29616,28595
5241,-29614,28585
5241,-29614,28585
5231,-29611,28575
5238,-29612,28577
5273,-29611,28552
5288,-29607,28540
5292,-29605,28528
2175,11,2949
2175,11,2949
2176,11,2949
-632,35,-754
-632,35,-754
-632,35,-754
-632,35,-754
-632,35,-754
-637,36,-765
-637,36,-766
-632,36,-755
-626,38,-753
-598,36,-755
-593,36,-755
-591,36,-752
-591,36,-752
-646,36,-764
-566,4,-811
-590,8,-830
-552,7,-888
-536,5,-876
-551,4,-833
-539,4,-827
-543,11,-828
-545,11,-829
-545,11,-829
-545,11,-829
-547,24,-828
-592,8,-912
-593,8,-919
-595,8,-919
-595,8,-919
-594,7,-917
-593,7,-918
-591,7,-914
-633,11,-882
-627,3,-831
-529,2,-784
-523,2,-738
-544,2,-728
-546,2,-726
-544,2,-726
-545,1,-726
-546,2,-726
-546,1,-727
-546,2,-727
-542,1,-724
-526,2,-761
-531,3,-829
-540,7,-911
-533,8,-925
-543,15,-1023
-581,24,-1095
-582,28,-1096
-592,19,-1040
-569,13,-985
2175,13,2940
2185,16,2931
2175,11,2949
2176,11,2949
2176,11,2949
2177,11,2949
