1610,-157,-2710
1619,-147,-2711
70,22,-11
414,2,1996
-4064,-1486,-3766
-4071,-1487,-3759
-4094,-1490,-3735
-4128,-1495,-3738
-4132,-1499,-3712
-4132,-1499,-3712
-4131,-1505,-3699
-4128,-1508,-3692
-4103,-1508,-3680
-4089,-1516,-3653
-4101,-1523,-3624
-4138,-1532,-3613
-4144,-1537,-3613
-4159,-1548,-3621
-4164,-1554,-3596
-4181,-1554,-3590
-4181,-1554,-3590
-4186,-1553,-3593
-4240,-1553,-3549
-4248,-1560,-3523
-4278,-1563,-3503
-4281,-1562,-3500
-4307,-1558,-3472
-4343,-1555,-3458
-4364,-1544,-3462
-4366,-1544,-3461
-4366,-1533,-3461
-4366,-1525,-3461
-4366,-1522,-3461
-4366,-1543,-3461
-4377,-1543,-3475
-4381,-1543,-3474
-4373,-1544,-3473
-4379,-1544,-3489
-4380,-1545,-3499
-4380,-1545,-3499
-4380,-1545,-3499
-4381,-1546,-3499
-4381,-1546,-3499
-4381,-1546,-3499
-4381,-1546,-3499
-4379,-1545,-3496
-4393,-1542,-3494
-4403,-1542,-3483
-4393,-1542,-3493
-4393,-1542,-3493
-4399,-1542,-3489
-4414,-1545,-3487
-4401,-1543,-3502
-4366,-1548,-3494
-4361,-1548,-3494
-4360,-1548,-3496
-4360,-1548,-3496
-4353,-1546,-3494
-4331,-1550,-3496
-4332,-1549,-3499
-4337,-1550,-3524
-4363,-1550,-3547
-4365,-1550,-3546
-4360,-1550,-3549
-4366,-1550,-3541
-4388,-1549,-3555
-4406,-1549,-3582
-4405,-1551,-3600
-4400,-1549,-3584
-4396,-1548,-3570
-4394,-1548,-3569
-4401,-1548,-3547
-4395,-1551,-3536
-4392,-1549,-3548
-4394,-1548,-3558
-4404,-1547,-3552
-4415,-1548,-3567
-4441,-1546,-3595
-4435,-1546,-3592
-4422,-1549,-3607
-4413,-1549,-3614
-4416,-1549,-3615
-4413,-1549,-3622
-4414,-1549,-3623
-4433,-1550,-3625
-4437,-1559,-3624
-4420,-1566,-3645
-4412,-1567,-3647
-4415,-1568,-3648
-4414,-1571,-3648
-4414,-1571,-3648
-4417,-1566,-3651
-4406,-1564,-3666
-4411,-1564,-3664
-4424,-1564,-3661
-4425,-1564,-3662
-4427,-1565,-3662
-4416,-1566,-3649
-4410,-1565,-3658
-4408,-1566,-3658
-4403,-1565,-3658
-4419,-1565,-3654
-4427,-1560,-3626
-4430,-1559,-3623
-4430,-1560,-3624
-4425,-1566,-3643
-4406,-1565,-3660
-4400,-1563,-3673
-4400,-1561,-3685
-4414,-1561,-3695
-4415,-1561,-3695
-4402,-1561,-3687
-4397,-1560,-3690
-4404,-1561,-3680
-4409,-1561,-3682
-4409,-1562,-3684
-4415,-1562,-3687
-4440,-1563,-3707
-4429,-1562,-3697
-4427,-1561,-3696
-4410,-1562,-3684
-4399,-1563,-3674
-4396,-1568,-3674
-4376,-1574,-3672
-4386,-1575,-3678
-4358,-1592,-3692
-4342,-1589,-3684
-4342,-1588,-3682
-4343,-1591,-3688
-4344,-1589,-3683
-4376,-1592,-3693
-4389,-1592,-3691
-4418,-1588,-3693
-4415,-1588,-3697
-4414,-1587,-3697
65,2,-171
68,2,-160
68,2,-160
66,2,-164
72,3,-169
66,2,-168
71,2,-176
71,2,-176
66,2,-162
66,2,-162
66,2,-166
72,2,-173
74,6,-173
73,3,-172
72,3,-176
72,3,-176
73,3,-172
70,3,-171
70,3,-171
66,3,-169
62,3,-168
64,3,-168
68,3,-161
78,3,-170
71,3,-191
64,3,-193
54,3,-193
54,3,-193
56,3,-186
78,3,-165
76,3,-179
57,3,-186
90,3,-198
106,14,-164
118,21,-134
119,19,-129
119,19,-129
127,19,-120
151,24,-107
118,19,-131
88,5,-161
69,3,-194
48,3,-191
47,3,-192
56,3,-172
59,3,-169
59,3,-169
59,3,-169
59,3,-169
59,3,-169
67,3,-168
66,3,-164
70,3,-177
68,3,-167
66,3,-164
68,3,-184
79,3,-177
79,3,-171
79,3,-170
78,3,-166
67,1,-153
65,4,-139
46,6,-158
46,6,-158
46,6,-158
96,-38,-23
96,-38,-23
96,-38,-9
96,-38,-11
96,-39,-4
93,-38,-10
96,-38,-9
90,-38,-10
86,-38,-11
86,-38,-18
86,-38,-17
85,-38,-28
86,-38,-26
86,-38,-26
86,-38,-26
86,-38,-26
86,-38,-28
86,-38,-28
66,3,-162
66,3,-162
66,3,-162
65,3,-174
74,3,-176
59,8,-169
59,8,-169
60,8,-169
74,5,-174
63,3,-178
66,3,-156
66,3,-166
66,3,-166
72,3,-176
66,8,-165
66,8,-165
71,3,-176
71,3,-173
71,7,-169
67,7,-165
69,3,-171
55,5,-148
47,7,-141
46,8,-136
47,8,-137
48,8,-141
49,8,-136
45,8,-136
46,8,-138
45,8,-146
49,8,-138
46,8,-143
46,8,-136
63,3,-158
72,3,-170
66,3,-163
51,8,-142
48,8,-139
44,8,-137
46,8,-140
44,9,-142
44,9,-142
44,9,-142
44,9,-142
44,9,-142
44,9,-142
44,9,-142
44,9,-142
44,9,-142
44,9,-142
44,9,-142
51,9,-136
51,9,-135
51,9,-135
51,9,-135
50,9,-136
65,3,-166
71,3,-175
68,3,-176
66,8,-165
67,8,-166
67,8,-166
66,8,-169
68,8,-165
67,8,-166
67,8,-166
74,6,-173
54,5,-150
48,9,-144
62,5,-110
70,11,-90
78,13,-70
76,19,-44
82,22,-1
93,22,39
100,23,76
122,22,103
126,12,123
129,12,129
126,12,128
128,12,128
128,12,128
128,12,128
128,12,128
129,12,128
127,12,127
127,12,128
127,12,128
127,12,128
133,12,131
129,12,128
127,12,127
127,12,127
127,12,127
116,12,125
129,12,128
129,12,128
149,12,126
152,12,132
152,12,132
152,12,132
152,12,132
137,12,130
125,12,121
130,12,128
127,12,127
127,12,128
147,12,140
134,12,141
64,3,-174
71,3,-170
71,3,-170
66,3,-164
51,7,-146
50,8,-140
48,7,-143
51,7,-141
48,7,-136
49,7,-136
48,7,-141
47,7,-135
46,7,-145
49,3,-176
48,3,-190
61,3,-187
72,3,-175
72,7,-170
72,7,-170
72,7,-170
72,7,-170
72,7,-170
72,7,-170
72,7,-170
62,7,-174
61,7,-174
61,7,-174
68,7,-170
72,7,-168
72,7,-168
67,7,-166
70,3,-173
51,7,-145
49,6,-130
62,7,-98
83,17,-70
94,20,-58
94,20,-58
94,20,-57
90,21,-19
88,22,10
94,22,41
101,23,77
109,20,98
109,20,98
122,21,106
129,19,128
130,19,129
130,19,129
130,19,129
123,14,128
106,12,123
127,12,126
127,12,126
127,12,126
127,12,126
127,12,126
121,12,126
105,12,125
-3971,-1506,-3925
128,19,130
120,13,141
65,3,-171
1657,3,-2767
1631,2,-2770
1631,2,-2767
1654,3,-2770
70,3,-173
71,3,-170
72,3,-170
72,3,-170
60,3,-172
60,3,-172
65,3,-169
62,7,-178
60,3,-170
71,3,-170
72,3,-177
72,3,-177
72,3,-177
66,3,-162
62,5,-128
76,20,-52
74,21,34
85,12,111
98,12,118
98,12,118
99,12,117
96,12,127
89,20,53
72,21,-26
67,7,-104
66,3,-157
66,3,-164
65,3,-167
60,3,-171
60,3,-171
60,3,-171
60,3,-171
60,3,-171
60,3,-171
60,3,-171
60,3,-171
71,5,-135
86,19,-55
82,23,30
101,14,112
121,12,136
121,12,136
104,12,143
73,3,147
-4029,-1478,-3777
-4048,-1486,-3731
-4021,-1483,-3675
-3971,-1476,-3654
-3921,-1472,-3617
-3865,-1472,-3579
-3845,-1478,-3572
-3845,-1478,-3572
-3845,-1478,-3572
-3845,-1478,-3572
-3838,-1480,-3585
-3838,-1481,-3581
-3838,-1480,-3583
-3844,-1472,-3543
-3855,-1482,-3585
-3876,-1484,-3587
-3900,-1498,-3585
-3901,-1497,-3587
-3901,-1497,-3587
-3901,-1497,-3587
-3901,-1497,-3587
65,2,-171
66,2,-166
44,4,-124
-30,12,-97
-109,22,-91
-120,15,-10
-174,4,54
-249,1,31
-283,6,59
-332,2,52
-335,2,48
-335,2,48
-335,2,48
74,3,-169
71,3,-169
-336,2,44
-364,5,56
-360,5,52
-360,5,52
-360,5,52
60,3,-171
60,3,-171
66,3,-165
65,4,-142
80,20,-63
93,23,21
113,26,90
127,19,129
130,25,126
127,20,130
128,23,128
128,23,128
128,23,128
128,22,129
134,12,155
137,3,234
153,3,319
156,15,377
158,15,456
183,17,504
188,20,504
206,21,585
244,18,656
237,4,718
232,3,800
231,8,885
259,7,960
271,12,972
271,12,972
235,8,982
182,27,1007
164,32,1074
166,23,1138
145,23,1157
160,21,1241
178,20,1320
201,10,1392
226,8,1407
246,8,1480
256,5,1557
265,17,1585
291,9,1620
340,2,1631
372,3,1648
371,10,1723
360,2,1732
362,12,1730
358,17,1733
368,17,1740
359,17,1732
368,6,1730
387,1,1782
409,9,1858
423,10,1932
413,10,1932
414,10,1931
413,10,1930
410,10,1929
412,8,1942
395,4,1974
394,4,1980
402,4,1977
418,1,2045
435,1,2125
453,1,2205
470,1,2286
485,1,2370
502,4,2444
546,10,2506
577,2,2554
592,3,2630
596,0,2701
618,1,2774
631,1,2847
645,1,2927
670,2,2963
680,2,2997
690,3,3079
684,1,3162
701,10,3243
710,12,3309
721,9,3386
718,4,3462
742,4,3541
755,13,3610
750,16,3683
754,13,3745
796,4,3809
827,3,3848
827,3,3848
827,3,3848
841,3,3834
901,5,3889
896,3,3972
936,7,4033
965,15,4056
961,3,4084
953,3,4140
953,3,4142
950,10,4186
944,12,4263
941,16,4298
934,7,4376
911,3,4458
881,4,4523
849,17,4603
848,17,4644
850,17,4648
850,17,4648
850,17,4648
850,17,4648
850,17,4648
844,18,4649
881,21,4625
-379,2,72
2354,-8029,839
-876,2,1189
927,14,4604
2794,-9332,1185
962,6,4585
27938,-30768,1307
758,4,4066
199,2,1984
199,2,1984
500,19,1979
500,19,1978
1135,13,698
1133,13,694
1133,13,694
1133,13,694
1133,13,694
285,5,7
71,3,-166
73,3,-176
61,7,-166
60,3,-173
-377,4,58
-396,2,71
-396,2,71
-396,2,71
-396,2,71
-396,2,71
-406,4,72
-399,9,77
-430,2,11
-429,2,-2
-429,2,-2
75,-5,91
72,5,146
1267,11,464
1288,9,465
1288,9,465
1274,12,462
419,10,1933
406,4,1985
420,2,2019
415,-5,2032
413,1,2018
417,1,1996
430,2,1995
430,2,1996
429,2,1986
433,1,1974
475,9,1933
458,8,1902
505,18,1912
515,17,1911
516,17,1912
516,19,1916
552,9,1876
65,3,-177
67,3,-170
60,3,-174
66,3,-163
43,3,-180
39,3,-183
45,3,-171
51,3,-173
51,3,-173
51,3,-173
51,3,-173
51,3,-173
51,3,-173
51,3,-173
51,3,-173
51,3,-173
51,3,-173
42,3,-183
40,3,-183
43,3,-183
122,15,-176
195,2,-197
210,1,-239
212,2,-258
225,2,-252
219,7,-251
218,2,-258
173,3,-251
118,8,-197
65,3,-166
72,3,-177
63,3,-177
71,7,-167
71,7,-167
71,7,-167
65,3,-170
44,5,-182
77,4,-164
72,3,-170
65,3,-174
65,3,-174
72,3,-172
72,3,-172
66,3,-164
127,5,-203
196,2,-241
227,2,-252
226,2,-251
221,2,-252
218,7,-250
67,3,-173
73,3,-171
64,3,-177
66,3,-164
40,3,-180
40,3,-180
63,3,-192
73,3,-193
48,3,-187
79,3,-191
73,3,-201
69,6,-121
66,19,-43
84,23,20
96,15,103
122,2,175
134,4,229
201,4,261
261,3,297
307,3,332
309,3,331
309,3,331
303,6,362
293,6,367
257,5,386
257,5,386
222,8,428
206,11,434
206,11,434
206,11,434
203,11,438
203,11,438
207,11,434
206,11,436
199,11,437
205,11,436
199,11,437
199,11,437
199,11,437
199,11,437
199,11,437
208,10,437
167,15,434
168,14,435
176,17,426
122,18,434
65,3,-171
66,3,-166
59,7,-98
68,23,-19
78,17,65
96,14,118
95,3,186
91,4,255
94,4,302
95,4,316
91,31,546
76,35,567
62,39,593
40,36,640
40,36,640
40,36,640
40,36,640
40,36,640
36,36,647
64,28,726
71,21,767
109,23,778
126,20,813
96,37,813
55,23,860
45,22,864
35,22,852
32,19,823
32,23,847
-1,38,828
14,20,828
27,25,818
51,22,858
54,22,867
95,19,873
106,17,865
101,18,849
99,36,805
111,28,792
96,25,751
93,33,706
74,37,673
85,36,646
94,36,658
100,26,741
101,24,756
84,20,777
92,24,760
98,24,754
98,25,746
99,33,666
112,30,586
140,19,504
154,14,443
170,16,414
161,13,375
138,8,348
112,10,341
118,9,364
124,5,368
116,9,370
118,10,365
120,9,355
148,3,291
182,6,216
180,2,227
484,-1057,114
477,-1057,114
475,-1060,103
475,-1060,103
475,-1060,103
477,-1057,113
461,-1060,100
458,-1060,105
476,-1060,106
476,-1056,114
476,-1055,114
474,-1060,103
460,-1060,100
460,-1060,100
460,-1060,100
460,-1060,100
460,-1060,100
460,-1060,100
460,-1060,100
460,-1060,100
474,-1060,104
485,-1057,113
464,-1060,100
457,-1060,104
454,-1060,111
464,-1060,98
454,-1060,111
454,-1060,111
475,-1060,104
476,-1057,112
477,-1057,111
477,-1057,111
454,-1060,111
460,-1060,101
464,-1060,98
464,-1060,98
464,-1060,98
463,-1060,99
463,-1060,99
463,-1060,99
463,-1060,99
464,-1060,98
464,-1060,98
461,-1060,99
459,-1060,102
463,-1060,99
128,-166,-128
59,3,-168
59,3,-168
59,3,-168
59,3,-168
59,3,-168
59,3,-168
60,3,-167
66,3,-172
66,3,-172
65,3,-178
65,3,-178
65,3,-178
65,3,-178
66,5,-171
66,5,-171
-85,44,892
-86,44,892
-86,44,887
-84,47,896
-84,49,880
-84,48,886
-92,44,887
-36,29,503
68,3,-174
72,3,-171
72,3,-171
72,3,-171
65,3,-166
72,3,-170
65,3,-143
48,14,-71
53,21,2
74,22,29
84,12,83
81,4,132
-4073,-1487,-3766
-4084,-1505,-3771
-4083,-1513,-3824
-4076,-1517,-3895
-4100,-1512,-3947
-4119,-1506,-3984
-4128,-1509,-3980
-4172,-1506,-3998
-4197,-1509,-4001
-4197,-1509,-4001
-4197,-1509,-4001
-4197,-1509,-4001
-4197,-1509,-4001
-4197,-1509,-4001
-4194,-1508,-4000
-4194,-1508,-4000
-4194,-1508,-4000
-4194,-1508,-4000
-4194,-1508,-4000
-4194,-1508,-4000
-4194,-1508,-4000
65,2,-171
60,3,-169
61,3,-169
72,3,-167
72,3,-167
73,3,-177
72,3,-170
72,3,-170
72,3,-170
72,3,-170
62,3,-168
60,3,-169
61,3,-170
65,3,-170
65,3,-170
63,3,-172
63,3,-174
63,3,-174
63,3,-174
63,3,-174
63,3,-174
72,3,-177
73,3,-170
74,3,-176
74,3,-176
74,3,-176
66,3,-174
65,3,-165
63,3,-162
63,3,-163
63,3,-163
63,3,-163
63,3,-163
63,3,-163
63,3,-163
63,3,-163
65,3,-162
31,9,-141
31,9,-141
31,9,-141
31,9,-141
31,9,-141
31,9,-141
31,9,-141
34,9,-141
37,9,-141
37,9,-141
61,2,-160
61,3,-175
61,3,-175
61,3,-175
65,3,-165
55,5,-121
47,8,-147
47,7,-134
47,7,-134
43,8,-147
56,3,-170
44,6,-159
36,9,-133
40,8,-137
45,9,-146
61,5,-157
66,3,-158
66,3,-151
33,9,-152
41,9,-141
55,5,-129
55,5,-128
55,7,-128
55,5,-128
55,5,-128
-4221,-1533,-3897
-4221,-1533,-3897
-4207,-1531,-3904
-4204,-1530,-3888
-4202,-1531,-3883
-4181,-1534,-3869
-4195,-1549,-3868
-4203,-1550,-3880
-4208,-1551,-3885
-4178,-1539,-3855
-4236,-1531,-3894
-4252,-1532,-3886
-4257,-1531,-3882
-4289,-1525,-3908
-4272,-1527,-3881
-4272,-1533,-3875
-4295,-1528,-3904
-4269,-1524,-3914
-4257,-1518,-3910
-4258,-1518,-3909
-4258,-1524,-3900
-4288,-1531,-3894
-4295,-1528,-3904
-4288,-1533,-3889
-4291,-1533,-3891
-4291,-1534,-3890
-4291,-1571,-3890
-4325,-1581,-3852
-4322,-1582,-3839
-4322,-1582,-3839
-4321,-1582,-3837
-4346,-1569,-3774
-4326,-1574,-3785
-4320,-1580,-3808
-4319,-1581,-3814
-4319,-1582,-3816
-4321,-1582,-3816
-4311,-1582,-3852
-4303,-1581,-3865
-4315,-1582,-3829
-4310,-1584,-3766
-4316,-1579,-3772
-4314,-1581,-3805
-4314,-1581,-3805
-4314,-1581,-3805
-4338,-1578,-3816
-4363,-1568,-3776
-4437,-1577,-3757
-4447,-1579,-3758
-4447,-1579,-3758
-4431,-1577,-3765
-4448,-1578,-3751
-4466,-1579,-3772
-4475,-1579,-3752
-4473,-1579,-3760
-4484,-1570,-3779
-4520,-1570,-3738
-4472,-1558,-3689
-4419,-1566,-3652
-4409,-1563,-3635
-4399,-1559,-3619
-4379,-1549,-3553
-4392,-1552,-3531
-4377,-1544,-3478
-4338,-1556,-3453
-4272,-1566,-3417
-4243,-1569,-3416
36,11,-141
36,11,-141
36,11,-141
36,11,-141
36,11,-141
42,8,-151
56,1,-161
103,12,-170
172,8,-180
132,14,-169
117,17,-115
91,10,-128
64,2,-162
65,3,-167
64,3,-177
64,3,-177
64,3,-177
64,3,-177
64,3,-177
64,3,-177
64,3,-177
64,3,-177
64,3,-177
64,3,-177
70,3,-173
72,3,-170
60,3,-169
59,3,-169
59,3,-169
61,3,-172
67,3,-162
67,3,-159
37,8,-151
37,8,-151
37,8,-151
24,8,-139
31,3,-106
26,3,-111
26,3,-111
32,3,-107
29,3,-107
38,6,-129
34,2,-113
43,5,-128
38,9,-140
31,9,-144
31,9,-144
31,9,-141
29,9,-143
30,9,-147
30,13,-142
37,9,-138
66,3,-162
71,3,-176
66,3,-167
57,4,-121
70,19,-53
68,21,4
21,27,22
0,22,32
-1,27,75
20,12,101
27485,-30875,780
27491,-30877,777
27453,-30870,780
27446,-30868,760
27446,-30866,755
27454,-30856,734
27454,-30856,734
27454,-30856,734
27446,-30857,724
27440,-30855,716
27446,-30849,714
27448,-30850,714
27445,-30857,722
27434,-30856,731
27419,-30855,737
27416,-30854,739
27416,-30855,747
27408,-30856,713
27405,-30865,701
27404,-30869,705
27410,-30856,712
27423,-30856,739
27409,-30853,741
27405,-30854,742
27354,-30855,762
27363,-30857,753
27349,-30851,738
27358,-30855,795
27368,-30854,810
27374,-30844,830
27377,-30842,832
27374,-30844,830
27374,-30843,830
27377,-30843,831
27377,-30842,831
27377,-30842,831
27377,-30842,831
27377,-30842,831
27377,-30842,831
27414,-30850,802
27417,-30854,764
27409,-30852,753
27410,-30852,716
27410,-30852,716
27410,-30852,716
27409,-30853,716
27409,-30853,716
27409,-30853,716
27409,-30856,710
27426,-30860,741
27469,-30870,762
27477,-30869,756
27508,-30881,768
27536,-30876,758
27567,-30868,730
27577,-30867,737
27577,-30867,737
27577,-30867,737
27537,-30871,742
27485,-30875,780
27453,-30869,798
27435,-30865,819
27409,-30867,789
27405,-30868,768
27364,-30858,779
27393,-30865,788
27401,-30869,766
65,3,-171
65,3,-171
65,3,-171
-361,5,53
74,3,-169
74,-17,-148
63,3,-172
63,3,-172
63,3,-172
63,3,-172
63,3,-172
63,3,-172
66,3,-164
60,4,-162
72,3,-173
65,3,-169
75,8,-107
81,14,-87
81,22,-10
80,15,62
84,5,129
-4065,-1485,-3772
1253,12,464
1291,10,465
1291,10,465
1291,10,465
1291,10,465
1290,10,464
1290,10,463
1290,10,463
1287,9,464
2799,-9332,1184
2804,-9334,1191
2817,-9334,1189
2842,-9337,1199
2839,-9346,1215
2839,-9347,1215
2839,-9347,1215
2839,-9347,1215
2839,-9347,1215
2839,-9347,1215
2839,-9347,1215
2841,-9334,1187
2832,-9331,1174
2813,-9334,1176
2803,-9334,1181
2804,-9335,1181
2804,-9335,1181
2804,-9335,1181
2802,-9335,1184
2795,-9333,1182
2790,-9332,1183
2790,-9332,1183
2790,-9333,1183
2790,-9333,1183
176,-376,-116
63,3,-169
62,3,-178
62,3,-174
62,3,-167
62,3,-167
-358,5,52
-414,2,24
-383,2,57
67,3,-169
38,18,-36
38,18,-36
38,18,-36
33,20,1
30,20,6
6,22,29
23,21,71
46,3,125
1250,14,464
1187,14,466
1122,23,481
-4074,-1485,-3787
1134,21,494
1081,22,515
1058,-58,538
60,8,-167
63,8,-168
63,8,-168
63,8,-168
68,3,-169
73,3,-176
68,3,-171
66,3,-146
60,6,-109
57,14,-76
66,18,-57
68,21,-18
77,25,7
75,25,2
62,20,31
60,11,72
59,8,104
66,3,141
697,29,225
79,12,97
40,2,-183
665,29,270
675,21,230
706,24,209
676,21,228
672,20,254
672,24,254
672,24,254
672,24,254
676,15,279
687,29,267
679,29,252
680,29,242
683,29,229
693,29,259
698,29,256
698,29,258
690,29,254
691,29,256
691,29,256
691,29,256
696,29,255
696,30,254
693,30,256
693,29,240
693,29,250
693,29,250
693,29,250
692,29,262
696,29,260
696,29,260
695,29,256
700,30,253
700,30,253
694,30,257
700,30,251
695,30,251
699,30,257
693,30,251
691,30,257
691,30,257
696,30,263
692,30,263
691,29,240
676,29,245
678,29,241
673,29,240
673,29,240
646,29,256
666,29,271
666,29,271
663,29,274
666,29,272
652,29,271
1114,70,1233
1129,70,1233
1130,70,1241
1149,70,1233
1148,70,1208
1143,70,1198
1144,70,1196
1143,70,1197
1148,70,1213
1146,70,1193
1141,70,1185
1145,70,1181
1146,70,1181
1140,70,1187
1149,70,1207
1148,70,1224
1152,70,1183
1118,53,1182
1107,45,1179
1115,59,1158
1110,49,1163
1112,49,1169
1112,48,1182
1138,67,1181
1145,69,1193
1144,70,1193
1144,70,1193
1144,70,1193
1144,70,1196
1144,70,1195
1144,70,1195
1126,-1,1197
1102,-4,1203
1102,-10,1204
1101,-1,1198
1133,1,1199
1150,8,1202
1150,37,1202
1149,-11,1202
1144,1,1220
1150,14,1202
1150,35,1202
1150,62,1202
1152,70,1197
1154,70,1171
1155,70,1171
1164,70,1171
1150,70,1171
1149,70,1171
1152,70,1180
1152,70,1221
1182,70,1233
1202,70,1232
1199,70,1231
1192,70,1240
1193,70,1277
1189,70,1303
1187,70,1302
1194,70,1312
1232,70,1311
1222,70,1312
1189,1,1306
1165,-8,1304
1155,1,1308
1145,1,1284
1148,1,1255
1152,3,1236
1152,32,1236
1152,62,1236
1149,70,1232
1152,70,1190
1153,70,1152
1148,70,1152
1155,70,1149
1134,67,1145
1130,62,1167
1126,60,1174
1151,70,1181
1149,70,1222
1154,70,1260
1154,70,1302
1176,70,1314
1218,70,1313
1259,70,1313
1237,70,1313
1196,70,1313
1176,70,1302
1165,70,1299
1168,70,1301
1191,70,1290
1193,70,1277
1192,70,1243
1199,73,1231
1186,70,1233
1176,70,1233
1147,70,1233
1155,70,1245
1153,70,1242
1151,70,1203
1151,70,1157
1136,65,1122
1142,65,1104
1144,70,1114
1165,74,1111
1152,77,1122
1152,70,1154
1151,70,1181
1151,70,1180
1147,69,1179
1118,52,1182
1107,46,1181
1124,53,1181
1100,45,1181
1077,1,1175
1047,1,1174
1031,0,1189
1029,7,1221
1030,2,1189
1024,19,1181
1059,47,1181
1106,45,1181
1118,52,1181
1145,70,1181
1059,45,1181
1028,2,1207
1028,1,1213
1029,1,1191
1013,9,1181
1046,39,1181
1074,45,1181
1074,45,1181
1086,45,1181
1107,47,1182
1135,63,1181
1091,45,1181
1104,44,1181
1130,58,1181
1139,66,1181
128,8,-83
70,3,-174
65,3,-158
60,5,-128
62,7,-103
84,20,-67
81,20,-24
86,21,23
109,28,61
125,27,95
134,21,107
134,19,109
134,19,109
140,20,109
140,20,109
72,8,-172
68,8,-171
68,8,-171
68,8,-171
68,8,-171
68,8,-171
67,3,-177
58,3,-166
64,3,-169
59,3,-166
58,3,-166
61,3,-169
61,3,-169
61,3,-169
61,3,-169
61,3,-169
58,3,-178
58,3,-178
58,3,-178
58,3,-178
66,3,-178
58,3,-178
58,3,-178
58,3,-178
58,3,-178
65,3,-165
63,3,-175
67,3,-174
67,3,-173
67,3,-173
66,3,-173
66,3,-173
66,3,-173
66,3,-173
64,3,-168
65,3,-164
67,3,-171
67,3,-177
69,3,-177
66,7,-166
62,7,-166
68,7,-166
66,7,-175
59,7,-177
59,7,-177
59,7,-177
59,7,-177
67,7,-166
60,7,-176
66,7,-167
66,7,-167
74,4,-175
74,4,-175
74,4,-175
74,4,-175
74,4,-175
70,7,-166
70,7,-166
70,7,-166
74,7,-172
72,3,-177
72,3,-177
64,3,-176
66,3,-177
65,3,-175
65,3,-175
66,3,-169
65,3,-173
65,3,-173
65,3,-173
73,3,-176
63,3,-170
64,3,-170
69,3,-174
74,3,-176
65,3,-170
65,3,-170
65,3,-172
63,3,-176
65,3,-173
65,3,-173
65,3,-166
74,4,-174
58,7,-171
61,7,-168
62,7,-168
61,7,-171
65,7,-170
61,7,-171
62,7,-166
61,7,-168
59,8,-171
65,8,-173
69,8,-166
74,7,-172
71,3,-169
71,3,-169
74,3,-169
71,3,-169
71,3,-169
72,3,-167
73,3,-166
74,3,-168
74,3,-170
74,3,-170
74,3,-170
74,3,-170
72,3,-171
72,3,-171
74,0,-167
72,3,-167
65,3,-175
63,3,-178
58,3,-170
64,3,-167
64,3,-167
65,3,-164
73,6,-130
75,8,-103
70,10,-94
76,19,-60
79,21,-25
77,22,-8
70,22,5
68,21,14
68,21,14
68,21,14
68,21,14
71,19,29
70,21,22
74,20,31
75,20,37
75,20,37
75,20,37
75,20,37
75,20,37
75,20,37
75,20,37
-634,-3545,-366
-951,-5138,-546
-951,-5138,-546
-947,-5138,-547
-948,-5138,-548
-951,-5138,-544
-955,-5138,-548
-950,-5132,-535
-953,-5133,-543
-944,-5135,-557
-954,-5136,-562
-954,-5138,-551
-951,-5136,-536
-948,-5138,-545
-948,-5138,-545
-956,-5139,-540
-958,-5139,-538
-979,-5139,-541
-982,-5140,-537
-962,-5140,-524
-959,-5138,-553
-953,-5138,-554
-953,-5138,-534
-925,-5136,-535
-935,-5136,-535
-961,-5139,-540
-971,-5137,-539
-971,-5137,-539
-972,-5132,-545
-949,-5132,-549
-950,-5132,-532
-949,-5132,-548
-945,-5136,-562
-956,-5137,-569
-969,-5141,-579
-966,-5140,-577
452,-9,593
453,-9,592
453,-9,592
-957,-5136,-566
-951,-5132,-536
-951,-5132,-536
-949,-5132,-550
1099,-1817,201
-951,-5132,-538
-950,-5132,-549
-970,-5130,-554
-971,-5130,-546
-964,-5132,-541
-961,-5140,-523
-960,-5137,-509
-960,-5139,-511
-943,-5136,-543
-947,-5133,-551
-967,-5132,-543
-969,-5130,-547
-953,-5138,-550
-951,-5138,-551
-951,-5138,-551
-948,-5138,-552
-951,-5138,-551
-949,-5138,-552
-948,-5138,-552
-948,-5138,-552
-948,-5138,-552
-948,-5138,-552
-948,-5138,-552
-948,-5138,-552
-948,-5137,-552
-947,-5136,-554
-950,-5138,-557
-950,-5139,-557
-953,-5138,-548
-953,-5138,-549
-951,-5138,-557
-953,-5138,-552
-953,-5138,-553
-949,-5140,-557
-950,-5139,-557
-949,-5140,-557
-949,-5140,-557
-946,-5141,-558
-946,-5141,-557
-947,-5141,-559
-946,-5141,-558
-945,-5141,-556
-945,-5141,-556
-946,-5141,-559
-945,-5140,-554
-946,-5140,-550
-947,-5140,-556
-946,-5140,-553
-946,-5140,-555
-946,-5140,-555
-945,-5141,-556
-947,-5140,-555
-947,-5140,-558
-963,-5135,-557
-958,-5137,-540
-952,-5138,-555
-954,-5138,-552
-962,-5137,-571
-960,-5139,-576
-960,-5139,-576
-962,-5137,-570
-961,-5140,-577
-961,-5138,-584
-966,-5140,-580
-966,-5140,-579
-962,-5137,-569
-968,-5140,-574
-960,-5140,-573
-952,-5147,-588
-955,-5142,-575
-961,-5137,-561
-975,-5140,-536
-966,-5140,-527
-950,-5138,-545
-960,-5136,-566
-963,-5138,-570
-964,-5136,-556
-961,-5139,-553
64,2,-169
64,2,-168
64,2,-168
70,2,-170
70,2,-169
67,3,-146
67,3,-143
71,5,-129
74,5,-115
62,10,-92
64,17,-61
64,17,-61
64,17,-61
63,18,-60
63,18,-60
67,18,-61
80,19,-61
88,21,-22
81,22,2
77,21,21
70,19,28
89,19,59
96,21,70
106,22,86
131,21,107
149,18,113
159,12,120
160,12,122
160,12,122
147,16,116
158,34,84
164,37,72
159,37,71
151,35,82
151,36,83
151,35,83
151,35,81
154,37,74
154,37,74
65,3,-171
65,3,-177
66,3,-177
73,3,-177
70,3,-178
70,3,-178
60,7,-172
60,7,-172
60,7,-170
60,7,-172
60,7,-172
59,8,-170
59,8,-172
58,9,-166
59,8,-169
59,8,-170
59,8,-170
59,8,-170
59,8,-170
58,9,-166
58,9,-166
60,8,-167
59,8,-170
60,8,-170
59,8,-170
60,8,-170
74,8,-172
72,8,-172
71,3,-177
71,3,-177
65,3,-173
65,3,-173
65,3,-173
72,3,-175
71,3,-175
66,3,-167
65,3,-173
65,3,-167
66,3,-167
68,3,-174
70,3,-176
62,7,-167
61,8,-170
59,8,-170
74,3,-177
66,3,-167
62,3,-171
62,3,-171
66,3,-167
65,3,-171
66,3,-169
64,3,-172
65,3,-163
61,5,-133
58,8,-97
61,17,-61
80,21,-30
83,22,11
79,18,41
83,15,66
101,18,99
112,16,110
127,13,123
125,13,123
126,13,123
65,3,-163
71,5,-131
71,10,-93
73,19,-56
79,22,-16
84,21,18
89,21,40
95,18,78
116,24,95
127,16,121
125,16,122
128,16,121
159,12,122
159,12,122
160,12,119
151,14,119
140,15,102
135,15,103
134,15,105
134,15,107
139,15,109
139,15,109
141,15,105
65,3,-171
65,3,-171
