-640,36,-782
-638,36,-779
-638,36,-779
-638,36,-779
-638,36,-779
-634,36,-773
14143,24,-20407
-2669,37,1965
-664,24,-781
-698,29,-758
-675,27,-719
-645,14,-688
-577,14,-626
-551,16,-463
-517,-2,-393
-521,8,-406
-492,8,-363
-490,-5,-373
-372,9,-318
-340,2,-200
-304,1,-125
-304,1,-128
-304,1,-128
-305,-2,-128
-302,9,-129
-258,8,54
-106,8,41
-6,27,-10
75,0,-94
74,1,-94
74,1,-94
63,10,-127
91,10,-149
91,10,-149
91,33,-149
102,2,-162
107,2,-172
108,8,-170
109,6,-170
109,7,-169
109,7,-169
109,7,-169
109,7,-169
109,7,-169
110,7,-168
111,8,-168
111,8,-168
97,19,-157
144,7,-178
147,7,-176
146,7,-175
151,18,-175
151,16,-175
143,7,-174
146,11,-166
146,11,-166
146,11,-166
146,11,-166
146,11,-166
146,11,-166
146,11,-166
145,6,-165
139,6,-167
139,6,-167
139,6,-167
139,6,-167
140,6,-165
140,6,-166
140,12,-166
175,7,-166
174,6,-166
175,6,-165
180,-9,-173
174,5,-170
182,12,-169
199,-25,-174
197,-23,-173
211,-37,-180
212,-38,-181
212,-38,-181
215,-38,-181
215,-40,-181
217,-40,-183
217,-40,-183
218,-40,-184
227,-50,-206
233,-43,-219
229,-47,-203
225,-47,-197
224,-48,-200
225,-50,-200
225,-50,-200
226,-50,-201
226,-50,-202
234,-34,-226
230,-19,-214
227,-7,-216
247,15,-226
239,15,-218
245,15,-216
239,15,-193
317,8,-155
318,8,-154
318,8,-154
323,9,-165
292,12,-182
257,13,-199
252,13,-203
237,15,-217
255,15,-211
255,15,-211
227,15,-209
231,12,-225
235,-37,-226
227,-49,-188
212,-38,-183
174,-18,-154
174,-16,-158
175,-16,-159
184,-24,-151
171,-15,-154
174,-13,-160
177,-11,-172
177,-11,-172
177,-11,-172
177,-11,-172
170,20,-187
170,12,-189
182,1,-208
183,1,-208
186,2,-208
186,2,-208
187,2,-210
186,2,-209
196,17,-202
181,29,-227
163,-1,-298
228,19,-344
351,25,-487
180,15,-555
159,-16,-562
158,-19,-565
164,-37,-572
153,-42,-568
136,-45,-558
134,-45,-556
124,-43,-567
128,-42,-565
122,-39,-569
111,-20,-575
111,-20,-575
110,-7,-582
111,-4,-583
107,1,-582
106,4,-577
107,2,-569
87,2,-562
80,10,-553
78,10,-555
83,19,-551
84,25,-553
86,26,-553
86,30,-553
77,33,-560
83,34,-553
79,35,-553
79,35,-551
54,32,-551
54,35,-548
54,38,-549
54,38,-549
54,60,-551
115,62,-545
121,46,-559
121,49,-559
121,49,-559
123,39,-553
97,40,-590
96,34,-608
95,32,-616
94,21,-614
82,25,-588
80,33,-556
49,26,-544
47,27,-549
40,37,-543
40,32,-543
44,24,-545
38,70,-541
162,72,-665
309,10,-817
425,10,-1016
464,2,-1109
604,8,-1198
719,5,-1222
719,6,-1220
719,6,-1220
719,6,-1220
719,6,-1220
719,6,-1220
719,6,-1220
719,15,-1220
861,123,-1268
1033,86,-1427
1196,83,-1582
1198,23,-1588
1100,6,-1660
1081,12,-1653
1081,13,-1653
1015,31,-1645
941,19,-1629
938,22,-1625
938,23,-1625
938,46,-1625
1005,20,-1682
992,1,-1693
992,10,-1693
992,10,-1693
1013,-7,-1695
1013,-7,-1695
1013,-7,-1695
1012,-18,-1697
1023,-30,-1710
1022,-33,-1726
1014,-19,-1704
1017,-31,-1704
1043,61,-1715
1232,27,-1815
1302,6,-1867
1463,73,-2001
1667,55,-2059
1843,55,-2084
1693,60,-2184
1536,11,-2132
1489,45,-2075
1367,20,-2006
1315,10,-2181
1294,10,-2272
-639,38,-784
-649,36,-753
-643,15,-726
-645,-1,-707
-624,48,-765
14135,27,-20399
1987,27,-1850
1988,26,-1864
1994,31,-1818
2047,8,-1790
2162,17,-1709
2307,22,-1753
2291,30,-1908
2257,2,-2022
2258,-40,-2009
2262,-67,-2000
2272,-71,-1997
2272,-75,-1998
2272,-80,-1998
2272,-89,-1998
2272,-95,-1998
2272,-100,-1998
2272,-104,-1998
2272,-105,-1998
2272,-111,-1998
2272,-116,-1998
2272,-118,-1998
2272,-120,-1998
2272,-121,-1998
2272,-128,-1998
2272,-131,-1998
2272,-134,-1998
2272,-128,-1998
2272,-124,-1998
2272,-137,-1998
2272,-142,-1998
2272,-142,-1998
2272,-138,-1998
2272,-140,-1998
2272,-144,-1998
2272,-149,-1998
-640,39,-782
-710,39,-770
-707,9,-895
-707,9,-895
-706,9,-923
-707,9,-925
-709,9,-926
-713,9,-929
-721,11,-964
2272,-149,-1998
2272,-149,-1998
2272,-146,-1998
2272,-151,-1998
2272,-159,-1998
2272,-159,-1998
-638,2,-815
-629,1,-811
-625,-2,-808
-627,-2,-819
-635,2,-820
-634,-3,-818
-634,-2,-818
-625,-2,-819
-630,-2,-810
-627,-4,-818
-625,-3,-813
-626,-3,-817
-624,-1,-815
-631,-3,-819
-631,-5,-819
-631,-3,-820
-636,-2,-816
-631,-1,-812
-625,1,-812
-631,2,-819
-724,2,-858
-724,2,-857
-724,2,-861
-724,2,-861
-731,4,-856
-729,4,-859
2270,-306,-1993
2272,-303,-1990
2272,-303,-1987
2274,-303,-1986
2282,-296,-1974
2292,-322,-1973
2294,-304,-1972
2295,-304,-1967
2308,-302,-1938
2317,-313,-1927
2312,-312,-1926
2321,-313,-1930
2321,-319,-1930
2321,-326,-1930
2321,-341,-1930
2321,-355,-1930
2321,-361,-1930
2321,-365,-1930
2321,-370,-1930
2321,-376,-1930
2321,-384,-1930
2321,-395,-1930
2321,-402,-1930
2321,-414,-1930
2321,-414,-1930
2321,-414,-1930
-638,35,-791
-645,37,-776
-645,37,-775
-616,37,-775
-627,2,-823
-629,4,-822
-630,2,-822
-631,1,-821
-723,4,-859
-724,2,-859
-713,2,-855
-681,-4,-848
-686,-1,-852
-688,-2,-852
-684,-1,-852
-681,-3,-853
-684,-5,-852
-686,-5,-854
-696,-3,-853
-719,2,-858
-718,2,-859
-718,2,-859
-703,-6,-860
-713,-4,-852
-712,-4,-853
-717,-2,-853
-707,-2,-853
-704,-3,-855
-725,3,-862
-723,2,-857
-723,2,-858
-670,5,-854
-672,5,-851
-723,2,-859
-723,2,-859
-726,5,-863
-724,2,-857
-724,2,-858
-724,2,-859
-724,2,-859
-724,2,-859
-724,2,-859
-724,2,-859
-724,2,-859
-724,2,-859
-723,2,-859
-723,2,-859
-690,49,-815
-645,36,-776
-645,36,-776
-641,29,-798
-637,18,-825
-665,7,-826
-662,10,-815
-679,10,-851
-723,2,-861
2321,-417,-1930
2321,-423,-1930
2321,-438,-1930
2334,-443,-1945
2317,-440,-1930
2336,-445,-1944
2336,-442,-1959
2295,-430,-1984
2296,-431,-1981
2293,-441,-1988
2310,-458,-1990
2314,-453,-1988
2336,-458,-1982
2346,-459,-1982
2357,-463,-1982
2370,-471,-1982
2368,-468,-1981
2365,-475,-1983
2365,-487,-1983
2365,-495,-1983
2365,-500,-1983
2365,-500,-1983
2363,-510,-1983
2363,-519,-1983
2363,-531,-1983
2363,-531,-1983
2363,-541,-1983
2363,-555,-1983
2363,-561,-1983
2363,-561,-1983
2363,-567,-1983
-659,36,-792
-680,14,-852
-671,5,-853
-664,37,-801
-668,8,-805
-659,8,-673
-570,12,-557
-570,12,-551
-576,11,-538
-567,11,-534
-565,11,-532
-561,11,-534
-639,44,-789
-664,3,-829
-726,1,-852
-729,1,-856
-731,1,-853
-735,1,-855
-736,1,-857
-737,2,-855
-725,2,-857
-723,2,-859
-723,2,-859
-723,2,-859
-716,-1,-855
-686,-5,-853
-682,-2,-849
-683,-2,-848
-699,-6,-854
-690,-3,-853
-683,-4,-851
-688,-4,-853
-696,-5,-854
-717,-6,-852
-713,-6,-852
-708,-3,-855
-713,-3,-852
-708,-4,-852
-705,-4,-852
-699,-3,-854
-697,-2,-854
-688,-4,-853
-687,-2,-855
-689,-5,-854
-684,-5,-855
-689,-4,-854
-689,-4,-855
-696,-3,-853
-698,-3,-855
-699,-4,-854
-720,2,-856
-720,2,-856
-720,2,-856
-720,2,-856
-720,2,-856
-720,2,-856
-720,2,-856
-720,2,-856
-720,2,-856
-720,2,-856
-720,2,-856
-720,2,-856
-720,2,-856
-720,2,-856
-720,2,-856
-720,2,-856
-720,2,-856
-720,2,-856
-720,2,-856
-720,2,-856
-720,2,-856
-720,2,-856
-720,2,-856
-720,2,-856
-720,2,-856
-720,2,-856
-720,2,-856
-720,2,-856
-720,2,-856
-720,2,-856
-720,2,-856
-720,2,-856
-720,2,-856
-720,2,-856
-720,2,-856
-720,2,-856
-711,-4,-858
-706,4,-851
-724,2,-858
-723,2,-859
-723,2,-859
-723,2,-859
-723,2,-859
-723,2,-859
-723,2,-859
-723,2,-859
-723,2,-859
-723,2,-859
-723,2,-859
-723,2,-859
-723,2,-859
-723,2,-861
-727,2,-855
-727,2,-855
-723,2,-859
-723,2,-859
-725,2,-858
-701,-8,-861
-701,-2,-858
-728,5,-850
2363,-567,-1983
2363,-568,-1983
2363,-595,-1983
2365,-594,-1986
2365,-592,-1986
2366,-592,-1986
2366,-592,-1984
2365,-595,-1982
2377,-592,-1989
2374,-592,-1992
2371,-601,-2027
2352,-632,-2038
2351,-635,-2041
2351,-635,-2041
2346,-638,-2041
2348,-658,-2047
2361,-686,-2035
2365,-695,-2026
2363,-713,-2013
2396,-702,-2013
2410,-707,-2010
2408,-706,-2010
2386,-702,-2009
2371,-703,-2001
2381,-701,-2003
2364,-717,-2012
2364,-723,-2012
2364,-723,-2012
2364,-731,-2012
2364,-744,-2012
2364,-755,-2012
2364,-765,-2012
2364,-778,-2012
2364,-789,-2012
2364,-799,-2012
2364,-802,-2012
-644,35,-775
-644,35,-772
-635,36,-773
-635,36,-773
-635,36,-773
-635,36,-773
-635,36,-773
-635,36,-773
-635,36,-773
-642,36,-775
-642,41,-775
-626,-2,-819
-624,1,-815
-630,0,-820
-635,0,-822
-638,2,-819
-638,2,-819
-636,2,-820
-636,2,-819
-641,3,-818
-642,3,-819
-642,3,-819
-642,3,-819
-640,6,-818
-726,2,-861
-724,2,-861
-724,2,-861
-724,2,-861
-724,2,-861
-723,2,-856
-723,2,-856
-723,2,-856
-723,2,-856
-726,2,-866
-724,2,-861
-724,2,-858
-720,3,-856
-724,4,-854
-722,2,-862
-727,2,-857
-723,2,-857
-723,2,-857
-723,2,-857
-725,2,-857
-725,2,-857
-725,2,-857
-724,3,-855
-724,2,-855
-724,2,-859
-724,2,-859
-724,2,-859
-723,2,-856
-713,5,-849
-688,-5,-854
-695,-3,-855
-699,-8,-855
-703,-7,-854
-709,-6,-855
-679,5,-855
-723,5,-844
-665,7,-824
-633,2,-821
-632,2,-820
-636,2,-819
-627,2,-821
-623,2,-821
-619,0,-817
-658,-6,-824
-656,-6,-824
-662,-9,-841
-658,7,-843
-658,7,-826
-723,2,-860
-723,3,-861
-724,7,-857
-744,-5,-855
-718,7,-857
-727,7,-869
2364,-805,-2012
2364,-805,-2012
2364,-811,-2012
2364,-821,-2012
2364,-836,-2012
2364,-844,-2012
2364,-851,-2012
2364,-861,-2012
2364,-876,-2012
2364,-892,-2012
2364,-900,-2012
2364,-905,-2012
2364,-913,-2012
2364,-928,-2012
2364,-933,-2012
2364,-944,-2012
2364,-957,-2012
2364,-967,-2012
2364,-967,-2012
2364,-969,-2012
2364,-979,-2012
2364,-979,-2012
2364,-987,-2012
2364,-999,-2012
2364,-1005,-2012
2364,-1005,-2012
2364,-1005,-2013
2361,-1005,-2012
2360,-1006,-2012
-640,35,-782
2361,-1034,-2011
2360,-1034,-2010
2364,-1005,-2012
2360,-1033,-2012
2356,-1035,-2017
2360,-1033,-2018
2355,-1034,-2025
2355,-1034,-2025
2355,-1034,-2025
2355,-1034,-2025
-709,11,-855
-710,2,-855
-710,5,-855
-704,-8,-859
-704,-7,-859
-736,2,-858
-728,2,-858
-723,2,-862
-724,2,-859
-724,2,-860
-641,41,-767
1529,6,-1859
-634,36,-775
-634,36,-774
5708,21,17389
-627,39,-788
-693,11,-842
-693,11,-842
-693,11,-842
-723,2,-858
-673,3,-843
-623,2,-806
-621,2,-808
-618,2,-818
-617,2,-819
-666,3,-834
-680,2,-847
-680,2,-850
-680,2,-857
-687,2,-855
-691,2,-856
-655,3,-827
-625,0,-816
-617,2,-816
-627,2,-814
-622,1,-813
-622,1,-811
-623,1,-807
-621,1,-807
-619,1,-814
-620,2,-809
-618,2,-814
-618,2,-812
-619,2,-810
-627,5,-814
-615,3,-817
-614,3,-814
-615,2,-809
-615,1,-806
-617,2,-806
-617,2,-808
-615,2,-811
-632,6,-808
-632,6,-815
-634,36,-775
-634,36,-774
-634,36,-774
-634,36,-774
-656,6,-826
-632,3,-816
-629,2,-811
-628,2,-809
-627,2,-818
-632,2,-821
-628,2,-823
-626,2,-816
-619,2,-805
-617,2,-816
-625,3,-825
-621,3,-821
-619,2,-824
-626,2,-827
-631,8,-825
-631,4,-817
-627,6,-817
-626,7,-814
-626,7,-809
-626,4,-804
-616,3,-805
-618,8,-805
-690,12,-843
-723,2,-856
-723,2,-856
-723,2,-857
-683,10,-848
-624,7,-823
-616,4,-825
-616,6,-822
-617,6,-823
-651,9,-836
-724,2,-859
-719,6,-861
-626,2,-820
-630,4,-821
-631,4,-820
-628,4,-817
-623,3,-824
-621,4,-823
-624,3,-822
-626,5,-824
-630,6,-826
-629,6,-825
-627,3,-815
-627,4,-812
-627,5,-810
-628,6,-809
-628,6,-805
-628,6,-813
-624,3,-806
-627,10,-816
-705,10,-860
-739,8,-857
-641,7,-824
-646,6,-798
-669,4,-840
-686,5,-841
-665,3,-824
-652,36,-796
-637,36,-779
-634,36,-775
-636,36,-774
-636,36,-774
5708,21,17388
-637,36,-780
-637,36,-774
2044,-29,-1895
2039,-79,-1894
2054,-59,-1893
2038,-77,-1889
2036,-9,-1891
1804,19,-1999
1813,-16,-1994
1804,-49,-2020
1804,-253,-2010
1800,-287,-2009
1823,-293,-1995
1816,-296,-1992
1796,-310,-2021
1788,-230,-2008
1794,-128,-2004
1786,-110,-2001
1786,-63,-2001
1779,38,-1985
1793,38,-2007
1754,38,-1905
1642,30,-1836
1666,30,-1939
1743,96,-2010
1853,36,-1985
1826,20,-1839
1706,11,-1713
1701,11,-1693
1682,14,-1717
2374,-1043,-1930
2462,-1047,-1920
2460,-1048,-1920
2398,-1045,-1919
2381,-1060,-1922
2390,-1071,-1925
2394,-1073,-1925
2396,-1076,-1924
2402,-1081,-1919
2429,-1086,-1908
2429,-1086,-1903
2436,-1076,-1903
2438,-1076,-1902
2437,-1076,-1904
2437,-1076,-1904
-640,35,-782
-680,11,-833
-724,2,-858
-732,8,-867
-649,35,-800
-692,-1,-859
-700,-1,-856
-714,-1,-860
-709,0,-856
-708,2,-857
-634,36,-773
-634,36,-773
-644,36,-787
-723,2,-859
-723,2,-859
-723,2,-860
-723,2,-860
-730,4,-851
-623,10,-821
-617,4,-812
-616,4,-809
-615,4,-821
-631,9,-821
-723,9,-865
-724,2,-859
-696,5,-857
-700,5,-852
2434,-1084,-1903
2428,-1086,-1912
2428,-1086,-1912
2436,-1084,-1906
2415,-1081,-1915
2443,-1074,-1895
2441,-1072,-1899
2428,-1083,-1911
2447,-1074,-1883
2446,-1071,-1871
2444,-1074,-1894
2428,-1086,-1912
2447,-1069,-1873
2452,-1064,-1873
2454,-1059,-1869
2449,-1072,-1875
2447,-1074,-1888
2447,-1074,-1888
2447,-1074,-1888
2447,-1074,-1887
2447,-1074,-1887
2459,-1051,-1869
2460,-1049,-1869
2434,-1083,-1904
2428,-1078,-1911
2461,-1047,-1868
2469,-1044,-1868
2497,-1041,-1868
2502,-1039,-1867
2503,-1033,-1863
2499,-1027,-1861
2511,-1021,-1853
2519,-1037,-1849
2521,-1037,-1848
2526,-1030,-1844
2517,-1025,-1851
2525,-1025,-1841
2526,-1020,-1842
2532,-1049,-1841
2538,-1057,-1840
2538,-1057,-1840
2542,-1055,-1836
2542,-1055,-1836
2549,-1059,-1820
2549,-1062,-1816
2557,-1069,-1801
2563,-1070,-1797
2571,-1083,-1802
2573,-1087,-1814
2573,-1083,-1804
2573,-1083,-1804
2573,-1083,-1804
-645,19,-795
-662,3,-841
-662,3,-841
-662,3,-841
-662,3,-841
-664,2,-829
-661,2,-830
-658,2,-828
-724,3,-856
-724,2,-857
-724,2,-857
-724,7,-857
-714,0,-856
-698,1,-859
-685,1,-858
-682,2,-856
-679,2,-845
-694,1,-857
-696,0,-860
-704,7,-860
-714,2,-860
-719,2,-860
-719,2,-860
-710,2,-857
-620,4,-814
-617,6,-819
-615,6,-806
-635,10,-825
-723,2,-858
-723,2,-858
-621,8,-820
-620,6,-821
-642,13,-817
-618,7,-821
-627,7,-819
-620,7,-813
-621,7,-816
-624,7,-806
-626,7,-816
-629,9,-816
-626,9,-817
-624,7,-812
-622,9,-815
-624,8,-810
-625,9,-815
-623,8,-821
-619,10,-822
-632,3,-821
-633,2,-821
-707,4,-857
-723,2,-858
-723,2,-858
-719,11,-854
-636,36,-773
-636,36,-773
-634,2,-821
-673,3,-839
-723,2,-860
-723,2,-860
-723,2,-860
-723,2,-860
-635,36,-773
-635,36,-773
-635,36,-773
-635,36,-773
-644,36,-773
-637,8,-811
-637,8,-811
-625,2,-820
-625,2,-820
-681,9,-838
-724,2,-862
-723,2,-860
-723,2,-858
-723,2,-858
-728,2,-860
-738,1,-858
-735,1,-857
-631,2,-821
-622,2,-808
-625,2,-809
-621,2,-809
-621,2,-809
-621,2,-809
-622,2,-808
-623,2,-811
-622,2,-808
-624,2,-809
-685,5,-851
-721,2,-860
-735,1,-854
-726,1,-854
-728,1,-853
-733,1,-855
-724,3,-854
-643,3,-814
-635,1,-817
-631,1,-809
-633,1,-811
-633,1,-814
-635,2,-815
-636,2,-815
-636,2,-814
-636,2,-814
-632,2,-821
-623,2,-810
-626,2,-820
-634,2,-817
-628,2,-812
-637,2,-814
-628,2,-820
-656,-2,-821
-654,2,-820
-729,3,-861
-691,6,-839
2573,-1085,-1807
2570,-1085,-1807
2574,-1088,-1815
2579,-1097,-1817
2577,-1116,-1837
2577,-1116,-1837
2551,-1121,-1841
2551,-1121,-1841
2533,-1143,-1854
2523,-1155,-1857
2522,-1164,-1859
2523,-1152,-1853
2535,-1160,-1824
2558,-1185,-1833
2558,-1185,-1833
2563,-1185,-1831
2577,-1192,-1824
2577,-1192,-1824
2569,-1207,-1802
2589,-1230,-1796
2613,-1252,-1793
2615,-1253,-1790
2613,-1287,-1787
-629,35,-786
-655,3,-821
-684,2,-857
-697,0,-860
-692,0,-870
-695,0,-862
-691,1,-868
-688,1,-866
-697,5,-866
-708,-1,-863
-710,2,-856
-704,2,-858
2602,-1296,-1822
2616,-1290,-1817
2618,-1287,-1830
2638,-1296,-1850
2638,-1327,-1858
2648,-1324,-1881
2646,-1323,-1888
2647,-1323,-1896
2674,-1332,-1922
2677,-1333,-1922
2677,-1333,-1923
2676,-1332,-1921
2676,-1332,-1923
2700,-1352,-1925
2715,-1402,-1959
2715,-1405,-1957
2711,-1422,-1936
2705,-1440,-1926
2696,-1626,-1913
2570,-1662,-1925
2534,-1667,-1962
2514,-1666,-1970
2495,-1671,-2036
2496,-1674,-2038
2498,-1669,-2028
2561,-1661,-1931
2654,-1641,-1908
2724,-1623,-1907
2690,-1645,-1973
2676,-1663,-1965
2677,-1666,-1961
2677,-1666,-1961
2668,-1659,-1928
2666,-1659,-1932
2683,-1661,-1942
2684,-1660,-1943
2673,-1662,-1958
2685,-1656,-1971
2685,-1655,-1971
-615,6,-790
-603,2,-802
-608,2,-793
-613,6,-789
-644,3,-833
-638,3,-834
-638,2,-831
-635,2,-832
-667,2,-836
-664,1,-842
-663,3,-843
-672,3,-844
-700,1,-858
-685,6,-855
-664,5,-833
-684,2,-857
-688,4,-858
-690,1,-863
-690,1,-859
-703,2,-856
-706,2,-856
-716,2,-857
-716,2,-860
-714,2,-856
-711,2,-854
-705,2,-862
-681,2,-849
-658,1,-827
-658,1,-827
-658,6,-827
-635,36,-774
-624,4,-794
-698,4,-852
-622,2,-821
-624,2,-810
-618,2,-806
-618,2,-820
-633,23,-821
-661,3,-832
-631,2,-821
-624,2,-810
-622,2,-809
-622,2,-809
-622,2,-809
-623,2,-810
-622,2,-809
-635,36,-774
-634,36,-774
-627,2,-821
-621,2,-813
-621,2,-813
-622,2,-809
-622,2,-809
-619,28,-793
2842,-1827,-1921
2887,-1819,-1983
2870,-1833,-2109
2829,-1843,-2161
2820,-1837,-2165
2819,-1841,-2184
2815,-1866,-2192
2810,-1867,-2192
2794,-1866,-2184
2793,-1868,-2184
2785,-1866,-2174
2787,-1868,-2169
2790,-1867,-2160
2797,-1859,-2157
2799,-1857,-2156
2802,-1851,-2148
2800,-1849,-2143
2791,-1854,-2137
2788,-1861,-2135
2791,-1854,-2136
2786,-1866,-2132
2765,-1876,-2128
2759,-1862,-2125
2774,-1849,-2126
2802,-1833,-2135
2802,-1835,-2136
2802,-1835,-2136
2818,-1832,-2136
2852,-1840,-2139
2931,-1829,-2083
2942,-1834,-2076
2953,-1823,-2073
2975,-1794,-2043
2973,-1785,-2040
2884,-1804,-1971
2721,-1808,-1909
2702,-1813,-1921
2699,-1826,-1912
2728,-1851,-1911
2728,-1851,-1916
2727,-1849,-1924
2724,-1839,-1941
2724,-1862,-1967
2722,-1864,-1970
2730,-1867,-1991
2738,-1869,-1990
2741,-1872,-1986
2759,-1864,-1982
2794,-1851,-1982
2788,-1855,-1974
2786,-1855,-1976
2760,-1863,-1985
2748,-1873,-1978
2746,-1874,-1978
2746,-1874,-1978
-661,-1,-826
-658,0,-827
-656,2,-822
-661,0,-825
-657,0,-823
-656,0,-824
-663,1,-822
-661,-1,-825
-662,0,-824
-663,2,-822
-661,1,-827
-665,1,-825
-687,7,-852
-699,2,-869
-698,2,-863
-698,2,-863
-690,2,-865
-688,2,-859
-687,2,-861
-687,2,-864
-691,5,-871
-703,4,-864
-704,1,-864
-713,2,-864
-705,-3,-859
-699,-2,-855
-689,8,-853
-701,8,-858
-714,8,-845
-666,8,-841
-622,2,-809
-621,2,-808
-624,2,-809
-624,2,-810
-622,2,-810
-624,2,-822
-702,0,-863
-704,3,-864
-687,4,-857
-714,4,-836
-707,4,-861
-707,4,-861
-707,4,-861
-707,4,-861
-707,4,-861
-707,4,-861
-708,4,-862
-668,44,-794
-642,42,-795
-642,40,-796
-642,40,-796
-642,40,-796
-643,79,-791
-643,79,-792
-642,41,-785
-635,36,-775
-645,14,-799
-677,14,-842
2768,-1856,-1988
2770,-1855,-1988
2793,-1853,-1979
2721,-1865,-1977
2722,-1861,-1971
2729,-1837,-1944
2730,-1836,-1944
2746,-1840,-1950
2746,-1838,-1950
2753,-1833,-1942
2766,-1855,-1904
2745,-1854,-1872
2697,-1950,-1841
2699,-1953,-1841
2700,-1983,-1832
2705,-1984,-1830
2711,-1984,-1831
2729,-1987,-1824
2742,-1984,-1825
2745,-1984,-1824
2746,-1984,-1825
2700,-1980,-1813
2684,-1990,-1770
2689,-1990,-1784
2702,-2009,-1820
2709,-2017,-1828
2710,-2017,-1831
2720,-2015,-1835
2742,-2015,-1845
2746,-2015,-1851
2713,-2013,-1836
2684,-1946,-1775
2680,-1904,-1698
2688,-1824,-1746
2688,-1817,-1772
2688,-1817,-1772
2688,-1817,-1780
2688,-1817,-1785
-647,21,-833
-687,2,-863
-687,2,-863
-688,2,-863
-712,3,-862
-713,2,-861
-713,2,-861
-713,2,-861
-738,12,-886
-658,4,-827
-698,0,-867
-705,2,-859
-713,2,-864
-702,3,-864
-705,0,-863
-698,2,-862
-698,2,-862
-696,2,-863
-696,2,-868
-697,2,-866
-704,2,-865
-698,2,-867
-715,2,-863
-717,2,-863
-713,2,-863
-709,2,-864
-697,2,-868
-697,2,-870
-701,3,-867
-703,3,-864
-706,2,-865
-704,4,-866
-690,4,-860
-697,2,-869
-712,4,-862
-696,4,-859
-709,2,-862
-623,2,-817
-621,2,-809
-621,2,-809
-620,2,-809
-627,2,-821
-618,2,-809
-618,2,-809
-622,2,-808
-623,2,-809
-623,2,-809
-624,2,-808
-622,2,-809
-622,2,-809
-630,2,-821
-709,8,-859
-710,10,-850
2688,-1817,-1771
2701,-1825,-1751
2706,-1825,-1752
2711,-1825,-1752
2682,-1844,-1734
2687,-1809,-1829
2763,-1796,-1899
2693,-1773,-1999
2690,-1773,-2015
2659,-1744,-2059
2642,-1744,-2034
2642,-1744,-2029
2645,-1744,-2074
-664,35,-794
-713,2,-863
-697,5,-850
-639,2,-820
-624,2,-819
-635,2,-816
-634,2,-811
-632,2,-810
-634,2,-814
-634,2,-814
-636,2,-817
-632,2,-817
-635,3,-810
-631,3,-809
-634,36,-777
-634,36,-775
-636,36,-785
-701,8,-855
-744,-5,-857
-687,-7,-847
-643,9,-816
-622,2,-808
-624,2,-809
-578,0,-752
-650,9,-638
-574,10,-445
-498,10,-363
-317,10,-250
-640,36,-779
2095,19,-1747
2231,22,-1796
2309,27,-1712
2214,26,-1576
2356,26,-1474
2511,30,-1585
2523,30,-1808
2492,20,-1990
2514,49,-2220
2498,42,-2376
2639,32,-2435
2413,45,-2398
2206,58,-2410
2032,35,-2481
2051,53,-2536
1877,53,-2522
1733,30,-2439
1664,10,-2471
1634,15,-2489
1596,15,-2473
1644,20,-2342
1649,46,-2460
1731,74,-2474
1736,52,-2651
1903,31,-2743
2055,20,-2852
2216,6,-2957
2222,17,-3183
2218,11,-3289
2219,11,-3292
2218,1,-3291
-640,35,-782
-648,9,-819
-639,41,-809
-633,34,-791
-625,47,-804
-626,56,-801
-650,25,-795
-642,2,-825
-622,2,-810
-622,2,-810
-636,36,-774
-634,36,-773
-634,36,-773
-638,5,-817
-657,5,-832
-628,2,-821
-682,6,-855
-694,8,-850
2687,-1817,-1772
2695,-1825,-1751
2686,-1825,-1758
2685,-1823,-1759
2681,-1822,-1759
2684,-1822,-1759
2684,-1822,-1759
2685,-1824,-1759
2678,-1822,-1759
2672,-1822,-1759
2690,-1824,-1761
2693,-1826,-1756
2698,-1826,-1753
2688,-1826,-1751
2683,-1825,-1752
2692,-1825,-1749
2688,-1859,-1744
2620,-1871,-1735
2616,-1866,-1729
2623,-1866,-1729
-689,9,-843
-669,4,-855
-667,4,-859
-680,5,-842
-624,2,-809
-624,2,-809
-622,2,-811
-627,2,-821
-637,44,-770
-551,39,-737
-339,35,-735
-209,41,-827
-207,39,-908
-24,29,-953
193,29,-954
203,0,-950
176,9,-985
148,-1,-1023
152,-1,-1052
71,0,-1108
85,-5,-1098
59,-2,-1102
63,-2,-1053
-638,36,-776
-636,36,-773
-634,36,-780
-625,2,-821
-624,2,-809
-624,2,-809
-623,2,-809
-621,4,-811
-621,4,-811
-636,2,-816
-633,2,-816
-632,2,-816
-637,2,-820
-637,2,-820
-624,2,-810
-624,2,-810
-624,2,-810
-626,2,-819
-635,36,-775
-629,2,-821
-622,2,-809
-624,2,-809
-624,2,-809
-624,2,-809
-624,2,-809
-684,5,-851
-706,11,-846
-717,4,-859
-700,3,-860
-694,2,-869
-690,2,-863
-703,2,-857
-701,3,-867
-693,4,-861
-692,4,-853
-690,3,-868
-690,4,-860
-698,3,-857
-702,3,-866
-702,4,-868
-698,5,-866
-703,4,-856
-700,4,-870
-690,4,-865
-688,8,-847
-635,2,-819
-622,2,-810
-623,2,-809
-623,2,-809
-655,2,-824
-624,2,-809
-622,2,-809
-622,2,-809
-637,44,-784
-637,44,-784
-637,44,-784
-637,44,-784
-633,36,-755
-575,38,-732
-579,1,-749
-586,5,-757
-586,4,-749
-583,2,-751
-644,31,-803
-630,2,-821
-622,2,-809
-622,2,-809
-622,2,-809
-622,2,-809
-622,2,-809
-622,2,-809
-622,2,-809
-622,2,-809
-622,2,-809
-622,2,-809
-623,2,-812
-660,7,-832
-709,7,-855
-716,3,-853
-717,3,-859
-716,5,-856
-716,4,-851
-713,4,-858
-712,3,-851
-711,4,-855
-711,7,-842
-683,-5,-851
-665,14,-810
-653,2,-775
-644,41,-780
-644,41,-780
-644,41,-780
-603,4,-807
2688,-1817,-1772
2688,-1817,-1782
2689,-1817,-1787
2689,-1817,-1791
2688,-1817,-1773
2689,-1825,-1760
2691,-1825,-1761
2700,-1825,-1751
2700,-1823,-1750
2687,-1825,-1749
2684,-1825,-1750
2692,-1825,-1752
2660,-1846,-1744
2656,-1845,-1752
2660,-1847,-1740
2662,-1848,-1743
2675,-1841,-1759
-683,10,-847
-683,10,-847
-683,10,-847
-683,10,-847
-683,10,-847
-691,5,-862
-691,5,-859
-694,5,-869
-701,5,-857
-691,6,-856
-704,6,-857
-700,6,-871
-690,6,-866
-694,7,-858
-690,7,-865
-704,7,-866
-701,7,-861
-702,9,-858
-699,2,-867
-705,3,-864
-705,1,-852
-700,8,-857
-696,7,-860
-693,7,-868
-697,7,-866
-691,10,-866
-693,7,-866
-704,8,-860
-695,7,-859
-705,8,-863
-658,8,-828
-622,2,-809
-622,2,-809
-622,2,-815
-635,36,-774
-635,36,-774
-643,36,-773
-643,36,-773
-643,36,-773
-644,36,-771
-643,36,-793
-620,2,-809
-620,2,-809
-620,2,-809
-620,2,-809
-626,2,-810
-626,2,-810
-626,2,-809
-647,40,-796
-633,36,-774
-633,36,-775
-633,39,-775
-633,36,-775
-633,36,-775
-625,24,-799
-633,13,-811
-633,13,-811
-633,6,-811
-630,36,-784
-630,36,-784
-632,39,-781
-642,36,-825
-662,26,-847
-692,43,-840
-693,40,-846
-688,40,-833
-687,58,-835
-690,19,-878
-697,13,-866
-718,16,-863
-707,12,-866
-713,94,-864
-713,482,-864
-713,914,-864
-713,1190,-864
-709,1241,-833
-637,1354,-725
-637,1354,-725
-637,1354,-725
-637,1354,-725
-580,1433,-671
-588,1423,-683
-643,1268,-874
-659,1268,-897
-669,1278,-910
-564,1189,-954
-478,998,-981
-425,560,-997
-444,30,-964
-405,12,-854
-364,11,-854
-367,16,-815
-387,9,-852
14135,30,-20383
1849,34,-1955
1891,43,-2048
1898,39,-2048
1891,34,-2075
1896,34,-2090
1887,34,-2092
1888,34,-2095
1878,33,-2101
1885,33,-2099
1885,45,-2099
-640,41,-786
-627,41,-779
-634,36,-774
-634,36,-774
-635,4,-818
-642,6,-824
-627,2,-821
-623,2,-822
-655,7,-822
-662,16,-849
-631,2,-821
-638,2,-822
-622,2,-818
-629,2,-821
-629,2,-821
-629,2,-821
-637,20,-815
-637,20,-815
-637,20,-815
-637,20,-815
-616,11,-806
-617,13,-804
-616,13,-805
-616,13,-805
-645,14,-826
-634,2,-828
-634,0,-828
-644,12,-831
-644,12,-831
-644,12,-831
-644,12,-831
-637,6,-826
-634,2,-828
-618,11,-805
-584,19,-787
-632,2,-821
-621,2,-815
-707,16,-856
-586,7,-769
-564,2,-702
-581,-6,-664
-584,-6,-664
-715,30,-743
-697,7,-866
-699,7,-864
-695,8,-860
-697,7,-865
-697,7,-861
-706,6,-863
-701,2,-863
-705,7,-863
-626,2,-819
-642,8,-816
-628,9,-804
-695,11,-851
-705,2,-862
-680,12,-851
-654,5,-835
-654,5,-835
-654,5,-835
-704,3,-862
-705,2,-863
-706,16,-855
-736,3,-843
-821,0,-843
-830,-2,-848
-830,-2,-849
-835,-2,-856
-838,4,-872
-852,2,-891
-788,12,-876
-714,12,-855
-714,12,-855
-714,12,-855
-712,5,-859
-712,5,-859
-711,5,-850
-711,6,-856
-716,10,-860
-691,30,-796
-722,13,-759
-709,15,-754
-698,27,-756
-695,28,-756
-694,28,-749
-700,28,-759
-686,28,-735
-681,29,-731
-680,29,-732
-674,33,-733
-670,31,-734
-662,34,-736
-662,35,-738
-662,34,-738
-662,34,-736
-680,29,-730
-689,28,-733
-665,37,-778
-714,11,-849
-714,11,-849
-714,11,-849
-715,7,-853
-715,7,-850
-712,7,-858
-716,7,-861
-715,7,-860
-716,8,-860
-714,8,-858
-712,8,-859
-709,5,-859
-718,5,-858
-713,3,-847
-714,2,-862
-714,2,-857
-714,2,-856
-714,3,-855
-714,3,-856
-715,2,-856
-713,3,-857
-713,3,-857
-714,2,-861
-714,2,-861
-714,2,-855
-714,2,-861
-694,36,-806
-636,36,-775
-636,36,-775
-692,18,-847
-718,7,-863
-707,2,-861
-715,11,-875
-691,11,-848
-625,2,-809
-623,2,-819
-627,2,-822
-712,8,-853
-718,18,-861
-702,2,-863
-704,2,-864
-646,48,-791
-634,36,-773
-634,36,-773
-636,39,-797
-624,42,-744
-626,34,-740
-625,33,-741
-625,32,-742
-603,91,-766
-536,52,-832
-574,23,-800
-574,22,-799
-572,4,-798
-576,4,-796
-604,17,-791
-623,2,-810
-623,2,-810
-623,2,-810
-623,2,-810
-631,2,-821
-558,12,-797
-512,1,-811
-515,1,-810
-526,7,-804
-560,6,-790
-572,1,-789
-582,9,-783
-577,2,-800
-551,4,-781
2688,-1826,-1758
2678,-1911,-1736
2749,-1928,-1627
2696,-1929,-1551
2636,-1934,-1509
2634,-1934,-1510
2635,-1938,-1510
2610,-1939,-1504
2613,-1953,-1502
2614,-1955,-1504
2613,-1955,-1502
2612,-1955,-1501
-639,41,-797
-575,2,-798
-583,4,-800
-572,1,-780
-593,3,-817
-529,5,-815
-507,2,-813
-507,2,-812
-508,2,-812
-512,0,-813
-513,0,-813
-501,5,-818
-488,4,-794
-495,2,-799
-516,8,-809
2688,-1817,-1772
2688,-1817,-1793
2688,-1817,-1768
2649,-1838,-1746
2660,-1901,-1738
2648,-1862,-1752
2652,-1845,-1752
2647,-1845,-1754
2630,-1844,-1758
2654,-1844,-1722
2727,-1931,-1674
2739,-1951,-1664
2739,-1955,-1664
2735,-1956,-1661
2737,-1958,-1662
2779,-1949,-1634
2781,-1953,-1631
2784,-1953,-1628
2784,-1953,-1629
2786,-1953,-1631
2784,-1954,-1631
2782,-1954,-1631
-639,19,-787
-650,8,-809
-623,13,-817
-517,3,-815
-523,1,-816
-520,1,-816
-513,1,-813
-513,1,-813
-517,1,-814
-524,1,-816
-515,1,-814
-527,2,-814
-521,2,-815
-514,2,-814
-518,2,-813
-522,2,-814
-521,3,-812
-515,2,-814
-511,7,-801
-633,14,-819
-683,6,-838
-684,0,-838
-684,-1,-850
-684,-1,-847
-683,0,-846
-686,5,-830
-697,9,-846
-638,-2,-813
-630,-4,-812
-637,2,-809
-682,-2,-840
-686,-5,-851
-705,5,-848
-713,2,-848
-729,12,-859
-729,12,-859
-716,13,-858
-707,18,-842
-638,2,-822
-624,2,-809
-624,2,-809
-621,2,-808
-621,2,-808
-621,2,-808
-621,2,-808
-621,2,-808
-630,2,-821
-622,2,-808
-706,7,-855
-712,2,-862
-712,2,-862
-712,2,-862
-712,2,-862
-712,2,-862
-712,2,-862
-666,16,-848
-603,3,-797
-605,4,-806
-598,3,-800
-590,11,-798
-590,11,-798
-590,11,-798
-590,5,-795
-631,2,-821
-631,2,-821
-622,4,-812
-626,2,-821
-714,2,-860
-637,2,-822
-621,6,-809
-622,6,-817
2689,-1817,-1771
2690,-1817,-1770
-640,41,-782
-622,2,-810
-619,2,-809
-638,2,-821
-593,8,-795
-593,15,-814
-673,16,-849
-637,4,-815
-633,2,-824
-620,2,-809
-638,2,-821
-637,36,-779
-643,36,-771
-644,36,-769
-644,36,-769
-644,36,-769
-641,36,-778
-634,6,-815
-623,2,-810
-637,36,-817
-644,36,-773
-639,36,-772
2178,-1038,-1946
2049,-53,-1861
2046,-55,-1860
2046,-55,-1860
2046,-55,-1860
5709,21,17385
-637,36,-775
-637,36,-775
-637,36,-775
27147,-30483,920
27137,-30511,940
27124,-30473,903
27124,-30464,903
27127,-30490,877
27134,-30495,871
-637,36,-774
-637,35,-774
1951,-1066,-1762
1945,-1066,-1771
1913,-1073,-1782
1913,-1073,-1782
1929,-1072,-1808
1933,-1067,-1808
1979,-1067,-1804
1968,-1067,-1803
-636,39,-771
-629,42,-774
-638,6,-820
-638,6,-820
-638,6,-820
-638,6,-820
-638,6,-820
-638,6,-820
-638,6,-820
-637,3,-822
-620,2,-809
-620,2,-809
-620,2,-809
-620,2,-809
-621,2,-812
-618,2,-809
-632,2,-826
-632,2,-826
-631,3,-822
-631,3,-822
-648,3,-830
-665,3,-838
-701,2,-863
-701,2,-863
-701,2,-863
-701,2,-863
-706,7,-858
-703,4,-854
-637,2,-826
-637,2,-826
-637,2,-826
-637,2,-826
-637,2,-826
-637,2,-826
-638,2,-829
-637,2,-829
-637,2,-829
-637,2,-829
-648,2,-813
-648,2,-812
-636,2,-826
-636,2,-826
-634,2,-827
-634,2,-827
-634,2,-827
-634,2,-827
-634,2,-827
-634,2,-827
-638,2,-827
-638,2,-827
-638,2,-827
-638,2,-827
-638,2,-827
-636,2,-828
-636,2,-828
-636,2,-828
-636,2,-828
-636,2,-828
-636,2,-828
-636,2,-828
-636,2,-828
-636,2,-828
-636,2,-828
-636,2,-828
-636,2,-828
-636,2,-828
-636,2,-828
-636,2,-828
-634,2,-824
-633,2,-822
-622,2,-809
-622,2,-809
-622,2,-808
-622,2,-808
-633,2,-825
-633,2,-825
-621,2,-811
-621,2,-810
-619,2,-809
-619,2,-809
-619,2,-809
-619,2,-809
-619,2,-809
-619,2,-809
-619,2,-809
-619,2,-809
-619,2,-809
-619,2,-809
-619,2,-809
-619,2,-809
-619,2,-809
-619,2,-809
-618,2,-813
-621,2,-811
-629,3,-823
-629,3,-823
-623,3,-807
-622,3,-806
-620,2,-809
-620,2,-809
-620,2,-809
-620,2,-809
-626,2,-820
-629,2,-821
-630,5,-827
-630,5,-827
-650,2,-835
-647,2,-834
-642,2,-815
-640,2,-820
-621,2,-812
-623,2,-816
-636,3,-832
-636,3,-832
-636,3,-819
-636,3,-819
-630,1,-800
-630,1,-800
-630,1,-800
-623,1,-793
-611,2,-778
-610,2,-779
-602,2,-779
-606,4,-784
-619,2,-810
-621,2,-809
-645,26,-810
-641,41,-789
-636,36,-773
-636,36,-773
-635,36,-774
-635,36,-774
-644,36,-770
-644,36,-770
-638,22,-787
-633,16,-802
-637,36,-774
-637,36,-774
1825,2,-2007
1826,2,-2006
1826,4,-2006
1826,2,-2006
-639,36,-774
-616,11,-798
-630,2,-821
-592,15,-794
-403,24,-823
-312,66,-825
-329,61,-829
-170,27,-830
-206,38,-787
-392,45,-737
-579,16,-775
-715,23,-802
-644,36,-773
-644,36,-773
-629,-3,-814
3102,5913,14705
3090,5914,14709
3083,5915,14710
3087,5920,14707
3092,5921,14706
3105,5911,14697
3105,5911,14697
3105,5911,14697
3105,5911,14697
3105,5924,14703
-640,35,-775
-637,39,-760
-637,39,-760
-637,39,-760
-637,48,-760
-631,45,-774
-609,29,-823
-646,11,-824
-715,19,-861
-588,25,-870
-627,36,-764
-629,36,-762
-629,36,-762
-628,36,-760
-630,36,-750
-432,19,-590
3087,5909,14731
2037,25,-1896
2037,13,-1896
2066,32,-1941
-637,38,-774
3128,5924,14703
3078,5901,14703
3078,5901,14705
3078,5901,14702
3075,5901,14705
3075,5901,14697
3072,5900,14699
3072,5901,14706
3072,5901,14699
3088,5919,14722
3086,5909,14726
3086,5898,14729
3084,5898,14736
3084,5899,14739
3092,5907,14735
3087,5907,14729
3087,5907,14724
3087,5900,14725
3086,5900,14730
3087,5904,14725
3086,5899,14727
3087,5899,14737
3087,5906,14735
3079,5906,14737
3081,5907,14737
3103,5912,14741
3126,5925,14726
3129,5920,14726
-629,38,-806
-630,17,-825
-662,6,-837
-664,4,-856
-617,49,-734
-624,44,-757
-620,2,-816
-624,2,-808
-626,2,-811
-660,10,-823
-640,20,-826
-653,5,-819
-636,3,-820
-627,46,-755
-629,36,-759
-629,36,-759
-634,2,-819
-631,2,-821
-623,2,-809
-623,2,-809
-623,2,-809
-623,2,-809
-623,2,-809
-623,2,-809
-623,6,-809
-626,2,-818
-626,2,-818
-626,2,-818
-630,2,-821
-636,38,-820
-636,50,-820
-636,50,-820
-636,50,-820
-636,38,-820
-628,36,-806
-628,36,-806
-633,65,-760
-643,48,-738
-641,33,-731
-638,36,-733
-651,36,-758
-651,37,-751
-672,43,-742
-717,43,-730
-644,55,-751
-623,55,-748
-664,47,-770
-636,47,-791
3128,5924,14722
3110,5933,14706
3084,5903,14738
3087,5900,14727
3086,5901,14729
3086,5900,14734
3090,5929,14728
3071,5927,14747
3085,5901,14728
3085,5901,14728
3086,5901,14727
3082,5900,14732
3084,5900,14733
3083,5900,14732
3082,5900,14732
3079,5900,14734
3081,5900,14729
3081,5904,14729
3081,5904,14729
3081,5904,14729
3081,5904,14729
3081,5904,14729
3081,5904,14729
3081,5904,14729
3081,5904,14729
3081,5904,14729
3108,5919,14746
3091,5914,14745
3127,5926,14721
3121,5926,14735
3090,5909,14755
3083,5929,14754
3080,5904,14742
3082,5906,14736
3063,5915,14744
3087,5916,14751
3123,5922,14738
3112,5922,14733
3082,5904,14734
3085,5903,14735
3084,5905,14736
3082,5905,14735
3084,5907,14735
3085,5907,14735
3086,5907,14748
3088,5907,14741
3128,5919,14724
3117,5913,14706
3114,5913,14706
3114,5913,14706
3114,5913,14706
3113,5913,14706
3084,5912,14705
3087,5912,14705
3089,5913,14726
3082,5901,14726
3086,5901,14731
3086,5901,14726
3097,5945,14758
3097,5945,14758
3097,5945,14758
3097,5945,14758
3097,5945,14758
3097,5945,14758
3097,5945,14758
3097,5945,14758
3097,5945,14758
3097,5945,14758
3097,5945,14758
3097,5945,14758
3097,5945,14769
3097,5926,14744
3085,5907,14736
3085,5908,14736
3085,5909,14736
3082,5908,14735
3084,5908,14735
3084,5910,14737
3082,5910,14735
3083,5910,14737
3086,5902,14731
3086,5902,14734
3090,5904,14735
3090,5904,14735
3088,5895,14736
3088,5895,14738
3088,5906,14740
3088,5906,14740
3088,5906,14740
3088,5906,14740
3088,5906,14740
3088,5906,14740
3088,5906,14740
3088,5906,14740
3088,5906,14740
3088,5906,14740
3088,5906,14740
3088,5906,14740
3088,5906,14740
3088,5906,14740
3088,5906,14740
3088,5906,14740
3088,5913,14744
3089,5914,14742
3109,5918,14724
3120,5918,14724
3122,5918,14723
3110,5918,14721
3093,5916,14720
3090,5909,14728
3106,5917,14726
3117,5917,14723
3126,5918,14722
3126,5918,14722
3126,5918,14722
3126,5918,14722
3126,5920,14722
3130,5927,14722
3140,5925,14702
3131,5925,14697
3120,5917,14697
3109,5920,14696
3098,5920,14699
3090,5916,14708
3098,5920,14725
3126,5918,14724
-638,3,-807
-633,2,-821
-622,2,-810
-624,2,-809
-624,2,-809
-624,2,-809
-624,2,-809
-624,2,-809
-660,8,-829
-666,9,-832
-622,2,-810
-622,2,-809
-625,2,-811
-621,6,-814
-700,13,-849
-706,2,-860
-695,2,-861
-695,2,-861
-714,17,-858
-683,32,-813
3128,5918,14722
3110,5925,14721
3086,5902,14730
3086,5902,14730
3088,5903,14730
3088,5903,14731
3086,5904,14730
3082,5901,14732
3082,5900,14727
3083,5900,14726
3088,5904,14731
3087,5904,14730
3087,5905,14734
3086,5906,14730
3086,5906,14734
3086,5906,14728
3086,5908,14729
3086,5908,14732
3086,5908,14733
3087,5908,14734
3086,5910,14730
3084,5910,14730
3083,5908,14733
3083,5911,14731
3088,5913,14726
3100,5913,14725
3107,5913,14723
3108,5913,14712
3112,5913,14706
3115,5913,14702
3104,5913,14697
3104,5913,14697
3105,5911,14695
3100,5911,14693
3100,5913,14697
3098,5913,14700
3083,5901,14699
3083,5905,14699
3088,5922,14710
3099,5922,14711
3118,5922,14722
3118,5922,14722
3113,5915,14707
3108,5913,14706
3090,5913,14706
3091,5913,14706
3085,5910,14707
3093,5912,14706
3107,5913,14725
3082,5907,14725
3107,5913,14716
3103,5913,14707
3116,5928,14695
3136,5929,14699
3121,5927,14701
3110,5912,14693
3113,5911,14696
3110,5911,14696
3114,5911,14697
3118,5910,14696
3121,5910,14695
3122,5913,14696
3101,5928,14707
3083,5928,14713
3016,5903,14735
3017,5900,14735
3019,5898,14731
3022,5898,14731
3023,5898,14730
3023,5898,14730
3021,5897,14735
3022,5897,14735
3030,5898,14739
3029,5898,14737
3026,5898,14735
3026,5898,14735
3067,5925,14716
3068,5925,14715
3112,5913,14706
3107,5913,14706
3107,5914,14703
3107,5913,14708
3106,5913,14703
3106,5913,14703
3111,5913,14706
3116,5913,14706
3116,5913,14706
3116,5913,14706
3116,5913,14706
3116,5913,14706
3116,5913,14706
3116,5913,14706
3116,5913,14706
3116,5913,14706
3116,5913,14706
3116,5913,14706
3119,5914,14706
3120,5913,14705
3108,5913,14712
3107,5913,14707
3107,5913,14707
3113,5913,14706
3112,5913,14707
3104,5927,14696
3102,5927,14694
3095,5927,14689
3061,5918,14720
3095,5921,14725
29925,16116,-12103
3121,5913,14701
3122,5934,14700
3122,5920,14700
3123,5913,14701
3121,5913,14704
3120,5913,14707
3113,5925,14697
3113,5925,14697
3121,5925,14708
3118,5923,14707
3105,5913,14702
3105,5913,14703
3119,5944,14708
3163,5924,14727
3130,5928,14724
-636,43,-773
-637,36,-775
-637,36,-775
1853,18,-1927
1849,23,-1921
1810,19,-1997
1810,19,-1997
1810,-156,-1997
1811,-296,-1991
1789,-288,-2012
1789,-288,-2012
-640,36,-775
-640,36,-775
-640,36,-775
-625,36,-788
-738,10,-858
-748,1,-845
-726,1,-855
-712,2,-862
-714,7,-862
-641,4,-817
-637,29,-812
3131,5928,14716
3121,5920,14698
3121,5920,14698
3121,5920,14698
3084,5903,14698
3087,5886,14687
3085,5897,14680
2482,6148,14526
2498,5877,14526
2496,5761,14528
2496,5836,14528
2496,5774,14529
2496,5627,14521
2481,5633,14511
2486,5649,14519
2486,5628,14519
2496,5618,14521
2495,5588,14514
2495,5152,14514
2483,4951,14512
2483,4279,14512
2483,3678,14512
2483,2971,14512
2483,2242,14512
2483,2159,14512
2483,2159,14512
2483,2159,14512
2483,2159,14512
2483,2159,14512
2483,2159,14512
2495,24,14558
2481,3,14544
2510,7,14473
-640,36,-775
-596,20,-797
-483,9,-652
-390,33,-562
-264,47,-391
-110,55,-237
-4,4,-48
-25,27,-16
-639,2,-811
-633,2,-819
-637,2,-815
-637,2,-815
-638,1,-803
-629,-3,-807
-606,17,-801
-469,17,-692
-713,1,-860
-694,2,-862
-693,2,-868
-697,2,-866
-695,2,-861
-695,2,-861
-699,2,-860
-576,27,-1337
-563,30,-1340
-380,54,-1385
-176,64,-1462
-18,79,-1515
194,42,-1568
396,15,-1638
595,15,-1681
779,24,-1798
977,24,-1871
1193,24,-1895
1405,14,-1899
1614,51,-1918
1823,28,-1951
1839,24,-1950
-639,36,-774
3128,5918,14722
3096,5928,14719
-637,40,-772
-644,36,-767
-629,36,-759
-642,41,-766
-603,45,-761
-619,15,-805
-619,15,-805
-677,16,-856
-725,10,-760
-694,10,-806
-626,2,-811
-629,-3,-812
-636,-2,-809
-624,6,-813
-642,4,-816
-639,4,-811
-637,4,-811
-634,4,-811
-631,4,-811
-638,4,-812
-634,3,-812
-677,7,-841
-692,2,-861
-696,2,-863
-703,2,-855
-623,2,-812
-625,2,-811
-620,2,-809
-621,2,-808
-621,2,-808
-629,2,-822
-758,17,-925
-759,2,-923
-759,2,-923
-755,2,-915
-817,10,-940
-925,10,-985
-927,8,-991
-927,8,-991
-927,-14,-996
-895,13,-978
-794,11,-926
-669,45,-773
-644,35,-752
-629,36,-760
-629,36,-760
-629,36,-760
-642,37,-754
-663,18,-670
-747,8,-837
-803,3,-929
-803,3,-928
-796,2,-930
-803,5,-924
-792,1,-931
-769,1,-914
-751,6,-886
-724,2,-850
-711,-1,-851
-646,11,-817
-678,11,-845
-663,45,-756
-646,37,-754
-630,36,-760
-630,36,-760
-620,36,-757
-640,42,-761
3128,5918,14722
3071,5925,14716
3152,5922,14774
3175,5896,14766
2482,6148,14526
2484,6147,14522
2496,6112,14527
2498,5624,14537
2495,5619,14542
2507,5703,14528
2509,5595,14528
2500,5256,14514
2500,4692,14514
2500,3846,14514
2500,2975,14514
2500,2240,14514
2500,1249,14514
2500,1060,14514
2500,348,14514
2500,210,14514
2500,8,14514
2465,1,14496
2462,4,14496
2469,9,14508
2495,18,14447
2465,18,14492
-635,36,-775
-635,36,-775
-635,36,-774
-635,36,-774
-635,36,-774
-635,36,-774
-611,26,-799
-762,4,-904
-802,1,-930
-800,1,-928
-798,1,-928
-797,1,-929
-797,7,-929
-797,7,-929
-797,7,-929
-700,37,-801
-643,35,-746
-648,36,-765
-648,36,-764
35,9375,248
32,9371,271
-640,36,-763
-640,36,-763
-642,36,-762
-644,35,-751
-646,48,-741
-646,52,-741
307,40,-962
-629,36,-761
-629,36,-761
-629,36,-761
-629,36,-761
-629,36,-761
-629,36,-761
-636,36,-775
3116,5926,14721
3123,5926,14716
3123,5926,14716
3123,5926,14716
3123,5926,14716
3123,5926,14716
3123,5926,14716
3123,5926,14716
3114,5914,14712
3119,5923,14711
-576,24,-1096
-582,24,-1096
-580,25,-1100
-580,29,-1100
-580,29,-1100
-580,29,-1100
-581,29,-986
-594,32,-1072
-622,40,-1278
-528,35,-1328
-539,2,-1467
-513,2,-1456
-506,4,-1461
-516,3,-1448
-530,3,-1442
-560,3,-1450
-647,36,-762
-647,36,-762
1124,14152,-912
7,9369,246
13,9369,253
16,9370,253
15,9364,263
23,9372,254
16,9368,253
34,9367,244
29,9365,257
-640,40,-762
2482,6147,14526
2450,6158,14536
2447,6157,14535
2448,6154,14539
2437,6154,14542
2430,6154,14537
2426,6154,14540
2437,6158,14544
2476,6154,14529
2458,6152,14526
2444,6157,14527
2446,6156,14531
2446,6156,14531
2443,6156,14529
2439,6156,14526
2440,6156,14527
2440,6156,14527
2439,6156,14529
2445,6155,14523
2443,6161,14523
2442,6152,14549
2447,6156,14533
2440,6155,14534
2441,6153,14537
2448,6156,14536
-629,36,-760
-633,3,-809
-1147,1,-755
-661,16,-774
3747,8723,21788
2521,5776,14496
2508,5774,14490
2508,5774,14490
-647,36,-791
-632,47,-809
-626,40,-762
-630,36,-760
-630,53,-760
-638,36,-775
2479,6142,14511
2497,6121,14527
2497,5826,14527
4017,9160,22056
2493,6148,14528
2498,5696,14527
2480,5618,14522
2486,5047,14524
2486,4363,14524
2486,3974,14524
2486,3647,14524
2486,2929,14524
2486,2046,14524
2486,1665,14524
2486,816,14524
2486,204,14524
2486,-5,14524
-660,36,-893
2433,6052,14287
2503,6135,14526
2376,5952,14582
2396,5768,14582
2390,5629,14584
2401,5522,14589
2502,5397,14565
2508,5173,14552
2508,4754,14552
2505,4699,14548
2505,4942,14548
2505,5137,14548
2505,5348,14548
2505,5549,14548
2506,5711,14577
2509,5709,14577
2494,5736,14572
2494,5962,14573
2494,6132,14573
2481,6163,14527
2479,6157,14528
2479,6157,14528
2479,6157,14528
2479,6157,14528
-643,-29,-907
-621,1,-810
-621,1,-809
-696,8,-847
-700,1,-861
-700,1,-861
-700,2,-861
-700,2,-861
-700,2,-861
-700,2,-861
-700,2,-861
-700,2,-861
-693,2,-861
-640,2,-808
-637,3,-808
-631,3,-808
-638,4,-802
-638,3,-810
-632,3,-807
-640,6,-811
-647,45,-785
-648,41,-789
-638,41,-782
-635,36,-774
-635,36,-774
-628,36,-761
-628,36,-761
-633,39,-734
-656,17,-825
-626,-1,-810
-624,2,-812
-624,2,-808
-623,2,-809
-623,2,-809
-623,2,-809
-692,15,-878
-897,11,-974
-1056,13,-871
-1087,10,-885
-1085,9,-881
-1083,12,-858
-1146,1,-751
-1139,1,-762
-1145,1,-755
-1146,2,-743
-1146,2,-737
-1147,2,-741
-1147,3,-753
-691,-4,-849
-716,-7,-850
-716,-6,-850
-710,1,-850
-687,11,-837
-1145,1,-759
-1149,1,-758
-1147,3,-756
-1293,3,-788
-1301,10,-789
-1037,6,-643
-1042,3,-630
-929,7,-680
-796,7,-795
-774,-2,-808
-775,1,-782
-742,9,-769
-774,4,-795
-782,13,-800
-782,-1,-800
-782,0,-800
-782,4,-800
-781,1,-800
-781,0,-800
-779,1,-800
-698,1,-849
-723,7,-850
-712,18,-872
-697,2,-865
-699,13,-854
-678,13,-868
-766,5,-908
-778,4,-901
-579,24,-1097
-580,35,-1095
-587,40,-1065
-629,36,-759
-629,36,-759
-640,49,-756
-628,36,-759
-628,36,-759
-645,35,-752
-648,36,-757
-640,36,-782
-640,36,-781
-634,36,-780
-606,3,-817
-632,2,-825
-640,1,-814
-640,1,-809
-625,1,-798
-627,14,-834
-777,7,-907
-700,1,-850
-699,1,-849
-699,1,-849
-708,2,-860
-777,17,-916
-777,17,-916
-776,17,-922
-641,7,-818
-620,2,-808
-620,2,-808
-620,2,-808
-620,2,-808
-693,23,-856
-630,36,-760
-630,36,-760
-630,36,-760
-645,44,-754
-643,36,-760
-645,35,-751
-732,14,-753
-747,14,-879
-694,2,-860
-624,2,-816
-621,2,-808
-621,2,-808
-643,2,-814
-693,-4,-848
-691,0,-851
-691,0,-851
-691,0,-851
-707,8,-844
-693,1,-850
-691,0,-849
-692,0,-848
-684,1,-843
-686,1,-844
-685,1,-845
-699,4,-846
-357,8,-869
-357,8,-869
-357,8,-869
-357,8,-869
-357,8,-869
-357,8,-869
-357,8,-869
-357,8,-868
-357,8,-868
-357,8,-868
-352,48,-850
-274,28,-903
-434,22,-837
-603,17,-810
-734,23,-946
-700,23,-938
-674,23,-922
-658,20,-917
-579,24,-1094
-578,25,-1095
-599,23,-1059
-589,19,-943
-660,28,-806
-635,36,-773
-635,36,-773
-629,36,-760
-629,36,-760
-629,36,-760
-629,38,-760
-634,38,-774
2496,6150,14533
2450,6158,14543
730,13,37
699,30,-17
672,56,-48
614,67,-148
576,77,-176
-636,36,-774
-693,8,-859
-710,8,-864
-693,7,-862
-626,9,-816
-627,9,-818
-626,9,-819
-717,10,-864
-627,9,-817
-627,9,-817
-625,10,-816
-646,10,-817
-623,2,-808
-625,2,-813
-693,6,-859
-694,7,-863
-693,7,-858
-696,7,-862
-698,12,-866
-628,36,-760
-628,36,-760
-628,36,-760
-624,9,-815
-630,9,-820
-621,8,-821
-626,8,-810
-618,8,-806
-621,8,-809
-621,8,-811
-619,8,-816
-619,8,-821
-623,10,-828
-627,7,-820
-622,7,-819
-620,8,-819
-644,15,-870
-726,35,-1045
-675,40,-1247
-680,37,-1138
-620,7,-821
-629,9,-823
-625,8,-806
-618,8,-807
-625,8,-823
-624,9,-825
-621,8,-812
-622,8,-817
-473,8,-575
-526,11,-419
-631,3,-394
-645,14,-309
-640,11,-817
8713,-7686,-1007
8710,-7679,-1030
8710,-7679,-1033
-669,13,-838
-632,21,-814
-628,21,-817
-626,21,-817
-626,21,-817
-626,21,-817
-619,20,-801
-589,20,-819
-606,20,-819
-699,9,-863
-696,9,-864
-699,27,-865
-693,25,-862
-695,8,-868
-635,36,-774
-628,36,-759
-628,36,-759
-699,8,-866
-693,8,-860
-697,6,-859
-695,7,-866
-700,6,-869
-692,7,-864
-697,7,-868
-697,7,-859
-695,7,-862
-696,7,-867
-696,7,-860
-694,8,-868
-697,2,-866
-699,4,-867
-704,3,-862
-706,2,-863
-699,11,-857
-644,41,-784
-644,41,-784
-636,36,-774
-636,36,-774
-640,36,-777
-644,39,-773
-628,36,-760
-623,48,-761
-717,11,-852
-730,2,-881
-708,-4,-843
-726,2,-851
-732,0,-847
-693,2,-861
-704,2,-864
-620,2,-809
-627,2,-820
3128,5917,14722
1193,67,-1242
1323,98,-1445
1443,161,-1648
1557,179,-1860
1667,185,-2064
2124,73,-2916
2239,71,-3129
2353,70,-3341
2432,109,-3534
0,-1,0
6644,210,-11305
6644,210,-11307
6693,209,-11486
6756,209,-11720
6819,207,-11954
6881,134,-12186
6888,125,-12421
6859,156,-12662
6830,166,-12901
6800,168,-13141
6771,169,-13381
6742,169,-13621
6713,169,-13858
6683,169,-14101
6654,169,-14340
6624,169,-14581
6656,169,-14746
6460,169,-14819
6246,165,-14952
6052,116,-15073
5845,100,-15201
5904,95,-15347
6095,94,-15495
6281,93,-15639
6475,93,-15789
6665,111,-15937
6858,168,-16086
7050,186,-16235
7238,191,-16381
7429,193,-16529
7643,182,-16695
7829,119,-16839
8016,99,-16984
8209,93,-17134
8401,91,-17283
8592,90,-17431
8781,90,-17577
8974,90,-17727
9164,108,-17874
9353,175,-18020
9549,209,-18172
9736,221,-18317
9930,227,-18468
10116,228,-18612
10286,229,-18791
10438,190,-18979
10589,137,-19165
10742,117,-19354
10892,110,-19540
11053,108,-19723
11230,107,-19883
11409,107,-20045
11590,107,-20210
11758,150,-20363
11886,222,-20478
12065,245,-20641
12244,205,-20803
12422,187,-20964
12601,181,-21127
12780,129,-21290
12959,103,-21452
13137,95,-21614
13316,177,-21775
13496,208,-21939
13674,217,-22101
13853,223,-22263
13976,330,-22374
14154,379,-22536
14333,395,-22698
14493,399,-22844
14647,400,-22983
14729,401,-23058
14885,401,-23199
15064,401,-23362
15242,401,-23523
15422,401,-23686
15601,401,-23849
15781,401,-24012
15912,401,-24131
15953,401,-24168
16029,401,-24237
16208,401,-24399
16393,401,-24554
16604,401,-24671
16815,401,-24788
17026,401,-24905
17237,401,-25022
17449,401,-25139
17660,401,-25256
17867,490,-25371
17963,599,-25424
17992,709,-25440
18001,820,-25445
18004,930,-25446
18005,1003,-25444
-640,36,-775
-636,36,-766
-629,36,-759
-629,37,-771
-635,36,-774
-637,36,-772
3128,5918,14722
3117,5913,14706
3114,5913,14706
3114,5913,14706
3114,5913,14705
3113,5913,14705
3114,5913,14706
3123,5928,14704
-637,36,-771
-664,8,-810
-639,2,-823
-632,2,-823
-622,2,-809
-624,2,-821
-700,2,-863
-727,5,-856
-704,-4,-840
-641,3,-810
-639,3,-806
-635,3,-809
-631,3,-810
-634,3,-810
-645,6,-812
-619,2,-809
-678,10,-832
-686,6,-851
-703,8,-864
-696,2,-864
-696,2,-860
-622,2,-818
-621,2,-808
-621,7,-864
-617,8,-866
-622,8,-865
-643,41,-778
-632,36,-752
-632,36,-752
-648,36,-767
-630,36,-760
-630,36,-760
-647,36,-765
-647,36,-765
-647,36,-765
-647,43,-765
-696,11,-805
-705,14,-883
-617,8,-866
-625,8,-867
-683,3,-841
-698,2,-860
-698,2,-860
-698,2,-860
-698,2,-860
-698,2,-860
-638,10,-820
1012,5,-1011
986,25,-974
1113,39,-1086
1249,59,-1242
1186,59,-1132
1383,57,-1134
1007,8,-994
1007,8,-994
1007,8,-994
1007,8,-994
1007,8,-994
1007,8,-994
1007,8,-994
1007,8,-994
1007,8,-994
1007,8,-994
1007,8,-994
1007,8,-994
1007,42,-994
3117,5918,14719
3078,5918,14705
3085,5903,14721
3093,5908,14734
3093,5908,14734
3093,5908,14734
3093,5908,14734
3093,5908,14734
3071,5929,14674
3115,5914,14712
3091,5913,14706
3108,5913,14726
3084,5913,14726
3108,5913,14726
3106,5917,14745
3100,5916,14702
3108,5914,14731
3105,5913,14721
3090,5914,14719
3105,5913,14722
3103,5913,14722
3099,5914,14721
3087,5914,14721
3065,5907,14717
-699,2,-833
-699,2,-833
-699,2,-833
-699,2,-833
-699,2,-833
-699,2,-833
-699,2,-833
-699,2,-833
-699,2,-833
-699,2,-833
-699,2,-833
-699,2,-833
-699,2,-833
-699,2,-833
-699,2,-833
-699,2,-833
-699,2,-833
-699,2,-833
-699,2,-833
-699,2,-833
-699,2,-833
-681,10,-850
-681,10,-850
-681,10,-850
-681,10,-850
-681,10,-850
-622,2,-821
-646,41,-777
-634,3,-807
-636,3,-809
-639,3,-811
-967,13,-1018
-734,17,-838
-581,25,-1095
-581,25,-1095
