176,13,807
176,13,807
176,13,807
176,13,807
176,13,807
176,13,807
176,13,807
176,13,807
176,13,807
176,13,807
176,13,807
176,13,807
176,13,807
176,13,807
176,13,807
176,13,807
176,13,807
176,13,807
176,13,807
176,13,807
176,13,807
176,13,807
176,13,807
176,13,807
176,13,807
176,13,807
176,13,807
176,13,807
176,13,807
176,13,807
176,13,807
176,13,807
176,13,807
176,13,807
176,13,807
176,13,807
176,13,807
176,13,807
176,13,807
176,13,807
176,13,807
176,13,807
176,13,807
176,13,807
176,13,807
176,13,807
176,13,807
176,13,807
176,13,807
176,13,807
176,13,807
176,13,807
176,13,807
176,13,807
176,13,807
176,13,807
176,13,807
176,13,807
176,13,807
176,13,807
176,13,807
176,13,807
176,13,807
176,13,807
176,13,807
176,13,807
176,13,807
176,13,807
176,13,807
176,13,807
176,13,807
176,13,807
176,13,807
176,13,807
176,13,807
176,13,807
176,13,807
176,13,807
176,13,807
176,13,807
176,13,807
176,13,807
176,13,807
176,13,807
176,13,807
176,13,807
176,13,807
176,13,807
176,13,807
176,13,807
176,13,807
176,13,807
176,13,807
176,13,807
176,13,807
176,13,807
176,13,807
176,13,807
59,3,143
59,3,143
56,4,144
42,3,150
1,3,145
-39,0,157
-68,3,154
-68,3,154
-68,3,154
-68,3,154
-68,3,154
-96,3,164
-109,3,163
-92,3,163
-110,3,157
-87,3,158
-46,3,165
-11,0,169
19,0,190
55,4,199
91,5,189
130,3,170
155,9,163
153,9,161
155,12,157
169,12,147
174,12,118
141,12,133
102,7,142
75,3,164
33,3,161
15,3,155
-13,3,163
-53,3,174
-90,1,174
-117,1,189
-153,1,208
-190,6,222
-217,16,214
-247,25,212
-270,19,202
-283,35,222
-291,61,253
-327,74,271
-353,74,284
-379,69,306
-402,54,308
-408,57,318
-403,55,307
-403,55,310
-417,51,317
-420,41,316
-420,37,316
-425,22,320
-435,25,331
-468,28,353
-473,27,354
-469,28,357
-473,31,359
-473,31,359
-473,31,359
-473,31,359
-469,28,365
-476,28,368
-475,28,369
-469,28,361
-473,30,359
-472,30,359
-461,31,367
-473,30,359
-473,32,362
-474,33,363
-473,28,366
-472,32,360
-471,28,362
-477,27,360
-480,27,360
-479,27,360
-479,27,360
-475,27,359
-481,27,360
-479,27,360
-476,27,359
-475,27,360
-479,27,360
-478,27,360
-477,27,360
-477,27,360
-477,27,360
-477,27,359
-477,27,359
-479,27,360
-476,27,360
-480,27,359
-483,27,359
-480,27,359
-474,28,359
-476,27,360
-482,27,359
-484,27,361
-483,27,359
-474,29,359
-483,27,359
-483,27,359
-483,27,359
-483,27,359
-484,27,359
-483,27,360
-479,27,360
-482,27,360
-482,27,361
-480,27,359
-474,29,359
-474,29,359
-465,28,353
-466,29,356
-468,29,359
-472,33,356
-475,28,359
-475,27,360
-482,27,360
-478,27,360
-472,29,359
-440,28,348
-417,22,342
-400,19,342
-377,15,339
-353,7,340
-317,5,336
-300,4,335
-271,-2,333
-282,-18,326
-271,-11,330
-263,-3,342
-257,1,348
-259,4,340
-259,6,340
-262,-1,340
-259,1,342
-259,1,342
-256,-2,349
-257,4,343
-254,8,346
-215,15,343
-189,21,338
-149,15,340
-106,13,338
-74,6,335
126,12,128
1208,51,236
1207,59,235
1232,56,240
1230,56,239
1208,59,234
1205,59,228
1210,59,234
1204,51,236
2430,-8648,741
1210,51,230
1208,51,229
1207,51,230
3963,2,1594
-847,-5177,-544
-848,-5177,-544
2588,-8121,672
2588,-8121,672
2587,-8121,670
2584,-8121,673
2586,-8121,672
623,42,-110
627,34,-112
629,32,-96
643,22,-55
656,14,-21
661,17,-18
660,18,-17
660,18,-17
660,14,-16
667,14,-15
664,14,-15
659,14,-14
658,14,3
659,14,0
659,14,-10
657,14,13
660,14,15
661,14,10
677,14,-13
674,14,-11
676,14,-1
665,14,-2
675,14,13
679,14,13
681,14,2
681,14,0
681,14,0
663,14,2
656,14,-9
664,14,-11
678,14,-14
671,16,-12
681,14,-8
681,14,-10
667,14,2
681,14,-7
678,14,-7
680,14,0
679,14,-1
677,14,-11
668,14,-12
668,14,-12
676,14,-11
657,14,-14
659,14,-11
659,14,-6
708,30,-219
710,30,-217
3106,-9800,1473
707,30,-220
695,30,-220
691,30,-221
695,29,-226
695,30,-216
699,26,-192
703,25,-169
691,39,-154
691,21,-173
691,21,-173
691,24,-181
694,29,-206
677,30,-208
649,29,-208
625,28,-174
629,27,-184
640,27,-175
610,31,-162
581,32,-156
540,34,-148
525,32,-142
531,32,-126
128,12,128
1210,50,255
1208,51,242
673,21,-148
690,21,-142
702,21,-162
697,21,-164
692,21,-165
3686,19,1546
1208,51,242
889,11,136
895,14,138
892,13,145
831,11,4652
826,11,4647
827,11,4650
832,11,4655
830,11,4651
826,11,4650
828,11,4652
827,12,4656
843,17,4650
825,11,4648
824,11,4638
824,11,4638
824,11,4638
830,11,4640
825,11,4655
835,23,4656
817,25,4638
816,13,4638
814,13,4643
837,12,4658
838,17,4649
836,25,4656
837,12,4655
837,12,4655
837,12,4655
125,12,126
107,6,142
69,3,144
44,3,151
2,3,141
-41,4,138
-84,3,136
-128,3,135
-171,3,133
-213,3,128
-254,8,118
-289,9,109
-293,10,135
-286,10,178
-283,31,218
-283,32,218
-289,49,242
-291,63,255
-270,54,266
-256,51,272
-234,47,293
-212,33,294
-198,13,294
-171,17,313
-132,14,328
-97,16,347
-66,23,374
-30,22,388
-7,28,403
25,29,431
57,26,461
88,32,491
119,31,520
147,20,543
181,15,570
215,19,599
248,21,626
276,6,658
301,-3,686
311,-5,690
312,-6,689
312,-2,690
310,-7,702
305,-4,701
309,1,729
345,1,755
380,1,781
416,1,807
451,1,833
472,1,832
474,2,832
511,-35,831
480,-3,835
475,1,808
514,1,794
548,1,815
548,1,815
548,1,815
569,1,675
-443,9,63
-443,9,63
-439,9,63
-441,9,68
-440,9,64
-439,9,63
-439,9,63
-439,9,63
-447,9,63
-447,9,63
-447,9,63
-436,13,68
-437,13,62
-440,18,68
-437,13,63
-437,13,63
-437,13,63
-438,13,65
-439,10,71
-453,10,76
-445,8,71
-445,8,71
-445,8,71
-445,8,71
-445,8,71
-436,13,68
-442,9,69
-441,9,65
-441,9,65
-441,9,65
-446,9,71
-442,9,66
-442,9,66
-442,9,66
-446,9,66
-444,9,64
-437,13,62
-437,14,62
-437,17,62
-441,13,69
-449,9,71
-451,10,75
-449,14,90
-450,35,128
-446,45,154
-450,-5,166
121,12,141
101,6,146
101,6,146
86,3,152
45,3,165
11,1,187
-23,1,213
-38,-2,219
-72,2,225
-105,6,229
-138,2,240
-140,2,240
-144,2,242
-149,2,241
-141,2,242
-176,8,251
-202,12,280
-224,11,315
-263,9,332
-302,4,333
-346,6,338
-390,1,376
-389,0,416
-388,0,428
-383,0,468
-375,-2,510
-351,-1,545
-328,1,580
-328,1,619
-323,2,636
-323,4,638
-323,6,638
-323,10,640
-323,14,641
-337,1,648
-377,1,668
-409,-2,695
-432,1,732
-449,1,766
-476,1,795
-483,1,798
-493,-2,805
-532,1,807
-564,-1,784
-576,1,778
-584,1,798
-593,1,831
-596,2,831
-596,9,831
-596,13,831
-596,14,831
-596,21,831
-597,21,831
-597,24,831
-599,24,831
-599,24,831
-599,24,831
-599,24,831
-598,24,831
-598,32,831
-598,37,831
-598,38,831
-598,44,831
-598,44,831
-598,44,831
-598,45,831
-598,45,831
-591,0,823
-561,1,799
-523,-2,813
-522,1,817
-510,1,810
-478,1,786
-451,2,772
-440,0,754
-427,1,721
-407,-1,689
-373,1,667
-340,1,642
-325,1,604
-330,2,564
-356,1,544
-375,1,515
-382,1,474
-395,1,433
-391,1,392
-385,1,350
-378,1,307
-398,1,271
-423,1,234
-440,1,201
-442,1,199
-448,-3,169
-451,0,162
-459,0,153
-466,10,156
-467,46,159
-474,69,163
-471,62,182
-467,72,226
-479,77,265
-492,50,296
-477,58,320
-476,60,336
-492,73,349
-505,82,360
-511,73,351
-537,72,353
-548,76,361
-547,77,361
-549,79,369
-541,90,380
-566,66,368
-551,78,370
-540,91,384
-538,70,388
-531,60,388
-532,57,386
-531,44,382
-529,34,373
-537,34,375
-525,34,377
-525,34,377
-525,34,377
-525,34,377
-533,34,377
-531,34,384
-529,35,384
-526,34,378
-537,36,373
-537,36,372
-537,44,377
-538,51,377
-538,51,378
-538,57,378
-538,60,378
-538,61,378
-538,61,382
-538,61,382
-538,62,383
-538,66,383
-538,68,385
-538,70,388
-538,70,388
-538,70,388
-538,72,388
-541,75,388
-541,75,388
-542,76,388
-542,76,388
-542,76,388
-542,76,388
-542,76,388
-539,73,388
-538,61,381
-537,53,381
-536,35,380
-503,29,383
-497,28,385
-498,27,387
-495,26,393
-513,28,406
-536,29,414
-566,33,411
-550,32,392
-527,29,418
-504,226,401
-502,25,401
-472,28,394
-430,29,381
-407,22,373
-405,20,353
-389,16,339
-375,11,339
-333,5,338
-257,9,331
-226,13,329
-183,18,317
-145,16,299
-123,17,300
-130,17,302
-130,17,302
-130,19,299
-130,17,301
-130,17,301
-108,14,305
-96,12,302
-74,9,298
-46,2,320
-40,4,295
-36,4,302
5,5,302
38,5,280
61,6,249
81,12,227
101,7,203
119,3,179
156,12,122
188,12,148
194,13,187
205,12,186
204,16,167
215,23,145
215,23,145
219,34,117
209,32,100
174,12,119
145,11,130
133,12,137
133,12,137
133,13,133
141,12,132
148,12,124
152,12,125
147,12,129
138,12,128
140,12,118
139,15,109
135,15,105
136,15,107
133,15,108
136,15,111
121,14,112
107,12,114
114,12,120
146,13,122
188,12,121
193,12,99
193,4,97
192,-7,104
193,-17,99
190,-22,98
190,-22,98
190,-22,98
186,-26,98
181,-31,98
179,-33,98
175,-36,98
176,-36,98
175,-38,98
175,-38,98
172,-41,98
168,-45,98
172,-41,98
170,-44,98
168,-45,98
166,-46,98
172,-41,98
162,-51,98
162,-51,99
162,-51,99
162,-51,99
162,-51,99
164,-51,98
162,-51,98
162,-51,97
160,-51,102
162,-51,102
162,-51,98
169,-51,98
163,-51,98
176,-51,98
185,-51,98
175,-51,98
171,-51,98
172,-51,100
172,-51,98
-848,28,-795
-865,30,-816
-883,27,-854
-899,20,-871
-933,17,-908
-949,16,-909
-949,16,-909
-949,17,-909
-948,16,-907
-948,16,-907
-948,16,-907
-948,16,-910
-948,16,-907
-943,16,-917
-944,16,-916
-944,16,-916
-943,16,-917
-948,16,-916
-951,16,-913
-946,16,-915
-946,16,-915
-951,16,-915
-951,16,-915
-951,16,-915
-951,16,-915
-951,16,-915
-951,16,-915
-949,16,-918
-949,16,-918
-949,16,-917
-949,16,-916
-946,16,-915
-944,16,-914
-944,16,-919
-949,15,-914
-946,16,-914
-946,16,-919
-946,15,-917
-948,15,-919
-951,16,-915
-951,15,-914
-946,15,-914
-946,15,-919
-946,15,-912
-945,16,-912
-946,16,-917
-947,16,-910
-943,16,-912
-950,16,-916
-946,16,-917
-946,16,-917
-946,16,-917
-946,16,-917
-946,16,-918
-945,16,-918
-945,16,-918
-945,16,-917
-945,16,-918
-945,16,-918
-946,16,-913
-943,16,-916
-945,16,-918
-945,16,-918
-945,16,-918
-945,16,-918
-948,16,-919
-947,16,-912
-947,16,-905
-947,16,-902
-947,16,-900
-947,16,-912
-947,16,-912
-947,16,-912
-947,16,-912
-945,16,-912
-946,16,-913
-944,16,-914
-943,16,-919
-946,16,-912
-951,16,-919
-949,16,-919
-950,16,-917
-950,16,-902
-940,18,-874
-937,22,-854
-934,26,-820
-930,27,-780
-938,27,-758
-934,27,-772
-938,26,-806
-938,26,-815
-931,23,-853
-942,17,-891
-948,16,-913
-951,16,-912
-951,16,-919
-951,16,-919
-951,16,-919
-951,16,-919
-951,16,-919
-949,16,-919
-951,16,-917
-949,16,-912
-951,17,-911
-951,17,-911
-951,17,-911
-951,17,-911
-947,16,-911
-943,16,-912
-948,16,-912
-943,16,-919
-943,16,-919
-943,16,-919
-947,16,-911
-947,16,-917
-947,16,-917
-943,16,-911
-946,16,-915
-951,17,-911
-947,16,-919
-950,16,-915
-950,16,-915
-951,16,-919
-951,16,-919
-951,16,-919
-951,16,-919
-951,16,-919
-945,16,-914
-951,16,-913
-951,16,-913
-951,16,-913
-951,16,-913
-950,16,-914
-945,16,-915
-947,16,-916
-951,16,-919
-951,16,-919
-951,16,-919
-951,16,-919
-951,16,-919
-951,16,-919
-951,16,-919
-948,16,-919
-949,16,-916
-947,16,-910
-948,16,-912
-946,16,-912
-947,16,-911
-948,16,-912
-951,16,-906
-955,15,-908
-955,15,-908
-957,15,-910
-948,16,-912
-948,16,-912
-948,16,-912
-948,16,-912
-948,16,-912
-948,16,-912
-948,16,-912
-948,16,-912
-948,16,-912
-948,16,-912
-948,16,-912
-948,16,-912
-948,16,-912
-948,16,-912
-948,15,-912
-946,16,-906
-951,16,-911
-951,16,-911
-951,16,-911
-951,16,-911
-951,17,-911
-951,17,-911
-951,17,-911
-951,17,-911
-944,16,-906
-944,16,-906
-944,16,-906
-942,17,-906
-940,17,-905
-940,17,-904
-940,17,-905
-947,16,-911
-947,16,-911
-947,16,-911
-947,16,-911
-947,16,-911
-947,16,-911
-947,16,-911
-947,16,-911
-947,16,-911
-947,16,-911
-947,16,-911
-947,16,-914
-947,16,-914
-944,16,-916
-944,16,-916
-944,16,-916
-949,16,-912
-949,16,-912
-949,16,-912
-949,16,-912
-949,16,-912
-949,16,-912
-949,16,-912
-949,16,-912
-949,16,-912
-949,16,-912
-949,16,-912
-947,16,-917
-947,16,-917
-947,16,-917
-947,16,-917
-947,16,-917
-948,16,-913
-944,16,-916
-944,16,-916
-944,16,-916
-944,16,-916
-948,16,-914
-948,16,-916
-948,16,-916
-948,16,-916
-947,16,-912
-950,16,-918
-946,16,-919
-946,16,-919
-946,16,-919
-946,16,-919
-946,16,-919
-946,16,-919
-946,16,-919
-946,16,-919
-946,16,-919
-946,16,-919
-946,16,-919
-946,16,-919
-946,16,-919
-946,16,-919
-946,16,-919
-946,16,-919
-947,16,-916
-951,17,-911
-943,16,-919
-951,16,-913
-949,16,-916
-949,16,-912
-947,16,-912
-950,16,-916
-951,17,-911
-951,17,-911
-951,17,-911
-947,16,-919
-946,16,-915
-945,16,-918
-948,16,-917
-950,16,-913
-950,18,-911
-949,20,-911
-946,20,-910
-944,20,-912
-943,20,-917
-944,20,-916
-945,20,-917
-946,20,-913
-945,20,-918
-951,16,-912
-951,17,-911
-948,19,-911
-948,19,-911
-948,19,-911
-948,19,-911
-948,19,-911
-947,19,-916
-948,19,-920
-948,19,-919
-950,19,-917
-949,19,-918
-948,20,-920
-949,16,-909
-950,15,-907
-949,15,-914
-945,15,-919
-944,15,-914
-947,15,-912
-946,15,-911
-946,15,-915
-946,15,-915
-946,15,-912
-945,15,-914
-947,15,-912
-947,15,-911
-946,15,-913
-946,15,-913
-946,15,-913
-946,15,-913
-946,15,-913
-946,15,-913
-946,15,-913
-946,15,-913
-951,16,-916
-950,16,-912
-950,16,-912
-950,16,-912
-950,16,-912
-950,16,-912
-947,16,-911
-947,16,-896
-947,16,-896
-946,16,-899
-947,16,-909
-947,16,-909
-947,16,-909
-947,16,-909
-947,16,-909
-947,16,-909
-947,16,-909
-947,16,-911
-945,16,-913
-946,16,-911
-948,16,-912
-948,16,-912
-948,16,-912
-946,16,-915
-946,16,-915
-946,16,-915
-946,16,-915
-946,16,-915
-946,16,-915
-946,16,-915
-949,19,-913
-950,19,-911
-950,19,-913
-951,16,-914
-951,16,-914
-951,16,-914
-951,16,-914
-951,16,-914
-951,16,-914
-951,16,-914
-951,16,-914
-949,19,-917
-950,19,-917
-950,19,-917
-950,19,-917
-950,19,-917
-948,19,-912
-949,16,-914
-949,16,-912
-949,16,-912
-949,16,-912
-949,16,-912
-949,16,-912
-949,16,-912
-949,16,-912
-949,16,-912
-949,16,-912
-949,16,-912
-954,16,-910
-947,16,-911
-947,16,-911
-947,16,-914
-951,16,-915
-951,16,-915
-951,16,-915
-951,16,-915
-951,16,-915
-951,16,-915
-951,16,-915
-951,16,-915
-951,16,-915
-951,16,-915
-951,16,-915
-951,16,-915
-951,16,-915
-951,16,-915
-951,16,-915
-951,16,-915
-949,16,-889
-950,17,-878
-947,22,-852
-941,27,-814
-938,27,-768
-938,26,-777
-950,26,-823
-957,23,-856
-952,16,-896
-947,16,-912
-947,12,-909
-947,3,-909
-947,-3,-909
-947,-7,-909
-947,-11,-909
-947,-16,-909
-947,-22,-909
-947,-29,-909
-947,-33,-909
-947,-34,-909
-947,-35,-909
-947,-35,-909
-947,-35,-909
-947,-23,-909
-947,-13,-909
-947,-9,-909
-947,3,-909
-947,6,-909
-947,12,-909
-951,17,-918
-950,16,-915
-947,16,-911
-952,16,-901
-952,16,-901
-952,16,-901
-952,16,-901
-952,16,-901
-952,16,-901
-952,16,-901
-952,16,-901
-952,16,-901
-952,16,-901
-948,16,-912
-948,16,-912
-948,16,-912
-948,16,-912
-948,16,-912
-948,16,-912
-948,16,-912
-949,19,-920
-953,16,-912
-956,16,-918
-956,16,-918
-957,16,-920
-957,16,-920
-957,16,-920
-950,16,-908
-947,16,-912
-947,16,-912
-947,16,-912
-947,16,-911
-958,15,-913
-947,15,-913
-947,16,-913
-947,16,-913
-947,16,-915
-948,20,-917
-947,20,-912
-949,20,-912
-945,16,-907
-950,19,-919
-943,20,-920
-944,23,-920
-945,22,-920
-946,23,-920
-947,23,-920
-948,23,-920
-950,20,-920
-950,23,-920
-950,23,-920
-950,23,-920
-951,25,-920
-952,20,-919
-952,22,-919
-952,23,-918
-952,20,-917
-950,20,-915
-951,20,-914
-951,16,-917
-947,16,-897
-947,16,-897
-949,16,-896
-949,16,-896
-949,16,-900
-950,16,-898
-950,16,-898
-950,16,-898
-950,16,-898
-950,16,-898
-950,16,-898
-947,16,-902
-947,16,-907
-948,19,-919
-942,19,-914
-943,19,-911
-942,21,-916
-942,22,-917
-942,22,-913
-942,23,-910
-943,23,-913
-948,20,-911
-950,16,-898
-951,16,-895
-951,16,-895
-951,16,-895
-951,16,-895
-951,16,-895
-946,16,-912
-949,19,-914
-949,19,-914
-952,20,-913
-952,23,-912
-951,23,-911
-949,20,-912
-935,16,-900
-933,16,-899
-932,17,-898
-931,17,-898
-948,15,-912
-945,19,-912
-945,20,-912
-945,20,-912
-948,21,-910
-946,19,-912
-946,20,-911
-947,20,-912
-948,16,-902
-943,17,-895
-943,17,-893
-947,15,-911
-946,19,-914
-947,19,-914
-945,20,-913
-947,20,-914
-950,20,-910
-948,20,-909
-948,20,-908
-948,16,-904
-950,15,-907
-951,16,-918
-947,19,-909
-948,20,-918
-948,20,-919
-948,20,-919
-948,20,-919
-947,16,-910
-968,14,-908
-969,14,-908
-969,14,-908
-947,15,-913
-948,20,-910
-948,20,-910
-948,20,-910
-948,20,-910
-947,20,-907
-947,16,-903
-949,16,-914
-948,19,-911
-946,20,-907
-946,20,-907
-948,20,-907
-946,20,-909
-947,20,-909
-950,20,-917
-950,20,-917
-950,20,-917
-948,20,-908
-947,21,-906
-948,20,-909
-947,20,-911
-947,20,-911
-947,20,-911
-947,20,-911
-947,20,-911
-947,20,-911
-947,20,-911
-947,20,-911
-947,20,-911
-947,20,-911
-947,20,-911
-947,20,-911
-947,20,-911
-950,16,-914
-945,16,-911
-945,16,-911
-945,16,-911
-945,16,-911
-945,16,-911
-945,16,-911
-945,16,-911
-945,16,-911
-945,16,-911
-945,16,-911
-945,16,-911
-945,16,-911
-945,16,-911
-947,19,-911
-938,16,-914
-950,16,-908
-955,15,-907
-952,16,-888
-952,16,-884
-954,15,-877
-958,18,-872
-948,16,-904
-949,16,-914
-949,16,-914
-949,16,-914
-949,16,-914
-949,16,-914
-949,16,-914
-949,16,-914
-949,16,-914
-949,16,-914
-949,16,-914
-949,16,-914
-949,16,-914
-949,16,-914
-949,16,-914
-949,16,-914
-949,16,-914
-949,16,-914
-949,16,-914
-949,16,-914
-949,16,-914
-949,16,-914
-949,16,-914
-948,16,-915
-947,19,-917
-950,19,-919
-944,16,-915
-944,16,-915
-944,16,-915
-944,16,-915
-944,16,-915
-944,16,-915
-944,16,-915
-944,16,-915
-944,16,-915
-944,16,-915
-944,16,-915
-944,16,-915
-944,16,-915
-944,16,-915
-944,16,-915
-944,16,-915
-944,16,-915
-944,16,-915
-944,16,-915
-944,16,-915
-944,16,-915
-944,16,-915
-944,16,-915
-944,16,-915
-944,16,-915
-944,16,-915
-944,16,-915
-944,16,-915
-944,16,-915
-944,16,-915
-944,16,-915
-944,16,-915
-944,16,-915
-944,16,-915
-944,16,-915
-944,16,-915
-944,16,-915
-944,16,-915
-944,16,-915
-944,16,-915
-944,16,-915
-944,16,-915
-944,16,-915
-947,16,-909
-935,17,-911
-941,17,-908
-911,18,-901
-946,16,-909
-949,19,-919
-947,20,-911
-947,19,-911
-947,19,-911
-947,19,-911
-947,19,-911
-947,19,-911
-947,19,-911
-947,19,-911
-947,19,-911
-947,19,-911
-947,19,-911
-947,19,-911
-951,16,-914
-951,16,-914
-951,16,-914
-951,16,-914
-951,16,-914
-951,16,-914
-951,16,-914
-951,16,-914
-951,16,-914
-951,16,-914
-947,19,-915
-947,19,-915
-951,19,-913
-947,19,-909
-947,19,-912
-947,19,-912
-947,19,-912
-947,19,-912
-947,19,-912
-947,19,-912
-947,19,-912
-947,19,-912
-943,16,-915
-947,19,-907
-946,19,-906
-946,19,-906
-940,20,-907
-947,16,-911
-947,19,-911
-947,20,-907
-946,20,-908
-951,17,-919
-944,20,-914
-950,21,-908
-951,20,-913
-944,16,-913
-944,16,-913
-944,16,-913
-951,16,-917
-948,20,-918
-947,16,-912
-945,16,-913
-945,16,-913
-945,16,-913
-948,16,-912
-948,16,-912
-948,16,-912
-949,20,-913
-949,20,-913
-949,20,-913
-949,20,-913
-949,20,-913
-944,20,-917
-946,20,-919
-946,20,-919
-944,20,-916
-945,20,-916
-945,20,-916
-945,20,-917
-945,20,-915
-945,20,-915
-945,20,-915
-943,20,-915
-944,20,-915
-944,20,-915
-947,20,-911
-958,15,-912
-947,16,-911
-944,19,-913
-944,19,-913
-944,19,-913
-944,19,-913
-944,19,-913
-944,20,-913
-944,20,-913
-944,19,-913
-944,19,-913
-943,19,-915
-947,20,-913
-944,20,-914
-944,20,-915
-944,19,-915
-944,19,-915
-944,19,-915
-944,19,-915
-944,19,-915
-944,19,-915
-944,19,-915
-944,19,-915
-944,19,-915
-944,19,-915
-944,19,-915
-944,19,-915
-948,21,-906
-960,15,-903
-947,16,-912
-951,16,-915
-951,16,-915
-950,16,-916
-943,20,-913
-943,20,-916
-943,20,-916
-943,22,-919
-943,22,-919
-943,22,-919
-943,22,-919
-943,22,-919
-943,22,-919
-943,22,-919
-943,22,-919
-943,22,-919
-943,22,-919
-943,22,-919
-943,22,-919
-943,22,-919
-943,22,-919
-943,22,-919
-943,22,-919
-943,22,-919
-943,22,-919
-943,22,-919
-943,22,-919
-943,20,-918
-964,15,-905
-964,15,-905
-964,15,-903
-964,15,-902
-951,15,-908
-947,19,-914
-943,22,-919
-945,24,-920
-942,23,-919
-953,16,-921
-948,16,-913
-943,21,-917
-946,24,-920
-946,24,-920
-944,24,-917
-944,24,-914
-944,24,-916
-944,24,-916
-945,24,-915
-945,24,-915
-945,24,-915
-945,24,-915
-944,20,-914
-951,16,-915
-946,16,-906
-948,16,-907
-950,16,-907
-945,15,-907
-947,16,-905
125,13,125
128,12,129
128,12,129
128,12,127
128,12,128
889,11,136
130,12,130
490,33,-109
494,33,-120
128,12,128
-945,16,-903
128,12,128
-945,16,-907
-947,16,-910
-945,16,-906
-944,16,-906
-950,16,-901
-944,16,-904
-946,16,-899
-949,16,-905
-951,16,-915
-944,21,-918
-962,15,-906
-976,14,-908
-970,14,-904
-947,16,-910
-951,16,-916
-947,16,-909
-947,16,-909
-947,16,-909
-947,16,-909
-947,16,-909
-947,16,-909
-947,16,-909
-947,16,-909
-947,16,-909
-947,16,-909
-947,16,-909
-947,16,-909
-947,16,-909
-947,16,-909
-947,16,-909
-947,16,-909
-947,16,-909
-242,4,-667
-251,-2,-657
-248,3,-663
-234,4,-661
-235,5,-653
-233,1,-654
-233,1,-654
-233,3,-661
-228,2,-653
-222,5,-639
-212,1,-643
-196,1,-609
-198,1,-599
-204,2,-589
-206,2,-576
-203,1,-556
-199,1,-536
-176,1,-498
-150,1,-464
-155,1,-420
-160,1,-376
-161,1,-344
-147,1,-305
-140,9,-276
-122,0,-254
-97,3,-225
-944,16,-913
-943,20,-913
-943,20,-915
-943,20,-914
-943,20,-916
-951,18,-919
-943,20,-915
-949,20,-915
-953,16,-921
-954,16,-921
-953,16,-912
-947,19,-913
-947,19,-907
-953,15,-890
-938,16,-887
-948,16,-912
-961,15,-907
-944,16,-899
-919,18,-889
-912,18,-886
-912,18,-886
-927,18,-898
-948,16,-907
-947,16,-909
-942,16,-903
-952,15,-894
-954,16,-893
-974,15,-919
-976,20,-950
-967,20,-980
-958,16,-1015
-972,11,-1039
-960,8,-1078
-965,8,-1102
-966,7,-1115
-971,6,-1140
-977,5,-1151
-997,9,-1134
-1027,12,-1116
-1065,12,-1116
-1101,17,-1115
-1139,20,-1120
-1177,16,-1127
-1208,17,-1132
-1239,13,-1136
-1268,10,-1130
-1286,7,-1123
-1274,12,-1097
-1272,14,-1080
-1240,26,-1069
-1214,26,-1041
-1181,29,-1015
-1176,28,-1011
-1152,23,-977
-1142,22,-969
-1131,21,-967
-1096,19,-945
-1063,15,-915
-1031,15,-888
-1013,19,-852
-990,24,-825
-961,26,-799
-929,27,-774
-896,32,-751
-867,35,-721
-849,33,-697
-849,33,-697
-848,33,-696
-847,33,-695
-838,31,-696
-831,30,-695
-810,28,-685
-810,28,-685
-808,28,-683
-776,35,-659
-750,36,-640
-722,41,-610
-690,40,-599
-665,35,-567
-649,20,-530
-615,17,-504
-607,17,-478
-603,15,-467
-602,11,-465
-590,1,-492
-582,1,-513
-550,1,-539
-525,1,-573
-521,1,-600
-516,1,-607
-516,1,-607
-515,1,-607
-504,-1,-609
-487,2,-626
-468,1,-655
-437,1,-670
-401,1,-646
-377,1,-617
-341,1,-637
-320,2,-641
-318,4,-641
-320,7,-639
-322,10,-636
-321,9,-637
-321,9,-637
-944,16,-913
-947,19,-909
-945,20,-906
-936,16,-900
-934,16,-896
-942,17,-903
-942,17,-903
-942,17,-903
-942,17,-903
-942,17,-903
-942,17,-903
-942,17,-903
-942,17,-903
-945,16,-904
-947,16,-907
-946,16,-905
-948,16,-900
-945,16,-916
-945,16,-916
-951,17,-917
-947,19,-913
-949,16,-911
-951,16,-913
-947,16,-910
-952,16,-900
-950,16,-904
-947,16,-909
-947,19,-909
-947,20,-905
-948,16,-903
-947,16,-910
-947,16,-910
-947,16,-910
-944,16,-914
-951,18,-919
-949,20,-906
-954,17,-904
-954,18,-904
-948,16,-907
-947,16,-910
-951,16,-906
-947,16,-910
-947,16,-910
-942,16,-908
-945,16,-901
-944,16,-902
-949,19,-918
-951,16,-917
-947,19,-908
-945,21,-907
-945,21,-907
-941,16,-902
-940,16,-913
-937,16,-912
-943,16,-922
-924,18,-895
-897,20,-871
-883,26,-856
-863,28,-838
-835,22,-814
-805,26,-790
-775,23,-773
-759,22,-759
-769,23,-775
-946,16,-905
130,12,129
128,13,128
128,12,128
-946,16,-905
128,12,128
-844,16,-807
-946,16,-905
-946,16,-905
-946,16,-905
-946,16,-905
-947,16,-903
-911,19,-885
-879,24,-867
-848,25,-861
-822,23,-845
-797,21,-827
-766,19,-811
-758,19,-807
-756,20,-801
-756,20,-801
-756,20,-801
-756,20,-801
-729,16,-788
-700,16,-779
-678,21,-765
-657,17,-768
-946,16,-905
-951,16,-913
-951,16,-913
-947,16,-907
-947,16,-907
-947,16,-907
-947,16,-907
-940,16,-900
-948,19,-913
-945,16,-914
-948,16,-906
-945,16,-901
-945,16,-901
-945,16,-901
-937,17,-896
-933,17,-895
-900,18,-881
-880,24,-864
-880,25,-860
-872,27,-853
-853,25,-856
-821,22,-850
-787,24,-850
-764,24,-855
-742,16,-837
-714,15,-826
-691,12,-811
-675,15,-794
-663,16,-782
-645,13,-775
-634,14,-766
-600,2,-744
-597,5,-734
-597,5,-734
-597,5,-734
-597,5,-734
-597,5,-734
-597,5,-734
-599,4,-737
-581,4,-743
-555,17,-719
-554,25,-680
-547,30,-656
-544,32,-646
-544,32,-646
-541,22,-644
-539,21,-644
653,26,132
227,2,-251
166,31,-21
158,30,17
128,12,128
163,29,44
163,29,44
163,29,44
163,29,44
163,29,44
163,29,44
163,29,44
163,29,44
163,29,44
163,29,44
163,29,44
163,29,44
163,29,44
163,29,44
163,29,44
163,29,44
163,29,44
163,29,44
163,29,44
163,29,44
163,29,44
125,12,130
129,13,130
129,13,130
129,13,130
129,13,130
129,13,130
130,13,131
130,13,130
130,13,130
130,12,130
126,13,125
130,12,130
130,13,128
125,13,126
131,13,131
131,12,131
127,13,129
127,12,131
126,13,125
129,12,131
126,13,128
129,13,131
129,13,131
128,12,129
130,13,130
126,13,131
129,13,128
131,13,128
130,13,128
130,13,128
