-305,10,-319
-308,9,-299
-308,4,-306
-304,14,-313
-301,19,-317
-302,19,-320
-303,20,-322
-304,21,-322
-303,25,-323
-306,25,-320
-302,18,-316
-310,3,-300
-302,20,-289
-286,42,-274
-285,43,-275
-284,45,-262
-282,45,-259
-274,48,-254
-272,48,-255
-272,49,-255
-268,51,-258
-268,51,-258
-268,51,-258
-266,51,-255
-256,60,-236
-258,61,-231
-259,62,-230
-262,52,-255
-249,53,-263
-249,53,-263
-248,53,-263
-248,53,-262
-247,53,-262
-264,53,-271
-250,49,-308
-242,49,-317
-229,48,-316
-198,54,-292
-166,55,-281
-172,55,-285
-176,52,-293
-175,46,-293
-171,34,-293
-171,17,-296
-162,18,-297
-142,13,-287
-133,12,-274
-130,12,-269
-130,12,-269
-127,11,-254
-143,12,-276
-145,7,-277
-145,7,-277
-140,12,-276
-140,12,-276
-140,12,-276
-141,12,-274
-154,12,-264
-154,-7,-254
-163,-27,-243
-181,-24,-239
-181,-39,-221
-189,-39,-231
-216,-45,-231
-229,-56,-216
-237,-73,-207
-256,-85,-194
-276,-107,-213
-295,-107,-224
-307,-86,-237
-283,-94,-265
-302,-110,-283
-316,-124,-287
-314,-146,-281
-313,-151,-279
-308,-154,-278
-316,-155,-272
-320,-184,-244
-316,-184,-248
-298,-183,-265
-291,-178,-262
-290,-177,-277
-275,-170,-288
-272,-179,-299
-276,-189,-327
-268,-200,-331
-272,-198,-331
-278,-187,-325
-278,-187,-325
-277,-187,-324
-277,-187,-324
-278,-184,-320
-276,-183,-314
-271,-179,-298
-272,-172,-289
-284,-169,-285
-286,-170,-283
-266,-168,-285
-275,-182,-311
-276,-184,-312
-277,-185,-323
-278,-186,-324
-278,-187,-324
-278,-187,-324
-278,-187,-324
-278,-187,-324
-278,-187,-324
-278,-187,-324
-268,-200,-331
-275,-194,-329
-277,-188,-325
-277,-188,-325
-277,-188,-325
-277,-188,-325
-277,-188,-325
-277,-188,-325
-277,-188,-325
-277,-188,-325
-277,-188,-325
-277,-188,-325
-277,-188,-325
-277,-188,-325
-278,-186,-322
-276,-184,-314
-276,-184,-314
-275,-183,-312
-275,-183,-312
-273,-183,-305
-282,-169,-279
-280,-166,-277
-283,-164,-272
-290,-176,-278
-291,-176,-279
-301,-184,-267
-306,-184,-259
-306,-185,-258
-307,-184,-259
-307,-185,-259
-307,-185,-259
-303,-180,-259
-288,-175,-259
-285,-174,-266
-286,-172,-252
-288,-173,-252
-284,-169,-279
-277,-169,-285
-286,-174,-264
-316,-185,-247
-336,-175,-262
-337,-176,-262
-324,-162,-274
-320,-156,-276
-318,-146,-280
-317,-146,-281
-320,-140,-284
-319,-136,-284
-321,-134,-285
-315,-129,-287
-314,-125,-288
-312,-125,-288
-307,-117,-285
-282,-97,-269
-287,-90,-260
-298,-88,-254
-299,-88,-253
-297,-88,-251
-308,-87,-236
-284,-109,-218
-271,-98,-206
-244,-83,-189
-238,-75,-201
-236,-73,-208
-232,-68,-214
-233,-64,-218
-231,-61,-219
-227,-54,-218
-208,-41,-232
-195,-38,-232
-187,-39,-231
-184,-34,-234
-185,-29,-236
-164,-23,-241
-153,-19,-245
-152,-20,-259
-153,-18,-255
-154,-15,-256
-151,-9,-260
-152,-7,-261
-151,-3,-257
-151,1,-253
-147,10,-246
-147,10,-246
-147,10,-246
-167,11,-255
-164,11,-256
-171,12,-259
-173,12,-260
-172,12,-258
-171,12,-260
-175,10,-242
-181,9,-229
-179,9,-225
-171,8,-207
-192,8,-197
-210,8,-195
-210,8,-195
-210,8,-195
-210,8,-195
-210,8,-195
-191,5,-173
-164,2,-156
-163,2,-160
-164,2,-160
-167,2,-167
-167,2,-167
-167,2,-167
-167,2,-163
-190,3,-160
-207,7,-141
-207,40,-141
-207,41,-141
-207,41,-141
-213,41,-141
-222,41,-141
-223,42,-140
-224,46,-146
-225,47,-145
-226,50,-146
-226,50,-146
-226,53,-142
-226,53,-142
-226,57,-145
-227,58,-146
-227,58,-146
-227,58,-146
-227,58,-146
-227,58,-146
-227,58,-146
-228,61,-148
-228,63,-150
-228,65,-151
-229,68,-158
-230,67,-159
-229,72,-150
-229,72,-150
-230,67,-160
-238,64,-161
-235,55,-161
-233,40,-159
-231,35,-159
-225,34,-157
-216,25,-149
-217,23,-146
-217,24,-147
-217,24,-147
-217,24,-147
-217,24,-147
-217,24,-147
-217,24,-147
-217,24,-147
-217,24,-147
-217,24,-147
-217,24,-147
-217,24,-147
-214,24,-158
-218,23,-162
-221,11,-171
-221,11,-171
-219,11,-172
-218,10,-171
-206,4,-165
-197,4,-164
-169,4,-176
-173,6,-190
-158,5,-193
-160,7,-211
-161,8,-224
-147,8,-230
-147,8,-219
-140,3,-182
-135,2,-170
-135,2,-170
-135,2,-170
-135,2,-170
-135,2,-170
-135,2,-170
-135,2,-170
-135,2,-170
-135,2,-170
-135,2,-170
-135,2,-170
-135,2,-170
-141,2,-175
-157,3,-185
-180,7,-199
-181,8,-200
-176,8,-205
-174,8,-221
-174,8,-221
-175,9,-232
-166,8,-216
-172,7,-201
-196,12,-198
-199,14,-198
-198,18,-199
-198,15,-197
-196,22,-199
-192,25,-199
-190,27,-199
-191,28,-200
-193,30,-200
-195,32,-200
-194,32,-200
-194,32,-200
-198,35,-200
-198,36,-200
-202,39,-199
-202,39,-200
-202,39,-200
-202,39,-200
-202,39,-200
-202,39,-200
-202,39,-200
-202,38,-200
-207,46,-199
-188,57,-207
-187,57,-205
-188,57,-208
-186,57,-206
-187,57,-206
-192,58,-202
-192,54,-208
-207,45,-199
-202,39,-200
-207,45,-200
-193,58,-202
-192,57,-202
-189,58,-202
-186,57,-203
-185,59,-205
-189,57,-203
-189,57,-203
-188,56,-203
-186,56,-203
-185,56,-203
-187,56,-203
-190,57,-204
-190,57,-204
-190,57,-204
-191,56,-207
-187,53,-207
-186,53,-208
-188,53,-205
-188,53,-207
-191,54,-208
-188,57,-209
-193,57,-205
-192,57,-205
-199,54,-199
-202,39,-200
-202,39,-200
-202,39,-200
-202,39,-200
-202,39,-200
-205,43,-200
-195,58,-203
-189,53,-206
-189,53,-205
-189,53,-205
-189,53,-204
-189,53,-204
-187,53,-207
-187,53,-207
-187,53,-207
-187,53,-207
-187,53,-207
-187,53,-207
-187,53,-207
-188,53,-206
-191,54,-206
-190,53,-207
-190,53,-206
-190,53,-206
-191,53,-203
-192,53,-209
-192,54,-207
-192,54,-203
-192,54,-203
-192,54,-203
-189,54,-203
-187,55,-203
-186,55,-208
-191,55,-209
-190,55,-203
-190,56,-204
-188,56,-209
-189,53,-205
-188,53,-207
-187,54,-206
-187,54,-206
-187,54,-206
-187,54,-206
-187,54,-206
-187,54,-206
-187,54,-206
-188,54,-206
-188,54,-205
-188,54,-205
-188,54,-205
-189,54,-205
-189,54,-205
-189,54,-205
-189,54,-206
-189,54,-206
-189,54,-206
-189,54,-206
-189,54,-206
-189,54,-206
-189,54,-206
-189,54,-206
-188,54,-206
-188,54,-206
-191,55,-209
-190,56,-208
-188,56,-209
-186,56,-207
-191,56,-203
-198,59,-208
-200,56,-210
-196,57,-211
-210,52,-223
-221,50,-210
-212,53,-210
-212,53,-209
-202,55,-210
-192,57,-212
-196,58,-209
-199,56,-216
-201,55,-222
-201,55,-222
-205,56,-211
-224,50,-204
-228,48,-210
-196,57,-213
-192,57,-214
-191,57,-214
-190,43,-214
-175,8,-212
-169,6,-192
-175,5,-177
-171,2,-156
-173,2,-157
-172,-3,-135
-171,-3,-134
-172,-3,-132
-173,-3,-132
-173,-3,-135
-179,1,-137
-180,4,-173
-176,8,-198
-192,29,-200
-207,45,-199
-196,58,-205
-191,56,-205
-196,58,-210
-195,58,-205
-202,57,-201
-200,56,-213
-197,59,-208
-197,59,-206
-191,61,-210
-193,61,-207
-193,61,-202
-193,61,-202
-196,58,-203
-194,58,-199
-193,57,-205
-198,58,-208
-198,58,-208
-213,52,-226
-217,51,-226
-205,55,-211
-198,58,-206
-194,58,-201
-194,58,-199
-194,58,-199
-192,63,-202
-194,58,-198
-197,58,-204
-189,54,-205
-190,54,-207
-190,54,-207
-190,54,-207
-198,58,-206
-218,51,-228
-218,51,-228
-219,50,-225
-232,50,-223
-247,44,-203
-249,43,-203
-231,48,-198
-202,55,-208
-198,57,-214
-198,57,-214
-201,55,-221
-194,58,-199
-192,57,-205
-192,57,-205
-192,57,-205
-192,57,-205
-192,57,-205
-192,57,-205
-192,57,-205
-192,57,-205
-192,57,-205
-192,57,-205
-192,57,-205
-192,57,-205
-192,57,-205
-192,57,-205
-192,57,-205
-192,57,-205
-192,57,-205
-192,57,-205
-192,57,-205
-192,57,-205
-192,57,-205
-192,57,-205
-192,57,-205
-192,57,-205
-192,57,-205
-192,57,-205
-192,57,-205
-192,57,-205
-192,57,-205
-192,57,-205
-191,64,-203
-196,58,-210
-197,58,-209
-201,55,-222
-208,55,-203
-226,50,-201
-241,46,-181
-227,51,-178
-233,52,-165
-234,49,-163
-238,50,-166
-242,51,-171
-245,58,-165
-242,57,-170
-244,45,-177
-229,53,-167
-220,47,-166
-224,48,-164
-231,36,-160
-231,36,-160
-226,40,-150
-226,39,-156
-227,39,-160
-227,39,-160
-231,36,-160
-232,36,-162
-230,41,-165
-240,46,-182
-240,46,-186
-232,47,-198
-231,49,-199
-231,49,-199
-228,50,-198
-222,51,-201
-225,57,-203
-226,57,-202
-222,51,-202
-221,51,-206
-217,52,-203
-194,58,-200
-195,56,-216
-199,44,-217
-196,39,-221
-196,39,-221
-197,39,-222
-199,39,-221
-199,39,-221
-199,39,-221
-199,39,-221
-199,39,-221
-199,39,-221
-199,39,-221
-199,39,-221
-199,39,-221
-199,39,-221
-199,39,-221
-199,39,-221
-199,39,-221
-199,39,-221
-199,39,-221
-199,39,-221
-199,39,-221
-199,39,-221
-199,39,-221
-199,42,-219
-199,53,-221
-195,57,-206
-189,54,-208
-189,54,-207
-189,54,-207
-190,54,-207
-190,54,-207
-189,54,-207
-189,54,-206
-188,54,-208
-188,54,-206
-189,54,-205
-189,54,-205
-189,54,-205
-189,54,-205
-189,54,-205
-189,54,-205
-189,54,-205
-189,54,-205
-189,54,-205
-189,54,-205
-189,54,-205
-189,54,-205
-189,54,-205
-189,54,-205
-189,54,-205
-189,54,-205
-189,54,-205
-189,54,-205
-189,54,-205
-189,54,-205
-189,54,-205
-189,54,-205
-189,54,-205
-189,54,-205
-189,54,-205
-189,54,-205
-189,54,-205
-189,54,-205
-189,54,-205
-189,54,-205
-188,54,-208
-188,54,-208
-195,57,-206
-197,57,-203
-194,57,-206
-196,57,-204
-200,57,-205
-197,57,-206
-192,57,-205
-189,54,-206
-189,54,-206
-189,54,-206
-189,54,-206
-189,54,-206
-189,54,-206
-187,65,-205
-196,57,-203
-205,55,-209
-212,53,-209
-213,55,-211
-213,58,-211
-213,60,-211
-214,52,-209
-217,52,-205
-212,54,-200
-209,55,-201
-200,57,-199
-197,57,-205
-192,56,-203
-193,63,-206
-192,64,-205
-198,57,-208
-190,54,-205
-190,54,-207
-194,56,-205
-201,55,-220
-206,54,-218
-206,54,-213
