967,6,4588
972,6,4590
972,6,4593
972,6,4593
972,6,4593
972,6,4593
970,6,4595
970,6,4595
970,6,4595
970,6,4595
972,6,4594
972,6,4594
970,6,4594
970,7,4595
961,9,4605
969,6,4593
969,6,4593
974,6,4584
969,6,4595
944,12,4594
975,12,4581
962,24,4595
962,24,4595
962,24,4595
962,24,4595
964,8,4599
976,9,4610
969,8,4598
969,6,4592
966,6,4592
974,6,4587
975,6,4588
975,6,4588
974,6,4589
975,6,4588
969,6,4595
972,10,4590
969,6,4593
969,6,4593
974,6,4589
975,6,4589
974,6,4589
974,6,4586
975,6,4588
974,7,4587
974,6,4586
975,6,4586
979,8,4611
978,8,4611
977,9,4611
977,9,4613
967,8,4588
970,6,4592
969,6,4592
971,6,4592
971,6,4592
971,6,4592
971,6,4592
971,6,4592
971,6,4590
971,6,4590
972,6,4594
970,6,4593
967,6,4587
973,6,4590
972,6,4590
972,6,4592
973,6,4590
973,6,4590
973,6,4590
970,6,4590
970,6,4591
974,8,4589
969,6,4594
966,5,4587
970,6,4595
970,6,4595
970,6,4595
971,8,4592
971,6,4593
965,6,4587
965,6,4587
967,6,4593
966,5,4585
966,6,4589
966,6,4591
966,6,4591
966,6,4591
966,6,4591
967,6,4593
971,9,4589
973,7,4592
966,6,4587
966,5,4592
970,6,4592
970,6,4592
970,6,4592
973,6,4589
972,6,4589
971,6,4593
972,6,4589
970,6,4592
972,6,4590
972,6,4590
972,6,4589
969,7,4591
965,6,4590
974,6,4595
971,8,4589
973,6,4590
970,7,4595
966,6,4593
966,6,4593
967,6,4584
970,6,4581
973,5,4580
967,5,4583
975,5,4584
965,5,4583
964,-2,4589
964,-2,4589
964,-2,4589
978,-2,4592
965,-2,4596
965,-2,4587
973,-2,4587
968,-2,4586
968,-2,4586
965,-4,4592
964,-5,4590
964,-5,4593
964,-5,4586
967,-5,4590
967,-5,4593
972,-5,4594
966,-5,4586
978,-5,4592
972,-6,4594
971,-6,4594
979,-6,4588
978,-5,4592
967,-5,4588
965,-5,4591
966,-5,4590
974,-5,4592
972,-5,4590
978,-5,4592
976,-5,4592
975,-5,4592
967,-5,4589
966,-5,4589
965,-5,4595
970,-5,4594
973,-5,4593
966,-5,4595
969,-5,4597
967,-5,4597
967,-5,4597
977,-5,4597
964,6,4585
968,-5,4588
977,-4,4592
978,-4,4596
979,-5,4587
980,-4,4593
978,-5,4587
978,-5,4586
977,-5,4586
980,-5,4587
981,-5,4585
981,-3,4595
981,-5,4592
981,-5,4591
982,-5,4589
982,-5,4594
978,-5,4590
979,-5,4597
979,-5,4597
976,-5,4592
977,-5,4588
977,-5,4588
977,-5,4589
977,-5,4589
965,-5,4585
965,-5,4587
979,-5,4593
967,-3,4589
964,6,4585
966,-5,4590
966,-5,4594
966,-5,4594
980,-5,4596
969,-5,4588
977,-5,4587
966,-5,4591
973,-5,4587
967,-4,4588
982,-3,4588
979,-5,4592
976,-5,4588
970,-5,4588
968,-2,4587
980,-3,4594
973,-3,4589
978,-3,4592
973,-5,4591
964,-5,4587
969,-4,4587
970,-5,4590
974,-4,4588
-382,3,79
-389,6,75
-389,1,84
-387,1,88
-385,1,94
-382,1,96
-378,1,99
-374,1,104
-373,1,104
-373,1,104
-373,1,104
-373,1,104
-373,1,104
-373,1,104
-373,1,104
-373,1,104
-365,2,94
-343,-11,81
-343,-11,81
969,-4,4581
976,-5,4588
970,-4,4593
978,-5,4592
977,-4,4595
982,-5,4597
967,-5,4588
967,-5,4588
972,-5,4587
972,-5,4589
976,-3,4590
965,-5,4590
-384,2,75
-382,2,76
-382,2,76
-384,2,72
-385,2,78
461,-1160,30
461,-1160,30
461,-1160,30
-383,2,77
-383,1,79
-383,1,79
-386,6,75
-384,1,83
-381,2,85
-381,2,85
-381,2,85
-381,4,102
-364,4,113
-355,27,164
878,-3,4297
969,-5,4585
974,-5,4592
975,-5,4587
972,-4,4587
982,-4,4586
970,-4,4586
973,-4,4593
979,-5,4591
983,-5,4588
984,-4,4589
981,-2,4594
977,-5,4594
970,-4,4595
970,-3,4596
967,-5,4597
973,-5,4588
982,-5,4592
984,-5,4589
979,-5,4589
976,-4,4587
976,-4,4587
972,-4,4587
976,-4,4595
976,-4,4595
967,-4,4596
968,-4,4592
980,-5,4594
982,-4,4593
974,-5,4594
984,-5,4593
983,-5,4597
979,-4,4596
975,-4,4596
969,-5,4596
964,-5,4588
964,-5,4588
972,-4,4587
969,-5,4588
970,-5,4589
969,-5,4585
969,-4,4585
972,-4,4586
970,-3,4586
973,-3,4586
980,-4,4585
981,-5,4585
982,-4,4586
969,-4,4585
967,-4,4596
973,-4,4596
979,-4,4596
964,6,4585
982,-4,4593
981,-5,4588
981,-5,4588
982,-5,4591
981,-5,4592
978,-4,4591
975,-4,4593
972,-4,4590
969,-4,4593
965,-5,4585
967,-4,4596
967,-4,4596
967,-4,4596
967,-4,4596
967,-4,4596
967,-4,4596
967,-4,4596
967,-4,4596
967,-4,4596
967,-4,4596
967,-4,4596
967,-3,4590
965,-5,4591
966,-5,4592
966,-5,4592
966,-6,4592
966,-6,4592
973,-4,4597
964,6,4585
977,-4,4597
965,-5,4587
973,6,4595
971,6,4593
969,6,4592
965,6,4585
966,-5,4589
974,-3,4585
969,-3,4586
971,-4,4588
976,-4,4595
966,-3,4596
964,-5,4593
964,-5,4591
964,-5,4591
964,-5,4591
964,-5,4591
964,-5,4591
975,-4,4587
972,-3,4596
975,-3,4596
982,-3,4596
-384,2,76
-384,2,75
-383,2,74
973,-4,4593
979,-5,4592
974,-4,4588
981,-5,4585
965,-5,4591
965,-5,4591
965,-5,4591
965,-5,4591
978,-3,4588
966,-3,4590
969,-15,4597
99,20,924
54,20,923
621,8,-531
621,8,-532
621,8,-532
626,4,-532
622,7,-532
626,5,-532
626,5,-532
627,5,-531
621,7,-532
621,5,-534
618,5,-531
620,5,-530
622,3,-530
622,3,-533
617,3,-531
620,3,-526
626,3,-526
622,3,-536
624,3,-532
617,3,-526
617,3,-526
617,3,-526
624,3,-535
627,3,-536
617,5,-526
618,4,-526
623,3,-526
617,3,-530
617,7,-536
617,3,-534
626,3,-527
627,3,-535
626,3,-532
621,3,-536
621,3,-531
625,7,-536
627,7,-530
627,7,-526
627,7,-529
627,11,-526
626,11,-526
625,12,-528
627,9,-526
627,9,-526
625,10,-528
626,10,-528
626,10,-528
626,10,-528
625,10,-528
627,9,-526
617,9,-526
617,8,-526
619,9,-527
617,8,-526
618,8,-527
618,9,-527
618,9,-527
617,8,-526
617,8,-526
618,9,-526
618,9,-526
617,7,-536
617,7,-536
617,9,-527
622,6,-531
618,9,-527
621,4,-530
618,8,-535
617,8,-536
618,9,-535
619,9,-534
618,10,-534
620,10,-534
618,11,-528
623,3,-530
622,5,-530
625,11,-534
627,3,-529
627,7,-531
626,11,-527
625,11,-528
625,11,-529
625,11,-529
625,11,-527
618,10,-528
625,13,-536
626,10,-527
626,10,-527
624,4,-534
618,9,-534
624,11,-534
618,9,-536
622,6,-532
619,3,-530
622,6,-531
622,6,-531
627,7,-531
627,7,-532
622,6,-531
627,10,-527
620,10,-533
626,11,-528
620,11,-533
620,11,-533
623,6,-530
623,12,-534
622,8,-533
621,11,-532
460,-1160,33
461,-1160,28
463,-1160,31
462,-1160,29
462,-1160,29
463,-1160,46
463,-1160,44
463,-1160,46
463,-1160,46
463,-1160,42
463,-1160,45
461,-1160,31
461,-1160,31
461,-1160,31
461,-1160,31
461,-1160,31
461,-1160,31
460,-1160,30
461,-1160,31
461,-1160,31
461,-1160,31
461,-1160,31
461,-1160,31
462,-1160,46
462,-1160,46
462,-1160,46
463,-1160,31
474,-1161,47
463,-1161,47
463,-1161,47
463,-1161,47
463,-1161,47
463,-1161,30
460,-1161,29
460,-1161,29
460,-1161,29
457,-1060,104
458,-1060,103
456,-1060,103
456,-1060,103
458,-1060,102
458,-1060,102
458,-1060,102
458,-1060,101
458,-1060,101
458,-1060,103
460,-1060,103
458,-1060,103
458,-1058,104
459,-1059,100
460,-1060,99
463,-1060,99
463,-1060,99
463,-1060,99
462,-1060,99
462,-1060,99
462,-1060,99
462,-1060,99
462,-1060,99
462,-1060,99
462,-1060,99
462,-1060,99
462,-1060,99
462,-1060,99
462,-1060,99
462,-1060,99
462,-1060,99
462,-1060,99
462,-1060,99
462,-1060,99
462,-1060,99
462,-1060,99
471,-1060,104
464,-1060,99
460,-1060,100
460,-1060,100
460,-1060,100
460,-1060,100
460,-1060,100
460,-1060,100
460,-1060,100
460,-1060,100
460,-1060,100
460,-1060,100
460,-1060,100
460,-1060,100
463,-1060,100
466,-1060,102
456,-1060,104
457,-1060,103
458,-1060,104
457,-1060,105
458,-1060,101
456,-1060,106
463,-1061,101
462,-1061,99
462,-1061,99
462,-1061,99
462,-1061,99
462,-1061,99
462,-1061,99
462,-1061,99
462,-1061,99
462,-1061,99
462,-1061,99
462,-1061,99
462,-1061,99
462,-1061,99
462,-1061,99
462,-1061,99
462,-1061,99
462,-1061,99
462,-1061,99
462,-1061,99
462,-1061,99
462,-1061,99
457,-1060,110
456,-1060,110
455,-1060,113
456,-1060,113
466,-1060,99
466,-1060,99
465,-1060,99
28099,-30658,960
28097,-30658,961
28066,-30667,948
28085,-30662,883
28085,-30663,874
28109,-30660,827
28082,-30652,815
28057,-30650,856
193,2,1995
193,2,1995
193,2,1995
-579,9,-109
-578,9,-108
-386,2,72
-384,2,76
-383,3,79
-383,6,78
-384,6,75
-384,6,74
28049,-30667,858
28049,-30667,858
28039,-30667,857
28046,-30666,859
28048,-30667,858
28047,-30669,857
28047,-30669,857
28050,-30670,871
28013,-30665,904
27976,-30662,936
27978,-30672,963
27996,-30673,979
28012,-30669,967
28071,-30656,973
28126,-30656,1000
28147,-30656,1005
28148,-30656,1004
28152,-30656,1007
28135,-30656,1037
193,2,1995
193,2,1995
194,2,1996
194,2,1996
195,2,1995
195,2,1986
196,3,1973
196,3,1973
196,3,1973
196,3,1973
198,3,1972
198,3,1972
226,4,1971
257,2,1969
267,3,1970
267,3,1970
28132,-30656,1049
28125,-30652,1057
28125,-30650,1058
28129,-30650,1062
28129,-30651,1061
28129,-30651,1061
28129,-30651,1062
28129,-30651,1062
28128,-30652,1060
28129,-30652,1060
28129,-30652,1060
28128,-30657,1038
28135,-30657,1014
28136,-30657,1017
28136,-30657,1017
28136,-30657,1017
28136,-30657,1018
28135,-30657,1018
28135,-30657,1018
28138,-30656,1021
28134,-30656,1013
-387,10,73
-399,7,75
100,12,114
116,12,123
-381,2,76
-384,2,76
-386,2,75
-386,2,75
-383,2,76
-385,2,74
-384,2,72
-383,2,72
-383,2,72
-383,2,72
-383,2,72
-383,2,72
-386,2,75
-386,2,75
-384,2,76
-383,2,77
-386,2,73
-386,2,73
-386,2,73
-386,2,73
-386,2,73
-383,5,79
-387,5,73
-384,2,76
-384,2,76
-384,2,76
-384,2,76
-384,2,76
-384,6,79
-383,2,76
-383,2,76
-384,2,72
-383,5,79
-384,5,74
-381,6,75
-383,6,77
-384,6,78
-386,6,76
-384,6,78
-384,6,74
-383,6,77
-384,2,77
28098,-30806,1558
28106,-30842,1552
28112,-30845,1542
28130,-30854,1545
28131,-30851,1552
28093,-30833,1567
28096,-30837,1564
28070,-30833,1555
28112,-30840,1559
28136,-30828,1542
28167,-30807,1509
28139,-30792,1469
28095,-30790,1490
28092,-30790,1503
28096,-30788,1506
28100,-30790,1510
28092,-30819,1508
28037,-30814,1558
28056,-30811,1551
28058,-30807,1557
28099,-30787,1584
28166,-30777,1604
28213,-30792,1638
28278,-30795,1619
28336,-30797,1605
28344,-30792,1599
28360,-30788,1596
28361,-30783,1599
28361,-30783,1599
28373,-30780,1588
28379,-30778,1593
28368,-30779,1580
28369,-30777,1585
28394,-30779,1579
28384,-30778,1587
28357,-30795,1552
28363,-30793,1540
28343,-30792,1548
28361,-30786,1595
28369,-30778,1577
28393,-30777,1568
28364,-30782,1591
28345,-30793,1552
28389,-30799,1530
28436,-30795,1530
28408,-30792,1537
28438,-30786,1561
28442,-30785,1562
28442,-30786,1563
2099,118,-4201
2099,116,-4195
2100,115,-4208
2099,117,-4202
2096,117,-4199
2088,115,-4204
2096,117,-4202
2096,117,-4202
2096,117,-4202
2096,117,-4202
2103,117,-4202
2089,113,-4192
2097,117,-4199
2104,116,-4205
-385,2,75
-400,5,77
-401,5,79
-399,5,77
-398,5,77
-397,5,78
-400,5,77
-398,5,77
-399,5,78
-398,5,77
-400,5,77
-399,5,77
-399,5,77
-399,5,73
-391,2,77
-393,2,82
-392,3,78
-392,2,78
-395,-1,79
-395,-1,79
-395,-1,79
-397,-1,78
-398,1,78
-399,0,79
-402,2,79
-401,2,80
-400,1,80
-398,1,79
-399,0,79
-398,0,79
-402,1,82
-400,1,80
-400,1,80
-398,1,78
-399,0,79
-398,1,78
-402,1,81
-402,0,78
-404,-1,81
-399,0,78
-399,0,79
-405,0,80
-402,-1,81
-403,0,78
-400,1,78
-400,1,78
-400,1,78
-396,0,78
-398,1,78
-399,-1,79
-398,4,78
-403,0,78
-400,1,78
-400,5,76
-401,1,78
-400,1,79
-401,1,82
-402,1,83
-404,0,78
-400,0,80
-399,2,78
-396,2,80
-397,1,80
-405,-1,80
-399,5,76
-399,5,76
-401,4,72
-406,5,69
-399,5,76
-400,8,75
-398,2,79
-398,3,78
-417,10,69
-397,9,79
-397,9,79
-397,9,79
-397,9,79
-397,9,79
-381,12,77
-385,13,81
-418,11,68
-391,4,77
-389,4,72
-391,2,74
-384,2,77
-389,6,75
-389,8,73
-380,12,79
-388,10,75
-422,11,68
-417,12,75
-389,8,73
-381,12,71
-383,10,76
-386,10,76
-398,3,67
-381,12,77
-394,7,79
-420,15,78
-381,13,79
-429,14,76
-419,11,68
-384,2,76
-384,2,76
-384,2,76
-384,2,76
-383,2,74
-384,2,77
-385,2,75
-383,2,78
-383,2,78
-383,2,78
-383,2,74
-383,2,74
-382,2,78
-382,2,78
0,-1,0
-385,2,76
-384,2,75
-384,2,75
-386,6,75
-389,6,75
-400,4,71
-374,4,61
-408,7,75
-391,4,62
-362,4,62
-419,11,71
-394,7,76
-398,4,72
-400,4,74
-400,4,74
-398,2,79
-398,3,79
-398,3,78
-397,5,77
-398,1,80
-402,0,82
-402,1,80
-398,2,79
-399,3,79
-398,3,79
-398,2,79
-396,4,84
-397,4,81
-393,2,84
-396,3,81
-397,4,81
-396,4,81
-397,2,79
-397,4,81
-404,0,80
-397,4,81
-398,5,80
-397,5,80
-397,5,80
-397,1,80
-396,4,81
-396,4,81
-397,4,80
-397,0,80
-397,3,80
-396,4,81
-396,4,81
-397,5,81
-397,5,81
-397,5,81
-397,5,81
-397,4,80
-397,0,80
-397,4,81
-397,4,81
-397,3,80
-397,0,80
-397,4,81
-397,4,81
-397,4,80
-397,4,81
-397,4,81
-397,4,81
-398,2,81
-397,4,81
-397,4,81
-397,0,80
-397,2,81
-397,3,81
-397,2,80
-398,5,80
-398,5,81
-398,0,80
-397,4,81
-397,3,81
-397,3,80
-398,5,81
-397,3,81
-397,2,81
-397,5,81
-397,5,81
-397,4,80
-397,5,81
-397,5,81
-398,5,81
-397,3,80
-397,5,80
-397,5,81
-397,5,80
-398,5,80
-398,5,80
-398,5,80
-385,2,75
-384,2,74
-386,2,74
-388,6,75
-399,4,77
-397,4,77
-397,4,77
-396,4,78
-398,4,78
-398,0,81
-396,3,81
-397,0,80
-397,3,81
-397,3,80
-397,3,80
-397,1,80
-397,0,80
-396,4,80
-396,1,80
-396,2,81
-396,0,81
-397,1,81
-397,2,81
-397,2,81
-396,2,81
-396,2,83
-396,1,83
-401,0,83
-398,1,81
-396,1,83
-396,1,83
-397,1,82
-397,1,82
-397,1,82
-397,1,82
-397,1,82
-401,1,83
-402,2,79
-402,2,81
-399,2,83
-405,1,81
-404,2,81
-404,2,81
-400,2,80
-400,5,77
-397,1,78
-397,1,78
-397,5,78
-401,5,78
-401,5,78
-397,4,78
-397,2,78
-396,1,83
-396,0,81
-396,0,81
-396,-1,81
-402,-1,79
-404,-1,79
-400,-1,79
-401,-1,79
-401,-1,81
-396,0,81
-396,0,81
-396,1,81
-405,-1,79
-396,1,82
-397,0,81
-397,1,81
-397,0,80
-397,1,80
-398,1,80
-398,1,80
-397,1,82
-396,1,82
-397,1,82
-397,1,82
-404,1,80
-397,1,82
-397,2,81
-397,2,81
-401,-1,80
-397,2,80
-399,0,80
-397,2,81
-397,3,80
-397,2,80
-397,2,80
-397,2,80
-397,2,81
-396,4,81
-397,2,80
-397,3,80
-396,2,80
-396,0,80
-397,2,80
-397,2,81
-397,2,80
-399,-1,80
-398,1,79
-396,1,81
-398,0,80
-396,2,83
-397,2,81
-397,2,81
-397,2,83
-397,2,83
-396,2,83
-398,4,77
-398,4,77
-399,4,77
-399,4,77
-398,5,77
-397,5,78
-397,6,78
-397,5,78
-398,5,77
-399,5,78
-398,5,77
-400,4,73
-400,3,73
-389,9,73
-378,12,71
-387,12,80
-369,-1,78
-351,-1,83
-306,5,78
-273,8,68
-207,4,86
-134,3,110
-75,7,110
-28,9,109
54,6,112
112,13,116
112,13,116
112,12,122
114,12,122
113,12,119
115,13,119
111,12,118
77,8,117
77,8,117
82,10,116
93,12,113
96,12,117
113,12,146
112,8,143
54,2,121
8,13,102
50,24,51
113,29,54
192,39,61
267,34,68
346,40,69
376,43,75
373,43,76
371,43,66
370,44,67
377,46,68
373,46,69
366,43,68
362,43,68
364,43,81
372,43,69
372,43,72
374,42,78
373,43,77
373,43,77
373,43,77
373,43,77
373,43,77
367,43,79
367,43,79
370,45,76
379,43,64
380,43,63
380,43,63
372,43,76
372,43,76
357,25,86
354,43,93
398,40,120
425,39,120
448,47,151
451,43,142
451,43,142
452,43,143
451,45,139
449,43,139
451,43,139
450,43,140
451,43,141
451,43,141
451,43,141
452,45,144
451,43,141
451,43,141
451,43,141
451,43,142
451,43,142
452,46,144
11,-895,645
11,-895,645
9,-892,643
-385,2,75
-385,2,75
-385,2,75
-385,2,75
-386,2,74
-386,2,74
-386,2,74
-386,2,74
-386,2,74
-386,2,74
-386,2,74
-386,2,74
-383,2,74
-386,2,74
-386,2,74
-386,2,74
-386,2,74
-386,2,74
-386,2,74
-386,2,74
-386,2,74
-386,2,74
-386,2,74
-386,2,74
-383,6,78
-382,6,74
-383,6,73
-382,6,72
-382,6,72
-382,6,72
-382,6,72
-382,6,72
-382,6,72
-382,6,72
-384,6,76
-384,6,78
-381,6,75
-381,6,75
-381,6,75
-381,6,75
-382,6,73
-382,6,76
-382,6,76
-382,6,76
-382,6,76
-382,6,76
-382,6,76
-382,6,76
-382,6,76
-382,6,76
-382,6,76
-382,6,76
-382,6,78
-382,6,79
-382,6,79
-382,6,79
-382,6,79
-384,6,79
-384,6,79
-384,6,78
-384,6,78
-384,6,78
-383,3,79
-384,2,77
-384,2,77
-383,6,78
-383,2,79
-383,2,79
-383,2,79
-383,2,79
-383,2,79
-383,2,79
-383,2,79
-383,2,79
-383,2,79
-383,2,79
-383,2,79
-383,2,79
-383,2,79
-383,2,79
-383,2,79
-383,2,79
-383,2,79
-383,2,79
-383,2,79
-383,2,79
-383,2,79
-383,2,79
-383,2,79
-383,2,79
-383,2,72
-383,2,72
-383,2,72
-382,6,71
-382,6,71
-382,6,71
1233,56,272
1236,56,269
1224,59,235
1251,67,209
1183,66,222
1188,43,194
1187,45,177
1188,44,184
1177,31,186
1173,28,153
1173,28,153
1181,34,151
1170,22,152
1174,18,148
1185,26,146
1185,26,146
1185,26,146
1181,25,147
1175,33,159
1185,42,178
1172,32,166
-459,31,112
-445,45,148
-444,43,147
27754,-30912,1241
1231,66,255
1230,68,255
1231,66,255
1229,59,256
1229,66,255
1244,71,247
1244,72,244
1230,66,255
1230,66,255
1230,66,255
1230,66,255
1238,63,254
1230,66,256
1229,66,255
1242,63,260
1236,67,254
1230,66,255
1229,65,255
1237,61,266
1230,66,255
1228,62,258
1230,66,255
1230,69,254
1235,70,254
1239,71,254
1229,60,255
1229,68,256
1229,67,255
1236,71,255
1236,74,253
1237,73,253
1237,73,254
1234,70,254
1239,73,254
1241,74,253
1229,69,254
1242,74,252
1241,74,250
1242,74,252
1245,75,249
1246,74,248
1244,76,244
1240,76,242
1245,76,248
1243,74,253
1247,79,243
1247,79,243
1244,79,238
1241,82,229
1241,82,230
1241,82,231
1241,82,228
1241,82,225
1239,82,239
1221,90,242
1218,88,235
1217,86,231
1217,86,231
1209,86,228
1214,89,265
1219,88,278
1220,86,279
1220,87,282
1220,87,282
1214,88,267
1203,86,244
1203,88,244
1203,86,245
1206,82,250
1202,83,252
1194,79,256
1191,79,258
1183,41,283
1184,37,293
1223,58,293
1226,60,269
1209,69,236
1206,67,230
1206,67,230
1190,67,212
1189,68,222
1214,69,229
1212,90,246
1213,91,240
1211,86,237
1195,58,253
1188,56,259
1179,58,242
1196,58,254
1245,78,246
1246,78,237
1235,77,241
1235,77,241
1235,77,241
1258,68,268
1279,24,302
1280,22,300
1263,41,283
1255,55,272
1245,71,254
1245,71,254
1236,75,249
1224,72,242
1223,69,242
1223,69,242
1242,75,246
1242,75,248
959,11,574
927,9,556
897,15,553
902,14,546
902,14,546
902,14,546
921,19,520
933,29,513
959,36,497
983,13,506
999,10,481
1020,5,452
993,5,462
988,4,465
845,6,480
839,12,469
839,12,469
782,2,472
751,3,480
-385,2,75
-385,2,75
-385,2,75
-385,2,75
-385,2,75
-385,2,75
-384,6,73
-384,6,72
-384,6,74
-384,6,74
-384,6,74
-381,2,71
27938,-30768,1307
-385,2,75
-385,2,75
-385,2,75
-384,2,79
-385,2,75
-385,2,75
-384,2,72
-384,2,72
44,2,1499
-384,2,73
-384,1,74
-385,1,75
-385,1,76
-384,1,76
-384,1,77
-384,2,77
-384,2,77
-385,1,75
-384,1,77
-384,1,74
-384,1,74
-384,2,74
-385,1,75
-385,1,74
-385,1,74
-386,2,76
-383,2,74
-383,2,72
-385,2,73
-385,2,73
-380,1,70
27938,-30768,1307
27938,-30768,1307
27938,-30768,1307
-385,1,75
-384,2,77
-384,2,77
-383,2,76
-386,6,75
-383,6,79
-384,2,78
-384,1,73
-385,1,73
-385,2,73
-383,1,77
-383,2,75
-383,2,75
-384,2,72
-380,2,70
-384,2,76
192,2,1995
-385,2,75
-383,2,75
-385,2,73
-384,2,74
-384,2,76
-384,2,76
-384,2,77
-384,2,77
-384,2,79
-383,2,75
-383,2,75
-386,2,73
-385,2,75
-385,2,75
-385,2,75
27935,-30768,1308
27934,-30768,1308
27938,-30766,1306
27939,-30767,1307
27942,-30768,1319
27941,-30768,1311
27939,-30766,1306
27939,-30768,1327
27936,-30768,1333
27918,-30768,1340
27895,-30767,1337
27887,-30762,1329
27887,-30762,1329
27887,-30748,1303
27885,-30733,1282
1213,58,234
1213,59,234
1213,59,234
1218,59,235
1218,59,234
1218,60,236
1210,59,235
1207,51,236
1210,59,236
-380,2,71
27937,-30767,1307
27937,-30767,1307
27931,-30769,1305
27924,-30770,1279
144,3,1973
145,3,1973
165,6,1977
197,4,1969
206,3,1962
215,3,1970
230,4,1968
223,4,1972
213,3,1975
213,3,1975
198,10,1997
193,10,1998
196,10,1990
195,14,1981
195,13,1981
196,15,1980
194,14,1982
195,15,1980
193,15,1985
193,16,1985
196,16,1984
197,15,1981
201,2,1986
199,3,1971
187,3,1975
187,3,1974
191,3,1978
194,4,1969
196,4,1973
192,3,1974
195,3,1974
181,3,1976
161,4,1978
157,4,1980
163,4,1975
163,4,1975
163,4,1975
163,4,1975
163,4,1975
175,3,1979
205,3,1975
212,4,1977
175,3,1975
175,3,1975
188,3,1975
220,4,1970
255,3,1979
288,3,1972
308,4,1974
321,4,1976
362,4,1974
381,4,1971
386,4,1963
382,4,1975
380,4,1976
380,4,1976
380,4,1976
378,4,1967
386,4,1964
386,4,1964
2087,37,-4179
383,4,1969
376,4,1975
391,4,1973
403,4,1977
417,5,1973
429,2,1987
-252,24,824
-251,24,820
-247,24,814
-257,23,820
-255,25,821
-253,24,821
-262,24,817
-249,24,823
-253,24,819
-250,24,814
-252,24,821
-253,24,822
-253,24,822
-253,24,822
-256,25,820
-257,25,826
-257,21,820
-255,24,822
-252,24,825
-247,24,824
2323,-7849,778
-389,15,34
-392,2,69
-399,4,72
-392,3,73
-411,5,66
-432,9,66
-437,8,67
-416,11,73
-399,5,77
-399,5,77
-391,2,68
-391,2,68
-391,2,68
-384,2,62
-357,4,52
-357,4,52
-345,3,42
-326,2,47
-293,5,54
-252,2,56
-238,1,90
-204,1,87
-171,4,101
-151,4,108
-127,3,107
-87,4,112
-74,2,110
-58,6,110
-19,7,112
168,11,140
168,11,140
171,11,142
163,12,138
145,17,113
147,19,110
165,19,111
137,15,116
134,19,109
122,21,105
-381,2,73
-389,2,70
-373,18,39
68,3,137
99,13,116
150,4,1976
146,4,1974
165,10,1983
150,8,1979
212,3,1972
275,5,1973
287,3,1980
249,3,1977
240,3,1973
195,2,1977
195,6,1995
193,6,1995
195,6,1995
195,3,1968
267,3,1966
294,5,1935
308,4,1971
292,4,1944
298,4,1974
280,3,1971
284,14,1963
282,16,1962
253,3,1979
185,3,1975
148,9,1983
159,9,1983
159,10,1976
168,4,1971
194,3,1973
194,3,1973
165,4,1973
221,3,1977
264,3,1972
262,3,1975
297,7,1972
354,4,1971
437,10,1971
447,22,1982
431,12,1989
-253,26,818
-251,27,796
-244,31,776
-285,31,807
-303,28,824
-305,24,817
-301,19,812
-301,20,812
-301,20,812
-301,20,812
-300,21,812
-300,21,812
-300,21,812
-303,22,817
-362,2,85
-379,2,59
-373,26,26
-251,24,814
-255,27,799
-285,31,808
-304,18,815
-301,3,812
-302,13,816
-298,18,820
-307,27,819
1141,12,696
1142,12,700
1143,12,697
1143,12,697
1141,12,696
1143,12,696
1142,11,699
1143,11,699
1142,11,700
1141,14,706
1144,11,713
1138,12,705
1123,21,692
1120,28,700
1123,21,702
1130,17,707
1125,21,707
1128,21,712
1124,21,713
1125,21,712
1125,21,712
1125,21,712
1125,21,712
1124,17,712
1126,15,713
1126,15,713
1128,18,714
1124,19,712
1123,21,705
1129,13,710
1134,12,707
1149,15,723
1126,28,767
1122,36,773
1132,32,731
1133,34,728
1144,24,731
1145,24,731
1146,20,730
1136,12,683
1134,17,682
1134,12,682
1131,14,681
1135,12,682
1137,12,684
1149,14,688
1144,12,683
1136,12,680
1150,14,688
1153,17,685
1153,13,685
1144,17,682
1136,12,687
1135,12,687
1133,12,682
1137,12,688
1139,14,688
1135,12,688
1140,12,683
1157,13,687
1138,12,679
1157,12,709
1149,12,683
1149,18,683
1149,12,685
1152,12,682
1154,12,706
1144,12,691
1144,12,691
1144,12,691
1134,12,695
1134,13,693
1134,13,695
1134,13,695
1134,13,695
1133,13,693
1133,13,693
1134,10,693
1134,7,693
1134,8,693
1134,7,693
1133,6,694
1133,6,694
1134,6,694
1133,6,693
1134,4,694
1134,4,696
1137,2,695
1137,2,694
1135,3,695
1134,4,696
1134,6,696
1135,6,693
1134,6,697
1135,6,695
1131,5,695
1131,6,695
1136,6,695
1136,13,697
1133,13,697
1133,13,697
1136,13,696
1136,13,696
1136,13,695
1134,7,693
1134,10,693
1137,13,695
1136,13,695
1140,12,704
0,-1,0
1138,13,695
1142,13,713
1120,30,760
1123,32,771
1099,29,798
1092,17,793
1086,14,792
1089,23,786
1112,23,771
1108,34,735
1065,44,763
1062,45,765
1062,49,764
1062,50,764
1063,50,762
1063,52,763
1064,51,765
1061,51,763
1061,51,762
1060,52,761
1059,52,761
1086,25,768
1126,29,751
1139,19,715
1139,12,702
1139,12,702
1139,12,702
1139,12,702
1139,12,702
1137,13,695
1134,13,696
1149,12,693
1215,18,689
10774,13,29694
10773,13,29694
10774,13,29665
10751,12,29656
10756,14,29726
10731,14,29681
10750,12,29666
10753,15,29663
10753,15,29663
10753,15,29663
10769,12,29670
10772,13,29664
10772,13,29664
10774,13,29690
10774,13,29690
10779,14,29678
10778,11,29680
10755,13,29664
10732,13,29656
10735,-1,29633
10743,14,29691
10768,11,29687
10790,17,29681
10757,12,29703
10757,12,29703
10757,12,29703
10757,12,29703
10757,12,29703
10756,14,29677
10755,11,29693
10764,11,29698
10791,11,29679
10790,13,29678
10793,12,29677
10793,12,29677
10793,12,29677
10793,12,29677
10793,12,29677
10772,13,29694
10772,13,29694
10772,13,29694
10771,13,29690
10776,13,29690
10779,11,29683
10787,9,29693
10776,12,29693
10776,11,29684
10764,12,29720
10764,12,29720
10769,13,29709
10780,10,29693
10780,10,29693
10780,10,29693
10793,9,29703
10786,13,29678
10777,11,29698
10757,11,29683
10763,11,29680
10800,13,29692
10734,13,29685
10782,12,29684
10805,13,29670
10805,13,29670
10807,10,29684
10804,11,29687
-385,2,75
1136,13,696
1134,13,695
1133,13,697
1133,13,697
1134,13,695
1139,13,695
1163,14,698
1161,16,688
1170,14,703
1161,13,694
1159,13,687
1171,14,700
1144,12,701
1132,12,686
1130,12,688
1139,12,679
1168,14,691
1169,15,696
1132,17,721
1141,12,698
1135,13,695
1135,13,695
1135,13,695
1135,13,695
1140,12,695
1137,18,694
1140,12,696
1136,17,698
1130,14,695
1142,12,703
1136,13,696
1136,13,696
1136,13,696
1135,13,696
1135,13,696
1135,13,696
1159,13,687
1161,13,691
1165,14,689
1137,13,696
1136,13,696
1145,12,704
1157,13,691
1150,11,712
1137,13,696
1137,13,696
1147,12,698
1136,12,684
1144,12,685
1139,12,696
1137,13,696
1137,13,696
1138,13,696
1143,12,699
1162,12,708
1149,12,679
1157,15,675
1170,15,684
1136,13,696
1136,13,696
1121,13,683
-871,2,1189
-393,2,74
-392,2,75
-394,4,72
-374,2,68
-379,2,62
-382,2,62
-382,1,63
-385,1,64
-382,1,66
1136,13,696
1136,13,696
1136,13,696
1135,13,695
1135,13,695
1135,13,695
1133,19,697
1171,23,702
1152,25,681
1166,25,702
1153,23,688
1145,20,702
1145,20,702
1145,20,702
1145,20,702
1145,20,702
1142,16,698
1140,12,716
1140,12,716
1129,17,703
1141,13,693
1141,12,702
1141,12,702
1141,12,702
1141,12,698
1139,14,692
1141,12,694
1139,14,693
1141,12,697
1142,12,698
1139,15,698
1142,12,698
1140,13,699
1137,12,695
1145,11,710
1146,11,711
1149,11,705
1149,11,704
1150,10,706
1148,11,705
1148,11,705
1147,11,708
1145,11,712
1146,11,707
1149,11,711
1141,11,705
1142,11,707
1147,11,713
1142,11,710
1142,12,710
1142,12,710
1142,12,710
1142,12,710
1139,17,698
1142,12,702
1133,13,695
1134,13,694
1135,13,693
1138,13,696
1135,18,695
1135,18,695
1137,17,704
1139,14,699
1139,14,699
1138,13,703
1137,12,706
1137,12,706
1139,15,698
1139,17,696
1141,12,696
1136,12,696
1134,8,693
1135,6,695
1134,12,693
1132,13,710
1133,13,710
1134,12,712
1132,12,707
1141,12,709
1133,12,710
1139,12,706
1132,12,710
1129,12,704
1132,13,712
1133,12,705
1131,12,706
1132,12,705
1120,15,707
1139,12,710
1142,12,700
1133,12,706
1138,14,708
1131,17,706
1131,16,705
1133,16,707
1133,15,704
1133,16,707
1149,11,710
1135,12,711
1130,13,710
1138,14,712
1137,13,712
1132,13,712
1126,21,706
1127,21,706
1132,17,707
1132,13,710
1132,12,706
1131,13,710
1136,13,706
1133,12,711
1126,21,713
1127,15,711
1125,21,712
1125,21,712
1125,21,712
1125,21,712
1128,21,705
1122,21,702
1121,21,702
-875,3,1189
30307,8,-15210
969,-14,4596
968,-14,4595
967,-13,4592
967,-13,4591
964,-14,4585
964,-14,4585
969,-12,4588
964,-12,4588
964,-12,4588
964,-12,4588
964,-13,4588
970,6,4592
970,6,4592
970,6,4592
964,6,4585
966,-13,4597
964,-1,4585
964,6,4585
964,6,4585
964,6,4585
969,6,4595
968,6,4592
965,6,4587
968,6,4590
967,6,4591
967,6,4592
968,6,4591
968,6,4591
971,6,4592
970,6,4593
970,6,4593
972,6,4594
966,6,4594
966,6,4594
966,6,4594
975,6,4589
975,6,4588
975,6,4588
1134,13,694
1134,13,694
1134,13,694
1134,13,694
1134,13,695
1134,13,694
1135,13,694
1135,13,694
1135,13,694
1135,13,695
-876,2,1189
971,7,4590
973,-13,4596
970,-13,4587
969,-14,4585
969,-12,4588
969,-12,4588
969,-12,4588
969,-12,4588
964,-3,4585
965,-5,4594
974,-14,4586
973,-15,4586
972,-12,4593
970,-13,4588
970,-13,4588
970,-13,4588
970,-13,4588
964,-14,4585
965,6,4585
965,6,4585
965,6,4585
965,6,4585
965,6,4585
965,6,4585
965,6,4585
965,6,4585
970,6,4592
970,6,4592
965,6,4591
965,6,4591
965,6,4591
965,6,4591
965,6,4591
965,6,4591
965,6,4591
967,6,4594
967,6,4593
970,6,4591
968,6,4587
970,6,4590
969,5,4587
968,5,4587
968,6,4592
970,6,4594
1134,13,695
1134,13,695
1134,13,696
1135,13,697
962,6,4585
964,-9,4585
970,6,4593
971,6,4589
973,6,4586
974,6,4586
971,7,4590
972,6,4586
975,6,4587
972,6,4586
971,7,4591
971,8,4588
1134,13,733
1134,13,696
1134,13,694
973,6,4593
973,6,4593
1134,13,696
1134,13,696
971,6,4594
1135,13,695
1135,13,695
969,6,4593
969,6,4592
973,8,4590
973,8,4590
970,6,4592
972,6,4592
970,6,4592
970,6,4592
970,6,4592
970,6,4592
970,6,4592
972,6,4587
970,6,4592
970,6,4591
970,6,4591
968,6,4594
973,7,4591
967,6,4593
968,8,4589
969,6,4591
969,6,4591
970,6,4594
969,6,4592
969,6,4592
969,6,4592
969,6,4592
969,6,4592
969,6,4592
969,6,4592
969,6,4592
969,6,4592
967,6,4592
967,6,4592
967,6,4592
965,6,4589
967,-14,4591
964,5,4585
966,6,4591
971,6,4590
970,6,4590
970,6,4590
973,6,4594
971,6,4589
968,6,4591
967,6,4586
966,6,4586
966,6,4591
971,6,4590
970,6,4594
970,6,4594
970,6,4594
972,6,4589
971,6,4592
971,6,4592
971,6,4592
970,6,4593
970,6,4593
972,7,4589
971,7,4590
971,6,4593
970,7,4590
970,7,4590
972,6,4587
972,7,4586
968,6,4587
967,6,4591
971,6,4592
970,6,4592
970,6,4592
970,6,4592
970,6,4592
970,6,4592
970,6,4593
973,10,4589
972,7,4592
969,7,4597
969,7,4595
969,7,4595
969,7,4595
969,7,4595
969,6,4593
968,7,4592
969,8,4589
969,8,4589
969,8,4589
969,7,4599
966,6,4592
963,6,4594
964,6,4595
946,12,4607
915,23,4628
843,17,4648
837,16,4650
845,17,4606
913,20,4595
969,6,4594
969,6,4593
971,6,4589
971,6,4589
969,7,4595
971,6,4594
971,6,4594
964,6,4585
972,6,4588
967,6,4587
972,7,4588
971,6,4586
971,6,4586
964,6,4585
970,-4,4585
965,-5,4596
967,-5,4597
969,-3,4596
968,-4,4585
964,-5,4595
967,-4,4597
964,-5,4597
982,-4,4592
964,5,4585
968,9,4614
970,10,4599
976,9,4587
976,9,4587
957,10,4588
974,7,4600
972,7,4601
969,7,4603
969,7,4603
970,9,4607
969,6,4594
969,7,4595
970,9,4615
973,9,4616
971,14,4635
971,15,4649
973,15,4646
982,13,4667
990,15,4704
1001,16,4732
1004,14,4779
1011,12,4819
1011,12,4820
995,17,4829
998,14,4821
995,17,4843
994,18,4851
995,14,4909
1011,24,4959
1053,25,5027
1058,20,5053
1061,20,5049
1067,20,5048
1066,20,5049
1072,8,5046
1081,1,5045
1069,21,5026
1070,16,5028
1070,16,5028
1074,11,5024
1086,11,5019
1080,22,4953
1134,13,696
1133,13,694
1133,13,694
962,6,4583
962,6,4584
962,6,4584
962,6,4584
962,6,4584
962,6,4584
964,5,4583
968,6,4590
970,6,4591
970,6,4591
970,7,4592
972,7,4588
967,7,4595
967,7,4595
965,6,4589
969,6,4595
969,6,4595
965,6,4586
969,8,4590
974,7,4595
966,6,4588
970,8,4588
969,7,4596
973,10,4588
974,17,4586
974,14,4588
974,14,4588
974,14,4588
975,11,4587
974,14,4584
975,11,4587
1136,13,696
1136,13,696
1134,13,696
1134,13,696
1134,13,696
1134,13,696
1134,13,696
1134,13,696
1134,13,696
1134,13,696
1134,13,696
1136,13,695
1136,13,695
1134,13,695
1134,13,695
1134,13,695
1134,13,695
1134,13,695
1136,13,695
1136,13,695
1136,13,695
1135,13,695
1135,13,695
1135,13,695
1136,13,694
1136,13,694
1134,13,696
1134,13,696
1134,13,696
1134,13,696
1134,13,695
1134,13,695
1134,13,695
1134,13,695
1135,13,695
1134,13,695
1135,13,695
1135,13,695
1135,13,695
1135,13,695
1135,13,695
1135,13,694
1136,13,695
1136,13,695
1136,13,695
1136,13,695
1134,13,694
1135,13,694
1134,13,694
1134,13,694
1134,13,694
1134,13,694
1134,13,694
1134,13,694
1133,13,694
1132,13,694
1132,13,694
1132,13,694
1132,13,694
1132,13,694
1132,13,694
1133,13,694
1133,13,694
1134,13,695
1134,13,695
1134,13,695
1140,12,696
1141,13,716
1138,11,717
1140,15,699
1136,13,697
1134,13,696
1134,13,696
1134,13,696
1134,13,696
1134,13,696
1134,13,696
1134,13,696
1134,13,696
1134,13,696
1134,13,696
1134,13,696
1134,13,696
1135,13,696
1135,13,695
964,0,4585
971,-14,4586
970,-15,4586
967,-15,4585
967,-15,4585
970,-13,4587
969,-15,4586
969,-13,4588
969,-13,4588
969,-14,4590
969,-13,4589
1169,25,683
1163,20,697
-388,2,75
-370,22,34
-375,26,25
86,7,126
127,16,112
131,18,111
131,18,110
134,18,111
137,19,111
136,19,111
121,16,118
131,18,109
130,18,112
130,18,112
129,19,112
730,-7,3385
967,-14,4587
967,-12,4592
967,-13,4592
968,-13,4592
972,-12,4594
972,-13,4592
968,-14,4586
968,-13,4588
971,-12,4592
970,-13,4588
969,-12,4596
965,-13,4592
967,-12,4592
973,-13,4589
973,-13,4589
973,-13,4589
964,-12,4589
964,-14,4585
966,-13,4588
967,-13,4587
970,-13,4588
973,-13,4590
973,-13,4592
970,-12,4592
967,-12,4592
968,-12,4594
966,-11,4596
971,-12,4587
966,-15,4594
968,-14,4594
970,-15,4594
970,-15,4590
970,-12,4588
973,-13,4591
964,-14,4587
964,-13,4591
964,-13,4591
964,-13,4591
965,-12,4588
965,-12,4588
968,-11,4593
967,-14,4585
969,7,4590
972,7,4588
972,7,4588
972,6,4594
970,7,4590
964,6,4585
965,6,4585
964,5,4585
964,-13,4585
970,-14,4587
966,-15,4585
966,-12,4592
968,-15,4595
970,-12,4591
970,-15,4594
964,1,4585
973,8,4588
972,6,4586
964,6,4585
965,-12,4591
968,-12,4588
972,-15,4585
966,-13,4589
966,-13,4589
966,-13,4589
966,-12,4588
967,-13,4588
967,-13,4588
967,-13,4588
972,-13,4588
972,-13,4588
973,-13,4588
964,-11,4585
970,-12,4594
967,-15,4586
970,-12,4588
964,-6,4585
970,6,4591
970,6,4591
970,7,4591
971,6,4591
965,-14,4585
966,-12,4594
973,-15,4585
973,-15,4585
973,-15,4585
973,-15,4586
972,-15,4585
972,-15,4585
972,-15,4585
972,-15,4585
972,-15,4585
972,-15,4585
972,-15,4585
970,-3,4596
966,-5,4597
980,-5,4585
971,-15,4585
969,-13,4588
969,-13,4588
972,-15,4586
964,6,4585
964,-4,4585
964,-4,4585
964,-4,4585
964,2,4585
964,-5,4585
964,-6,4585
964,-7,4585
967,6,4589
967,6,4587
968,6,4595
1136,13,695
1136,13,695
1136,13,695
1154,11,717
1128,29,765
1121,28,771
1108,21,771
-382,2,63
-367,6,56
-400,5,73
-400,6,75
-399,5,78
-399,5,78
-400,3,71
-440,17,84
-444,9,70
-433,9,67
437,49,2008
472,53,2002
436,51,1999
434,35,1994
418,6,1966
423,10,1928
412,15,1935
401,4,1976
395,4,1982
401,4,1978
455,8,1964
450,13,1950
1131,12,690
-375,2,68
1134,12,696
1135,13,694
1136,13,695
1136,13,696
1134,13,695
1134,13,695
1136,13,696
1141,12,693
1162,13,693
1161,13,692
1161,13,692
1161,13,692
1161,13,692
1139,12,696
1136,13,696
962,6,4583
964,-4,4585
970,-25,4585
965,-25,4590
964,-23,4586
966,-25,4582
966,-25,4582
968,-25,4584
965,-25,4591
968,-25,4589
968,-25,4589
15039,8,-11135
15032,7,-11127
15040,7,-11132
968,8,4591
968,7,4590
968,7,4590
967,6,4592
967,6,4592
971,6,4593
967,6,4591
967,7,4590
969,6,4593
970,6,4593
15043,3,-11142
15043,3,-11142
15040,5,-11144
15068,4,-11105
15061,5,-11129
15036,5,-11124
15041,3,-11125
15041,3,-11131
15039,7,-11137
15035,8,-11125
15035,8,-11125
15035,8,-11125
15031,6,-11122
15051,3,-11137
15079,4,-11145
15100,11,-11157
15095,10,-11157
15095,10,-11157
15095,10,-11157
15095,10,-11157
15095,10,-11157
15095,10,-11157
15097,10,-11161
15098,10,-11159
15098,10,-11159
15102,10,-11159
15092,12,-11160
15105,12,-11169
15105,10,-11162
15093,10,-11160
15073,6,-11150
15057,3,-11145
15095,5,-11131
15093,8,-11155
15097,10,-11153
15101,9,-11153
15098,9,-11154
15094,9,-11158
15094,10,-11158
15101,11,-11162
15088,10,-11157
1134,13,696
1135,13,695
1135,13,695
1136,13,696
1135,13,695
1138,13,695
1136,13,696
15090,11,-11152
15099,10,-11159
15096,10,-11158
15098,10,-11159
15096,10,-11158
15096,10,-11159
15098,9,-11158
15096,8,-11157
15098,8,-11157
15099,10,-11158
15100,10,-11156
15099,11,-11159
15099,11,-11159
15097,10,-11155
15096,8,-11156
15099,11,-11155
15097,10,-11156
15098,10,-11154
15096,8,-11158
15094,10,-11159
15094,10,-11158
15101,11,-11154
15094,7,-11149
15102,14,-11170
15100,11,-11160
15096,9,-11161
15094,10,-11161
15094,10,-11161
15097,13,-11164
15091,11,-11158
15100,10,-11162
15103,10,-11159
15101,8,-11160
15102,10,-11159
15101,11,-11160
15104,9,-11150
15093,11,-11156
15095,9,-11154
15075,5,-11149
15043,6,-11147
15101,9,-11160
15098,11,-11162
15097,10,-11153
15100,11,-11160
15100,9,-11156
15101,8,-11160
15094,10,-11155
15098,11,-11161
15098,11,-11162
15097,12,-11156
15101,10,-11161
15101,11,-11162
15101,10,-11158
15095,9,-11162
15096,8,-11158
15100,9,-11156
15098,10,-11156
15096,9,-11162
15094,10,-11161
15097,10,-11159
15102,10,-11159
15101,10,-11156
15098,10,-11157
15095,10,-11160
15094,10,-11160
15095,10,-11156
15103,10,-11159
15097,11,-11164
15097,11,-11163
15095,12,-11158
15095,10,-11156
15094,10,-11162
15101,11,-11161
15098,12,-11160
15097,12,-11156
15101,11,-11160
15100,11,-11155
15101,11,-11157
15103,11,-11161
15102,11,-11162
15100,10,-11163
15099,9,-11154
15099,13,-11154
15113,9,-11164
15108,10,-11163
15103,11,-11156
15102,11,-11159
15107,10,-11163
15100,10,-11159
15096,11,-11160
15100,10,-11157
15096,9,-11150
15093,11,-11159
15093,11,-11158
15093,11,-11162
15094,11,-11160
15101,12,-11161
15098,10,-11161
15097,11,-11164
15098,11,-11163
15097,12,-11164
15097,12,-11165
15096,11,-11164
15094,12,-11160
15102,10,-11155
15098,12,-11160
15100,13,-11157
15103,12,-11156
15098,11,-11160
15097,12,-11164
15069,5,-11135
15092,11,-11150
15095,8,-11151
15078,3,-11144
15071,6,-11141
15078,5,-11150
15041,3,-11141
15041,5,-11143
15040,3,-11143
15042,3,-11142
15040,4,-11143
15040,3,-11142
15041,3,-11142
15040,3,-11141
15041,3,-11142
15040,3,-11142
15040,3,-11140
15040,3,-11140
15040,3,-11140
15040,3,-11140
15042,3,-11143
15043,3,-11143
15049,3,-11140
15049,3,-11140
15041,4,-11146
15042,3,-11147
15044,3,-11146
15042,3,-11143
15041,3,-11143
15042,3,-11146
15041,6,-11144
15042,3,-11143
15042,3,-11142
15041,3,-11143
15043,3,-11143
15042,3,-11143
15045,3,-11143
15043,3,-11143
15043,3,-11142
15042,3,-11142
15044,3,-11142
15044,3,-11142
15044,3,-11142
15041,3,-11142
15041,3,-11143
15041,3,-11143
15041,3,-11142
15040,8,-11143
15048,3,-11142
15043,3,-11142
15042,3,-11142
15042,3,-11143
15041,3,-11143
15042,3,-11140
15042,3,-11140
15043,3,-11140
15043,3,-11143
15044,3,-11142
15078,4,-11150
15096,10,-11150
15100,11,-11163
15100,12,-11163
15100,12,-11163
15100,12,-11163
15100,12,-11163
15102,11,-11155
15101,11,-11163
15102,11,-11163
15102,11,-11163
15102,11,-11163
15047,4,-11142
15046,3,-11148
15068,4,-11151
15068,4,-11151
15097,8,-11143
15093,12,-11160
15101,10,-11162
15101,10,-11160
15100,10,-11161
15098,10,-11155
15096,10,-11156
15095,36,-11175
15068,36,-11176
15068,36,-11176
15097,35,-11176
15097,35,-11176
15035,35,-11177
14966,35,-11177
15018,35,-11177
15096,35,-11176
15096,36,-11176
15094,35,-11177
15084,35,-11177
15076,35,-11177
15074,37,-11176
15070,36,-11177
15070,36,-11177
15093,11,-11162
15093,8,-11162
15094,7,-11163
15093,8,-11163
15093,8,-11163
15093,11,-11160
15091,13,-11154
15059,7,-11154
15009,2,-11188
15028,12,-11175
15072,35,-11177
15068,36,-11175
15095,36,-11176
15083,35,-11176
15091,37,-11176
15034,35,-11177
15073,36,-11176
15095,36,-11177
15071,34,-11178
15083,34,-11177
15068,35,-11175
15068,35,-11177
15094,34,-11178
15082,34,-11178
15095,34,-11178
15068,35,-11177
15072,35,-11178
15079,34,-11178
15077,34,-11178
15076,34,-11178
15084,36,-11176
15081,35,-11177
15080,34,-11178
15089,34,-11178
15092,34,-11178
15079,35,-11176
15075,35,-11177
15088,35,-11177
15072,36,-11176
15094,34,-11180
15090,31,-11180
15087,35,-11177
15087,35,-11177
15087,35,-11177
15085,35,-11178
15090,33,-11179
15091,27,-11177
15078,37,-11177
15077,26,-11176
15076,30,-11179
15074,32,-11179
15071,33,-11180
15068,36,-11176
15068,36,-11176
15095,35,-11177
15089,32,-11179
15079,34,-11178
15077,34,-11178
15076,35,-11177
15072,34,-11177
15070,35,-11177
15071,34,-11178
15070,34,-11178
15095,35,-11177
15080,37,-11179
15069,35,-11179
15069,35,-11179
15072,35,-11179
15082,35,-11178
15024,35,-11177
15097,35,-11177
15097,35,-11177
15081,37,-11175
15086,35,-11178
15096,36,-11178
15068,35,-11179
15092,37,-11176
15079,38,-11178
15068,37,-11177
15066,35,-11177
15077,36,-11176
15094,9,-11152
15038,-1,-11183
15018,2,-11173
15032,9,-11184
15032,9,-11176
15073,38,-11176
15074,37,-11177
15070,35,-11175
15070,35,-11175
15070,35,-11175
15072,35,-11178
15078,36,-11176
15078,36,-11176
1136,13,696
1136,13,696
1136,13,696
1136,13,696
1136,13,696
1135,13,696
1135,13,696
1135,13,696
1135,13,696
1131,12,689
1135,13,695
1136,13,696
1136,13,696
1136,13,696
1136,13,696
1136,13,696
1151,12,701
1131,12,708
1133,12,708
1136,13,696
1134,13,697
1134,13,697
1135,13,696
15066,38,-11176
15096,36,-11176
15090,36,-11176
15090,36,-11176
15078,37,-11178
15069,35,-11174
15069,35,-11174
15069,35,-11174
15069,35,-11174
1135,13,695
1134,13,695
1134,13,695
1134,13,695
1134,13,695
1134,13,695
1134,13,695
1135,13,695
1134,13,695
1135,13,695
1137,13,695
1137,13,695
1137,13,695
1133,13,693
1133,13,693
1135,13,697
1135,13,697
1135,14,697
1134,13,695
1134,13,695
1134,13,695
1134,13,695
1134,13,695
1134,13,695
27938,-30768,1307
27938,-30769,1328
27939,-30772,1334
27940,-30775,1333
27940,-30774,1332
27938,-30774,1335
27939,-30774,1335
27939,-30774,1333
27939,-30772,1337
27937,-30769,1336
27937,-30770,1336
27937,-30770,1336
27937,-30770,1336
27937,-30770,1336
27937,-30772,1323
27936,-30772,1322
27936,-30772,1322
27936,-30772,1322
27936,-30772,1322
27936,-30772,1322
27936,-30772,1322
27936,-30780,1309
27940,-30781,1310
27940,-30781,1310
27940,-30781,1310
27940,-30781,1310
27940,-30781,1310
1135,13,695
15045,35,-11177
15067,36,-11175
15067,36,-11175
15067,36,-11175
15067,35,-11178
15067,35,-11178
15067,35,-11178
15067,36,-11175
15076,35,-11178
15071,36,-11176
15071,36,-11176
15071,36,-11176
15071,36,-11176
15070,35,-11174
15061,35,-11177
15061,35,-11177
15072,37,-11178
15074,35,-11177
15069,36,-11176
15078,36,-11178
15068,35,-11178
15068,35,-11178
15068,35,-11178
15068,35,-11178
15068,35,-11178
15067,33,-11177
15053,33,-11178
15062,33,-11176
15064,33,-11177
15057,33,-11177
15054,33,-11177
15052,36,-11176
15052,33,-11177
15052,33,-11177
15052,33,-11177
15041,33,-11177
15037,33,-11178
15073,38,-11176
15074,36,-11177
15047,33,-11176
15045,33,-11176
15041,33,-11176
15034,33,-11177
15031,33,-11177
15028,33,-11177
15023,33,-11177
15024,34,-11178
15020,33,-11177
15018,34,-11178
15016,34,-11176
15015,34,-11176
15010,34,-11177
15005,34,-11176
14998,34,-11176
15000,33,-11177
15062,35,-11178
15095,36,-11178
15085,34,-11178
15084,34,-11178
15083,35,-11177
15058,35,-11177
15064,36,-11178
15080,36,-11177
15081,35,-11178
15098,35,-11177
15070,35,-11177
15080,37,-11178
15093,36,-11178
15095,35,-11175
15069,35,-11175
15068,35,-11174
15068,35,-11174
15068,35,-11174
15093,35,-11177
15071,35,-11175
15074,35,-11177
15067,35,-11179
15069,35,-11174
15069,35,-11174
15091,36,-11177
15096,36,-11176
1133,13,697
15087,36,-11177
15098,10,-11177
15098,10,-11177
15098,10,-11177
15100,10,-11177
15098,16,-11177
15098,24,-11177
15098,28,-11177
15098,31,-11177
15098,12,-11177
15098,15,-11177
15067,36,-11175
15068,38,-11178
15061,35,-11177
15061,35,-11177
15048,35,-11177
15077,28,-11181
15064,35,-11177
15039,35,-11177
15026,35,-11177
15019,35,-11177
15010,35,-11177
14999,35,-11177
15027,37,-11178
15045,37,-11176
15067,36,-11175
15067,36,-11175
1135,13,695
15066,35,-11177
15054,35,-11177
15042,35,-11177
15028,35,-11177
15016,35,-11177
15042,35,-11178
15042,36,-11178
15063,35,-11177
15065,35,-11178
15064,28,-11174
15060,35,-11177
15061,35,-11177
15060,35,-11177
15060,35,-11177
15060,35,-11177
15065,35,-11177
15089,36,-11176
15079,36,-11176
15067,36,-11169
15112,12,-11161
15064,35,-11169
15062,35,-11170
15062,35,-11170
15062,35,-11170
15066,37,-11172
15068,35,-11173
15063,35,-11170
15062,36,-11175
15086,37,-11176
15059,35,-11176
15056,35,-11175
15052,36,-11175
15091,38,-11176
15063,37,-11176
15067,36,-11177
15069,35,-11171
15072,37,-11177
15064,36,-11177
15065,35,-11176
15093,35,-11177
15096,35,-11176
15049,35,-11177
15044,35,-11177
15040,35,-11177
15037,35,-11177
15037,35,-11177
15037,35,-11177
15035,35,-11177
15035,35,-11177
15034,35,-11176
15035,35,-11177
15032,35,-11177
15022,35,-11177
15024,35,-11177
15024,35,-11177
15024,35,-11177
15022,35,-11177
15020,35,-11177
15020,35,-11177
15035,35,-11176
15033,35,-11176
15025,35,-11176
15020,36,-11175
15015,35,-11176
15002,35,-11176
14994,35,-11176
15044,37,-11178
15086,36,-11176
15041,35,-11175
15036,35,-11175
15010,35,-11175
14997,35,-11175
14992,35,-11175
15095,35,-11177
15076,37,-11176
15063,35,-11173
15063,35,-11173
15063,35,-11174
15093,36,-11176
15062,35,-11174
15068,37,-11173
15064,35,-11175
15074,36,-11177
15094,36,-11175
15094,36,-11175
15094,36,-11175
15094,36,-11175
15095,36,-11176
15095,36,-11176
15095,36,-11176
15046,37,-11178
15094,36,-11175
15094,36,-11175
15094,36,-11175
15094,36,-11175
15064,35,-11175
15063,35,-11174
15065,36,-11173
15076,36,-11176
15088,36,-11177
15054,36,-11177
15064,35,-11172
15063,35,-11174
15083,37,-11176
15066,35,-11175
15063,37,-11175
15063,35,-11176
15063,35,-11175
15005,35,-11175
14992,35,-11175
15001,35,-11176
15005,35,-11175
15061,36,-11176
15022,37,-11177
15067,38,-11176
15042,35,-11177
15006,35,-11178
15004,35,-11177
15061,36,-11176
15061,36,-11176
15065,36,-11172
15062,35,-11174
15065,38,-11174
15084,35,-11177
15096,36,-11175
15068,35,-11177
15066,35,-11177
15068,35,-11176
15068,36,-11173
15075,36,-11176
15070,37,-11176
15069,35,-11173
15068,36,-11177
15067,36,-11171
15067,36,-11171
15067,36,-11171
15067,36,-11171
15067,36,-11171
15067,36,-11171
15070,36,-11176
15070,36,-11176
15064,37,-11172
15077,35,-11180
15074,35,-11180
15077,35,-11180
15075,35,-11181
15070,35,-11181
15075,35,-11179
15068,35,-11174
15068,35,-11172
15066,36,-11177
15066,36,-11177
15066,36,-11177
15059,36,-11176
15096,35,-11177
15097,35,-11175
15063,35,-11176
15068,35,-11172
15059,38,-11176
15065,35,-11175
15096,35,-11178
15064,35,-11177
15065,38,-11176
15053,37,-11177
15094,36,-11176
15063,36,-11175
15047,35,-11176
15098,25,-11177
15094,8,-11155
15095,10,-11157
1135,13,695
15062,37,-11177
15063,35,-11175
15034,37,-11177
14991,35,-11177
14971,-3,-11186
-398,4,77
14982,35,-11176
14970,35,-11176
14962,35,-11177
15023,38,-11177
15093,35,-11179
15093,35,-11179
15041,37,-11175
14990,35,-11174
14989,35,-11173
14987,35,-11172
14988,35,-11171
14989,35,-11174
14989,35,-11175
15066,34,-11177
15091,35,-11179
15033,35,-11176
14988,35,-11172
15064,36,-11176
15092,36,-11178
15008,35,-11177
14960,35,-11177
15079,36,-11176
14991,36,-11177
14949,35,-11177
14944,35,-11177
14937,35,-11177
14929,35,-11176
14929,35,-11176
14936,35,-11177
14940,35,-11177
14942,33,-11177
14940,35,-11177
14948,36,-11178
14992,35,-11176
15077,35,-11177
15105,12,-11171
15044,3,-11147
15066,34,-11177
15066,35,-11177
15044,36,-11177
15005,37,-11176
14933,35,-11176
14936,35,-11177
14929,35,-11177
14927,35,-11176
14913,35,-11177
14907,35,-11176
14939,35,-11177
14965,35,-11177
14918,35,-11177
15066,34,-11177
15008,38,-11175
15036,37,-11176
15098,22,-11177
15070,6,-11144
15047,3,-11140
15042,3,-11135
15041,3,-11146
15053,4,-11143
15061,3,-11140
15053,4,-11126
15037,3,-11111
15037,3,-11111
1135,13,695
-387,2,67
-395,2,63
-381,3,65
-389,3,63
15010,37,-11176
14990,35,-11176
14958,35,-11177
14927,35,-11177
14908,36,-11178
14951,35,-11176
14969,35,-11177
15004,36,-11177
15010,36,-11177
15011,37,-11177
15095,36,-11176
15069,35,-11177
15063,35,-11174
15066,35,-11175
15071,36,-11176
15070,35,-11175
15065,35,-11177
14989,35,-11176
15020,35,-11177
15060,36,-11176
15060,36,-11176
15041,36,-11177
15058,36,-11176
15076,37,-11177
15092,36,-11179
15042,36,-11176
14989,35,-11177
14989,36,-11176
15020,38,-11176
14989,35,-11176
14988,35,-11176
14988,35,-11178
14999,35,-11178
15022,36,-11177
15092,36,-11179
15095,36,-11178
15095,36,-11178
15095,36,-11178
1135,13,695
1135,13,695
1135,13,695
1135,13,695
1135,13,695
1135,13,695
1135,13,695
1135,13,695
1135,13,695
27937,-30768,1307
27951,-30771,1287
27947,-30771,1268
27947,-30771,1268
27947,-30771,1268
1134,13,695
1134,13,695
15066,35,-11177
15012,36,-11176
14980,35,-11177
14989,35,-11177
14989,35,-11177
14978,37,-11176
15015,36,-11177
15061,36,-11173
15061,36,-11173
15061,36,-11173
15061,36,-11173
15061,36,-11172
15061,36,-11174
15061,36,-11172
15092,10,-11156
15093,3,-11147
15099,10,-11160
15098,10,-11162
15098,10,-11161
15086,10,-11163
15087,11,-11169
15087,11,-11174
15087,12,-11174
15081,38,-11178
15083,36,-11176
15008,-7,-11184
14964,2,-11161
15066,34,-11177
15092,36,-11178
15049,36,-11177
15028,36,-11176
14988,36,-11178
14994,12,-11194
14994,12,-11197
14994,12,-11197
14995,14,-11192
15048,36,-11178
15046,35,-11177
14987,35,-11175
15026,36,-11178
15092,36,-11179
15019,35,-11178
14982,35,-11175
14989,35,-11177
15065,35,-11177
15037,35,-11177
14991,36,-11176
14984,36,-11176
14988,35,-11176
14991,36,-11175
14989,35,-11176
15037,36,-11178
15088,35,-11179
15094,32,-11179
15098,29,-11177
15098,34,-11177
15098,34,-11177
15096,35,-11178
15096,35,-11178
15089,36,-11177
15001,35,-11177
14978,35,-11177
15112,9,-11164
15112,9,-11164
15006,38,-11176
14940,37,-11178
14939,38,-11178
14974,36,-11176
14974,36,-11176
14987,36,-11174
15017,36,-11177
15093,36,-11179
15093,36,-11179
15093,36,-11179
15093,36,-11179
15068,35,-11174
15068,36,-11177
15096,36,-11176
15062,36,-11176
15042,35,-11177
15059,36,-11176
15018,35,-11176
15018,36,-11176
15018,36,-11176
15018,36,-11176
15018,36,-11176
15023,35,-11177
15057,35,-11177
15049,35,-11177
14998,35,-11177
15013,35,-11178
15059,36,-11176
15068,35,-11173
15066,35,-11175
15070,35,-11175
15077,35,-11177
15071,35,-11176
15067,35,-11179
15068,35,-11180
15060,36,-11174
15070,28,-11182
15089,37,-11179
15041,38,-11177
15011,38,-11174
14961,38,-11176
14987,35,-11175
14961,35,-11175
14942,-2,-11182
1133,13,697
1134,13,695
1134,13,695
1134,13,695
1134,13,695
1134,13,695
1134,13,695
1134,13,695
199,2,1984
1134,13,695
1168,19,660
1197,20,611
1217,20,595
1218,20,591
15054,36,-11178
15003,36,-11178
14999,36,-11178
15029,35,-11177
15066,34,-11177
15066,34,-11177
15077,36,-11177
15097,29,-11178
15097,29,-11179
15094,32,-11179
15094,32,-11179
15094,32,-11180
15094,32,-11180
15094,32,-11180
15094,32,-11179
15094,32,-11179
15094,35,-11179
15095,29,-11179
15094,32,-11179
15094,32,-11179
15094,32,-11179
15094,32,-11179
15094,32,-11179
15068,35,-11174
15014,38,-11178
14987,35,-11177
14987,35,-11177
14987,35,-11177
15042,36,-11176
15066,37,-11173
15038,35,-11177
14986,36,-11176
14998,36,-11176
15083,37,-11175
15098,13,-11177
15100,12,-11159
15098,12,-11161
15104,13,-11158
15074,9,-11158
15044,3,-11143
15033,6,-11129
15033,5,-11112
15078,3,-11108
15078,3,-11108
15078,3,-11108
15064,5,-11097
15064,5,-11097
1141,12,695
1142,12,695
1135,13,694
15068,38,-11177
15092,36,-11178
15087,36,-11176
15088,12,-11156
15058,3,-11113
15066,5,-11099
15036,21,-11043
14972,34,-11015
14932,30,-11003
14921,34,-10992
14911,31,-10990
14927,19,-11023
14929,18,-11027
14883,25,-10993
14834,14,-10961
14783,2,-10954
14784,1,-10959
14760,2,-10941
14752,-1,-10951
14688,-4,-10966
1138,13,696
1172,16,678
1184,16,677
1189,16,680
15066,35,-11177
15063,36,-11176
15060,36,-11177
15060,36,-11177
15061,36,-11172
15044,36,-11177
15025,21,-11178
15000,36,-11177
14914,35,-11175
14938,35,-11177
14938,35,-11177
14939,36,-11177
14958,36,-11175
15066,35,-11177
15090,35,-11177
15096,37,-11176
15096,29,-11179
15096,31,-11179
15095,32,-11179
15094,32,-11179
15095,31,-11179
15098,34,-11177
15065,36,-11176
15017,35,-11176
14935,37,-11179
14906,33,-11177
14906,33,-11177
14906,34,-11177
1135,13,695
1135,13,695
15050,36,-11178
14989,38,-11177
14907,35,-11177
14958,35,-11179
14995,14,-11192
14996,12,-11195
14995,12,-11196
14994,16,-11192
14994,12,-11195
14994,12,-11195
14994,15,-11192
14997,12,-11194
14993,3,-11192
14998,3,-11192
14995,12,-11195
14994,10,-11190
14995,12,-11197
14995,12,-11195
14997,12,-11196
14996,12,-11196
14994,12,-11194
15066,36,-11177
15036,36,-11177
14990,36,-11176
14991,35,-11177
15032,36,-11175
15063,3,-11138
15083,4,-11112
15082,3,-11111
15082,3,-11110
15083,3,-11109
15083,3,-11110
15084,3,-11109
15084,3,-11109
15083,3,-11108
15083,3,-11107
15083,3,-11107
15083,5,-11110
15076,5,-11149
15047,4,-11146
15082,3,-11106
15086,3,-11107
15085,3,-11107
15083,3,-11108
15083,3,-11106
15082,3,-11105
15082,3,-11106
15081,3,-11106
15081,3,-11106
15053,3,-11132
15049,3,-11143
15042,3,-11145
15043,4,-11149
29443,1004,-22149
15078,3,-11120
15081,3,-11111
15081,3,-11108
15080,3,-11108
15080,3,-11109
15079,3,-11110
15079,3,-11110
15079,3,-11110
15065,27,-11181
15022,20,-11181
14995,14,-11193
14995,14,-11193
14992,13,-11197
14995,14,-11194
14995,14,-11194
14995,14,-11194
14995,14,-11194
14995,14,-11194
14994,15,-11192
14994,14,-11192
15062,36,-11177
15090,36,-11176
15064,35,-11175
15048,35,-11177
15037,35,-11177
15022,38,-11176
15040,35,-11177
14990,36,-11177
15029,36,-11176
15036,35,-11177
14995,35,-11177
15058,35,-11175
15058,35,-11175
15067,36,-11170
15092,36,-11178
15092,36,-11178
15092,36,-11178
15075,36,-11177
15087,36,-11176
15077,35,-11177
15089,35,-11177
15075,35,-11179
15087,35,-11176
15069,35,-11173
15069,35,-11173
15052,36,-11176
15052,36,-11176
15059,35,-11176
15026,36,-11176
14988,36,-11176
14988,37,-11176
14991,35,-11176
14989,35,-11177
14984,35,-11177
14970,35,-11177
14943,35,-11176
14925,36,-11176
14920,36,-11176
14910,36,-11176
14959,-5,-11181
15008,36,-11178
14999,37,-11175
15064,36,-11176
15014,37,-11177
15010,35,-11177
15050,25,-11160
15068,4,-11139
15049,3,-11118
15049,3,-11118
15046,3,-11115
15046,3,-11114
15049,3,-11115
15049,3,-11117
15049,3,-11115
14996,36,-11177
14961,35,-11177
14994,9,-11190
14996,14,-11193
14997,11,-11190
14996,13,-11193
14996,12,-11196
14992,12,-11194
14993,12,-11196
14996,12,-11196
15066,35,-11177
15019,35,-11177
15031,36,-11176
15029,36,-11176
15004,36,-11179
15050,37,-11177
15070,35,-11172
15070,36,-11172
15069,35,-11172
15064,35,-11175
15064,35,-11172
15064,35,-11172
15064,35,-11172
15065,36,-11178
15065,36,-11178
15040,32,-11182
14995,14,-11191
14996,12,-11196
14996,12,-11196
14996,12,-11196
14994,11,-11192
14995,14,-11192
14995,14,-11192
15055,37,-11176
14968,37,-11177
14962,36,-11177
15028,7,-11160
15069,4,-11110
15064,3,-11114
15064,3,-11115
15065,3,-11115
15064,3,-11117
15028,35,-11177
14958,35,-11176
14917,35,-11177
14907,35,-11177
14946,37,-11178
14993,9,-11192
14995,12,-11195
14998,12,-11197
14999,1,-11195
14998,14,-11197
14995,2,-11195
14995,14,-11192
14998,12,-11197
15076,36,-11178
15092,35,-11179
15096,35,-11180
15122,23,-11184
15124,26,-11183
15125,25,-11184
15125,22,-11184
15123,21,-11184
15124,20,-11183
15073,38,-11176
15040,36,-11177
14992,35,-11174
14985,34,-11170
15046,36,-11177
14985,35,-11170
14985,35,-11169
14992,35,-11171
15061,37,-11177
15091,36,-11178
15017,38,-11178
14987,35,-11172
14988,35,-11171
14991,35,-11173
14987,35,-11169
14985,36,-11169
14985,35,-11172
15036,37,-11177
15092,35,-11178
15092,35,-11178
15092,36,-11178
15027,37,-11178
14996,12,-11194
15092,35,-11179
15040,32,-11184
14993,12,-11197
14997,12,-11194
14998,12,-11195
14995,14,-11194
14996,8,-11190
14995,14,-11192
14995,14,-11192
14995,12,-11196
14996,12,-11195
14995,16,-11192
15092,36,-11178
15092,36,-11178
15092,36,-11178
15092,37,-11178
15023,21,-11186
14993,12,-11195
14997,12,-11197
14995,14,-11192
14995,14,-11192
14995,14,-11192
14995,14,-11192
14996,13,-11193
14995,14,-11192
14997,13,-11198
14997,13,-11198
14997,13,-11198
14996,12,-11196
14992,1,-11166
15001,2,-11192
14994,12,-11190
14998,12,-11195
14998,12,-11195
15020,35,-11176
15066,34,-11177
15043,3,-11147
15040,3,-11120
15040,3,-11120
15039,3,-11119
15037,5,-11128
15043,3,-11148
15042,5,-11129
15032,6,-11128
15038,3,-11121
15048,3,-11131
15040,4,-11124
15037,3,-11116
15033,10,-11137
15088,9,-11153
15097,11,-11165
15102,10,-11157
15063,3,-11116
-400,5,77
-400,5,77
-400,5,77
-400,5,77
-400,5,77
-400,5,77
-392,3,74
-382,13,69
-387,12,80
-388,12,79
-380,12,75
-379,13,75
-390,2,78
-380,12,69
-381,12,80
-381,12,80
-381,12,80
-381,12,80
-383,12,69
-389,6,72
-400,5,76
-400,5,76
-400,5,76
-400,5,76
-389,6,73
-405,5,72
-434,13,79
-441,18,77
-428,13,75
-391,4,76
-388,11,73
-388,10,73
-388,10,73
-388,10,73
-380,12,80
-355,8,44
-379,2,63
-386,11,72
-391,3,79
-392,2,77
-392,2,77
-389,6,74
15031,37,-11178
14996,12,-11194
14993,12,-11197
14999,14,-11196
15001,16,-11177
15001,16,-11186
15001,17,-11177
15001,17,-11192
15002,16,-11188
14999,13,-11198
14997,12,-11197
14998,13,-11194
14997,13,-11193
14997,13,-11193
14997,13,-11193
15000,16,-11197
14998,12,-11196
14998,12,-11196
14995,12,-11194
14995,12,-11194
14997,12,-11195
15004,5,-11193
15000,14,-11196
14998,12,-11192
14997,12,-11193
14997,13,-11193
15000,15,-11193
15001,15,-11191
14996,12,-11194
15002,15,-11187
15000,14,-11195
15002,14,-11187
15003,15,-11177
15002,12,-11191
14997,14,-11193
14997,13,-11193
15059,33,-11166
15060,25,-11164
463,-1160,30
463,-1160,30
460,-1160,31
460,-1160,31
462,-1160,28
462,-1160,29
462,-1160,30
462,-1160,30
461,-1160,31
461,-1160,31
461,-1160,31
461,-1160,32
461,-1160,32
461,-1160,32
463,-1160,31
463,-1160,31
463,-1160,31
463,-1160,39
463,-1160,45
463,-1160,39
462,-1160,31
15017,3,-11187
15047,11,-11175
15004,4,-11177
14976,2,-11166
14976,2,-11164
14977,2,-11167
14977,2,-11167
14976,2,-11162
14980,2,-11165
14976,2,-11160
14976,3,-11163
14976,2,-11166
14978,2,-11165
14982,1,-11164
14976,4,-11164
14976,4,-11165
14977,4,-11165
14973,2,-11164
14974,2,-11164
14976,4,-11165
14976,2,-11164
14977,2,-11163
14977,2,-11164
14972,4,-11162
14976,2,-11160
14975,2,-11166
14974,2,-11164
14976,2,-11162
14971,1,-11166
14973,1,-11161
14974,1,-11163
14972,2,-11163
14975,2,-11163
14977,5,-11166
14974,2,-11165
14977,3,-11163
14977,1,-11161
14978,2,-11163
14979,2,-11164
14976,3,-11163
14976,3,-11163
14976,3,-11163
14978,3,-11164
14979,3,-11164
14970,4,-11160
14975,2,-11164
15002,3,-11175
14995,12,-11195
14976,1,-11161
14976,2,-11164
14975,2,-11163
14975,2,-11162
14979,3,-11163
14977,3,-11163
14976,2,-11163
14977,3,-11163
14993,-17,-11154
14991,-28,-11157
15008,-14,-11198
14992,-5,-11170
14980,-12,-11203
14977,3,-11163
14980,2,-11161
14980,3,-11163
14981,3,-11163
14981,3,-11163
14980,3,-11163
14980,3,-11163
14980,3,-11163
14980,3,-11163
14976,3,-11163
14976,3,-11163
14978,2,-11156
14977,0,-11158
14976,3,-11163
14969,1,-11163
14976,-1,-11151
14970,2,-11164
14973,1,-11162
14975,3,-11163
14977,0,-11160
14977,2,-11162
14974,1,-11162
14970,2,-11163
14976,1,-11160
14973,2,-11162
14973,2,-11162
14972,1,-11160
14973,1,-11161
14973,1,-11161
14973,1,-11161
14973,1,-11161
14974,1,-11164
14975,1,-11163
14974,2,-11163
14974,2,-11163
14974,2,-11163
14975,3,-11166
14975,2,-11165
14982,0,-11166
14976,1,-11169
15151,20,-11061
15147,19,-11062
15114,6,-11099
15073,3,-11121
15043,3,-11148
15043,4,-11149
15040,6,-11143
15032,3,-11112
15031,1,-11097
15080,4,-11105
15096,10,-11162
15092,3,-11145
15098,10,-11160
15098,10,-11160
15098,10,-11160
15098,10,-11160
15098,10,-11160
15098,30,-11177
15098,34,-11177
15094,36,-11176
15065,35,-11176
15061,35,-11177
15049,35,-11177
15039,35,-11177
15038,35,-11177
15028,35,-11177
15012,35,-11177
15006,35,-11177
15002,35,-11177
15058,35,-11176
15034,36,-11176
15034,36,-11176
15001,35,-11177
15000,35,-11177
15019,37,-11178
15067,36,-11176
15077,35,-11177
15093,35,-11177
15068,35,-11173
15004,36,-11176
14985,35,-11174
14985,35,-11174
14986,36,-11174
14987,36,-11174
14987,36,-11174
14988,35,-11175
14987,35,-11176
14987,35,-11176
14982,35,-11177
14980,35,-11177
14978,35,-11177
15014,36,-11176
15014,35,-11176
15014,36,-11176
15017,36,-11176
15047,38,-11177
14960,35,-11176
14873,37,-11177
14786,33,-11177
14776,34,-11178
14774,34,-11177
14774,33,-11177
14773,33,-11178
14798,33,-11177
14781,33,-11177
14786,33,-11177
14769,17,-11180
14766,-8,-11192
14766,-8,-11192
14770,3,-11177
14787,33,-11177
14802,33,-11177
14816,33,-11177
14826,33,-11177
14825,33,-11177
14838,33,-11177
14834,33,-11177
14848,35,-11177
14877,38,-11177
14960,35,-11177
14961,35,-11177
14963,37,-11177
15048,35,-11177
15092,36,-11178
15084,33,-11182
15097,35,-11177
15097,35,-11177
15062,38,-11175
15077,36,-11176
15074,36,-11176
15091,37,-11179
15098,28,-11190
15140,0,-11258
15145,-2,-11265
15152,-4,-11269
15151,-10,-11266
15153,-11,-11259
15152,-11,-11257
15153,-11,-11262
15073,36,-11178
15094,36,-11179
15069,35,-11175
14982,36,-11176
14894,35,-11177
14840,35,-11175
14819,35,-11176
14772,35,-11177
14772,35,-11177
14772,35,-11177
14771,35,-11177
14771,35,-11177
14772,35,-11177
14776,35,-11177
14781,35,-11177
14782,35,-11177
14786,35,-11177
14794,35,-11177
14799,35,-11177
14801,35,-11177
14809,35,-11177
14810,35,-11177
14814,35,-11177
14813,35,-11177
14852,35,-11177
14850,35,-11177
14843,35,-11177
14843,35,-11177
14840,35,-11177
14834,35,-11177
14831,35,-11177
14829,35,-11177
14837,35,-11178
14847,35,-11177
14872,35,-11177
14955,35,-11178
14968,35,-11178
14882,35,-11176
14828,35,-11175
14828,35,-11175
14799,36,-11175
14818,35,-11176
14824,35,-11176
14812,35,-11175
14811,35,-11175
14811,35,-11176
14823,35,-11175
14853,35,-11172
14922,35,-11177
15010,35,-11176
15066,35,-11172
15059,36,-11175
14974,35,-11177
15020,35,-11177
15093,36,-11179
15023,35,-11176
14936,36,-11176
14849,38,-11176
14826,35,-11175
14826,35,-11175
14826,35,-11175
14835,35,-11177
14835,35,-11177
14835,35,-11177
14830,35,-11176
14840,35,-11176
14859,35,-11177
14866,35,-11177
14830,37,-11175
14822,35,-11176
14832,35,-11177
14807,35,-11177
14770,32,-11177
14787,35,-11177
1136,13,694
1135,13,695
1135,13,695
14996,38,-11176
14910,35,-11177
14847,35,-11177
14788,36,-11177
14824,35,-11175
1135,13,695
1135,13,695
1135,13,695
14939,37,-11067
15003,27,-11184
14998,-70,-11207
13418,33,-9773
15026,36,-11178
15003,6,-11203
14997,-90,-11207
15066,35,-11177
15066,35,-11177
15007,36,-11177
14928,37,-11176
14848,36,-11176
14850,36,-11175
14816,38,-11177
14834,36,-11176
14854,36,-11174
14854,36,-11174
14854,36,-11174
14863,35,-11177
14832,35,-11176
14822,35,-11177
14820,35,-11177
14824,35,-11178
14825,35,-11177
14820,36,-11177
1135,13,695
1135,13,695
1176,17,680
1190,16,679
1190,16,679
1190,16,679
1190,16,679
1193,16,675
15093,36,-11177
15041,35,-11177
14953,35,-11176
14866,35,-11177
14810,35,-11176
14811,35,-11176
14811,35,-11176
14811,35,-11176
14852,35,-11170
14858,36,-11177
14827,36,-11178
14771,37,-11179
1135,13,695
1135,13,695
-391,2,73
-355,5,45
-326,5,37
-319,11,46
-288,6,54
-213,0,44
-150,3,81
-86,19,49
-20,21,-2
55,19,-33
126,24,-73
197,19,-113
273,20,-140
280,19,-139
273,17,-154
308,19,-149
318,15,-159
337,15,-164
332,19,-168
328,17,-173
368,19,-161
414,17,-177
426,19,-172
440,20,-142
13557,33,-10043
14991,37,-11176
14921,36,-11175
14855,37,-11176
14796,37,-11176
14812,36,-11178
14860,37,-11176
15092,36,-11179
15092,36,-11179
15073,35,-11177
15059,36,-11176
15000,37,-11176
14987,36,-11175
14985,35,-11173
14906,37,-11176
14852,35,-11173
14852,35,-11172
14851,35,-11169
14849,35,-11170
14849,35,-11172
14854,35,-11176
15091,35,-11177
15010,35,-11184
14999,-29,-11207
14999,-42,-11207
14998,-48,-11207
1169,13,665
15070,36,-11175
15027,23,-11179
15001,4,-11204
1133,13,697
15050,36,-11178
15011,2,-11190
15001,-90,-11208
15003,-90,-11209
15003,-90,-11209
14998,-49,-11207
14999,13,-11205
14999,11,-11205
15003,6,-11205
15001,16,-11202
15000,11,-11206
15000,11,-11206
15000,11,-11206
14999,11,-11205
14998,11,-11205
14999,11,-11206
14999,11,-11206
14999,11,-11206
14999,11,-11206
14999,11,-11206
14999,11,-11206
14999,11,-11206
14999,11,-11206
14999,11,-11206
14999,11,-11206
14999,11,-11206
14999,11,-11206
14999,11,-11206
14999,11,-11205
14999,11,-11205
14999,11,-11205
14999,-33,-11208
15066,34,-11177
15041,35,-11177
15001,12,-11191
15000,11,-11206
15000,11,-11206
15000,5,-11207
15001,17,-11204
15005,7,-11206
15005,7,-11206
15005,7,-11206
14996,5,-11206
14994,5,-11206
15001,-91,-11212
15003,-90,-11210
14996,-88,-11218
15002,-90,-11209
15002,-90,-11209
15008,-95,-11213
15005,-90,-11209
15008,-95,-11214
15008,-97,-11218
15008,-97,-11218
15008,-97,-11218
15008,-97,-11220
15002,-89,-11209
15001,-90,-11209
15001,-90,-11209
15007,-90,-11212
15005,-90,-11209
15005,-90,-11209
15000,-89,-11208
15004,-72,-11210
0,-1,0
1143,14,709
1143,14,709
1143,14,709
1143,14,709
1141,12,708
1143,12,716
1141,12,709
1140,12,708
1139,12,711
1151,11,711
1148,11,711
1143,11,713
1135,13,694
1134,13,695
1143,14,709
1143,15,712
1142,17,709
1141,12,711
1140,12,696
1135,13,696
1134,13,696
1140,12,696
1141,12,696
1141,12,696
1140,13,701
1141,12,708
1124,21,692
1132,19,692
1157,24,693
1152,24,707
1143,12,711
1145,11,706
1145,11,706
1147,12,709
1157,9,723
1177,11,725
1143,18,709
1143,17,710
1138,27,718
1123,31,757
1127,28,767
1125,28,767
1123,28,770
1123,28,770
1118,33,766
1116,30,771
1121,33,769
1107,32,779
1126,28,768
1139,24,718
1136,12,708
1140,25,736
1125,28,769
1122,28,767
1122,28,772
1115,25,771
1116,28,771
1122,28,776
1123,28,767
1128,28,766
1135,29,731
1135,29,731
1135,13,696
14981,2,-11198
14979,-5,-11199
14976,-8,-11202
14984,5,-11195
14985,15,-11194
14986,16,-11196
15000,12,-11206
15001,-36,-11208
15001,-86,-11207
15062,37,-11178
15023,9,-11188
15001,-23,-11208
1133,13,697
15046,27,-11171
15008,1,-11183
15003,14,-11203
15000,-88,-11208
1133,13,697
15057,36,-11179
13654,32,-9974
15099,25,-11173
15073,27,-11182
15037,27,-11194
15016,0,-11198
15002,15,-11198
15003,9,-11203
15001,4,-11207
15001,4,-11207
15001,-72,-11207
15001,-80,-11207
15001,-103,-11210
15001,-107,-11210
15001,-107,-11215
15005,-107,-11213
15019,23,-11178
14984,17,-11191
14985,16,-11178
15001,-2,-11207
1135,13,695
15033,36,-11178
15001,15,-11187
15002,4,-11203
15001,-72,-11208
15002,-90,-11207
14998,-89,-11209
14998,-89,-11209
14998,-89,-11209
15001,-88,-11207
15001,-85,-11207
15000,-90,-11209
14998,-87,-11209
14998,-89,-11209
14996,-88,-11208
15001,-90,-11208
15002,-90,-11208
15001,-88,-11208
14995,-90,-11208
14995,-89,-11209
14995,-89,-11209
14995,-90,-11209
14995,-90,-11208
14999,-89,-11209
14994,-90,-11209
14993,-90,-11207
15078,35,-11177
14995,17,-11184
15001,-68,-11207
14995,-90,-11207
14995,-90,-11207
14993,-90,-11207
14996,-90,-11207
14996,-91,-11207
14997,-89,-11209
14998,-89,-11209
14998,-89,-11209
14995,-89,-11209
14995,-90,-11207
15001,-49,-11207
0,-1,0
15001,-29,-11207
14994,-90,-11208
14995,-90,-11207
14996,-90,-11208
14996,-90,-11208
14995,-90,-11207
14995,-90,-11207
14995,-90,-11207
14996,-90,-11208
15004,-90,-11207
14993,-90,-11207
15001,-71,-11207
15001,-5,-11207
15001,-90,-11207
14999,-90,-11210
14998,-90,-11207
14996,-89,-11209
14996,-89,-11209
14996,-89,-11209
15003,-91,-11209
15002,-91,-11210
15003,-110,-11224
15004,-110,-11218
14991,-108,-11229
14994,-112,-11220
14986,-116,-11207
14980,-120,-11199
14982,-134,-11206
14978,-158,-11218
14973,-158,-11221
14977,-119,-11201
14986,-119,-11206
15007,-111,-11218
15002,-110,-11219
15000,-109,-11210
15001,-110,-11216
15001,-110,-11213
15001,-110,-11215
15066,35,-11177
14981,36,-11175
14946,0,-11168
14930,8,-11104
14918,18,-11035
14894,30,-10983
14837,15,-10970
14778,10,-10986
14714,3,-11003
14669,13,-11026
14614,10,-11028
14550,12,-11027
14486,27,-11022
14425,26,-11036
14400,19,-11073
14394,14,-11033
14318,15,-11038
14249,10,-11065
14171,12,-11067
14114,-2,-11095
14064,8,-11069
14007,22,-11041
13973,42,-11105
13901,19,-11132
13885,43,-11112
13886,38,-11132
13889,20,-11105
15063,34,-11177
15063,34,-11177
15048,36,-11178
15027,37,-11178
15009,36,-11178
15004,11,-11183
15000,12,-11205
15001,-82,-11207
15007,-90,-11209
15001,-83,-11207
15001,-67,-11207
15001,-55,-11207
15001,-49,-11207
15001,-24,-11207
15001,5,-11207
15002,15,-11189
14986,15,-11177
14984,15,-11184
14984,15,-11184
14994,12,-11195
15002,15,-11186
15002,15,-11186
15002,13,-11195
14989,13,-11197
14991,12,-11194
14992,13,-11196
14169,10,-11087
14169,11,-11093
14162,16,-11102
14165,19,-11131
14167,6,-11166
14190,2,-11199
14196,6,-11225
14195,9,-11257
14178,7,-11264
14143,5,-11268
14132,1,-11247
14114,1,-11211
14080,2,-11193
14089,1,-11231
14047,1,-11238
14024,3,-11256
13887,40,-11109
13890,33,-11105
13891,31,-11105
13888,29,-11105
13889,18,-11105
13889,18,-11105
13889,18,-11105
15003,15,-11176
15002,16,-11187
15001,15,-11186
15009,9,-11206
15021,13,-11215
15027,17,-11232
15022,19,-11251
15020,19,-11257
1134,13,696
1134,13,696
1134,13,696
15033,38,-11178
1133,13,697
1133,13,697
15030,36,-11178
15001,15,-11186
14999,12,-11192
14986,15,-11176
14996,12,-11183
14992,14,-11185
14992,14,-11185
14992,14,-11185
14987,14,-11191
14987,14,-11191
14988,14,-11197
14987,14,-11188
14987,14,-11188
15003,17,-11179
15001,15,-11193
14997,13,-11178
15002,15,-11180
15152,-5,-11296
15152,-12,-11296
15145,1,-11287
15129,-3,-11271
15122,-3,-11277
15101,6,-11261
15075,36,-11175
15081,36,-11175
15098,27,-11177
15096,11,-11168
15043,4,-11149
15043,4,-11149
15049,3,-11135
15064,10,-11161
15157,-9,-11311
15152,-9,-11313
15166,1,-11311
15155,-8,-11326
15149,3,-11327
15137,-7,-11312
15126,-4,-11311
15135,-8,-11300
15116,-7,-11350
15111,1,-11366
15107,-4,-11370
15107,-3,-11373
15107,-3,-11373
15114,0,-11387
15139,-8,-11405
15144,-9,-11406
15162,2,-11396
15161,-3,-11386
15167,-3,-11376
15162,-5,-11377
15167,4,-11385
15167,4,-11385
15098,34,-11177
15110,10,-11170
15110,10,-11170
15060,3,-11146
15043,3,-11149
15043,3,-11149
15066,4,-11152
15091,11,-11160
15080,4,-11502
15049,-7,-11505
15038,3,-11533
15032,2,-11577
15037,2,-11583
15054,0,-11588
15078,-16,-11560
15061,-11,-11518
15032,-2,-11504
15002,1,-11501
14973,-4,-11519
14947,-9,-11523
14947,-9,-11520
14947,1,-11520
14944,-10,-11521
14947,-1,-11489
14932,-3,-11479
14932,-6,-11477
14938,-1,-11429
14921,-1,-11419
14933,2,-11407
14956,0,-11427
14975,2,-11448
15016,3,-11482
15024,0,-11503
15022,-3,-11516
15018,-3,-11522
15032,-3,-11511
15098,27,-11177
15067,4,-11150
15043,3,-11149
15043,4,-11149
15049,3,-11139
15045,3,-11146
15051,3,-11148
15028,2,-11108
15037,3,-11112
15038,3,-11115
15038,3,-11116
15038,3,-11117
15042,3,-11112
15042,3,-11112
15055,4,-11107
15118,8,-11098
15161,27,-11051
15149,35,-11052
15149,35,-11052
15149,35,-11052
15149,35,-11052
15149,35,-11052
15149,35,-11052
15149,35,-11052
15147,37,-11051
15149,38,-11057
15152,39,-11055
15152,39,-11055
15152,39,-11055
15152,39,-11055
15152,39,-11055
15152,39,-11055
15150,37,-11053
15149,39,-11052
15148,39,-11052
15142,37,-11059
15126,39,-11059
15128,41,-11060
1133,13,697
1133,13,697
1133,13,695
15154,42,-11056
15135,32,-11058
15129,34,-11055
1133,13,697
1139,13,695
15146,33,-11049
15135,17,-11054
15154,18,-11054
15149,34,-11048
15136,18,-11056
15156,18,-11053
15145,33,-11049
1133,13,697
1133,13,697
1133,13,697
1136,13,695
1136,13,695
1134,13,694
15069,35,-11178
15105,27,-11167
15104,7,-11140
15104,6,-11128
15112,6,-11100
15139,15,-11073
15161,23,-11051
15137,31,-11052
15125,31,-11056
15125,31,-11056
15132,18,-11054
15155,34,-11050
15127,35,-11055
15128,35,-11055
15125,37,-11057
15124,38,-11057
15127,45,-11059
15127,45,-11057
15127,45,-11057
15066,35,-11177
15075,35,-11178
15103,12,-11175
15100,4,-11105
15137,15,-11075
15158,18,-11052
15161,30,-11051
15152,34,-11050
15148,34,-11049
15148,34,-11049
15145,39,-11053
15145,39,-11053
15145,39,-11053
15145,39,-11053
15145,39,-11053
15145,39,-11053
15145,39,-11053
15145,39,-11053
15145,39,-11053
15145,39,-11053
15145,39,-11053
15148,39,-11058
15152,39,-11054
15150,39,-11057
15150,39,-11057
15150,39,-11057
15148,49,-11054
15145,49,-11055
15091,35,-11179
15093,35,-11179
15096,35,-11178
15095,10,-11157
15099,6,-11120
15152,18,-11061
15149,49,-11054
15146,35,-11056
15146,35,-11055
15146,39,-11053
15148,40,-11057
15152,40,-11056
15152,46,-11056
15152,50,-11056
15151,36,-11056
15151,37,-11056
15151,37,-11056
15151,37,-11056
15151,39,-11056
15151,47,-11056
15151,49,-11056
15150,49,-11051
15150,49,-11051
15148,49,-11053
15146,49,-11057
15156,51,-11054
15151,40,-11056
15148,39,-11055
15148,39,-11055
15148,39,-11055
15150,39,-11054
15152,39,-11053
15151,42,-11052
15152,41,-11053
15150,40,-11056
15152,45,-11054
15151,39,-11055
15146,39,-11052
15146,39,-11052
15146,40,-11052
15148,39,-11056
15148,39,-11055
15148,39,-11055
15148,39,-11055
15145,40,-11054
15145,40,-11054
15145,40,-11054
15145,40,-11054
15146,39,-11054
15148,35,-11050
15145,40,-11054
15155,30,-11042
15157,17,-11039
15153,17,-11039
15151,16,-11027
15153,16,-11023
15153,16,-11023
15153,16,-11023
15153,16,-11023
15153,16,-11023
15162,17,-11031
15162,17,-11031
15162,17,-11031
15148,52,-11055
0,-1,0
15145,49,-11047
15146,50,-11047
15146,50,-11048
15149,50,-11054
15149,49,-11056
15152,51,-11055
15151,45,-11056
15149,35,-11052
15145,34,-11045
15148,34,-11050
15148,34,-11052
15147,34,-11053
15146,35,-11052
15149,35,-11053
15148,35,-11054
15147,35,-11056
15147,35,-11056
15148,35,-11055
15148,35,-11055
15148,35,-11055
15148,35,-11055
15151,36,-11056
15152,34,-11048
15148,17,-11042
15085,24,-11009
15032,27,-10993
15050,25,-11018
15049,23,-11027
15062,20,-11045
15133,17,-11053
15160,20,-11051
15148,34,-11053
15148,34,-11053
15149,34,-11049
15149,34,-11050
15148,34,-11050
15153,34,-11045
15145,34,-11045
15147,34,-11056
15148,34,-11056
15149,34,-11052
15149,34,-11052
15148,35,-11052
15148,35,-11043
-180,-86,-542
-177,-87,-538
-179,-87,-540
-177,-87,-538
-177,-87,-538
-184,-87,-539
1135,12,695
1135,12,695
1136,13,696
1136,13,696
1136,13,696
1137,13,696
1136,13,696
1136,13,695
1135,13,695
1135,13,695
1140,12,695
1139,12,695
1136,13,696
1136,13,695
1136,13,697
1135,13,696
1137,13,695
1135,13,696
1136,13,695
1136,13,695
1135,13,694
1130,12,710
1142,12,699
1134,12,695
1134,13,695
1134,13,695
1134,13,695
1134,13,696
1134,13,696
1134,13,696
1134,13,696
1134,13,696
1133,13,695
1134,13,695
1134,13,695
1134,13,695
1134,13,695
1134,13,695
1134,13,695
1134,13,695
1134,13,695
1134,13,695
1134,13,695
1134,13,695
1134,13,695
1134,13,695
1134,13,695
1136,13,695
1140,14,709
1141,12,709
1140,12,709
1139,12,710
1138,12,696
1135,13,695
1135,13,695
1135,13,695
1135,13,695
1135,13,695
1135,13,695
1135,13,695
1135,13,695
1135,13,695
1135,13,695
1135,13,695
1135,13,695
1135,13,695
1135,13,695
1136,13,696
1133,13,697
1134,13,696
1133,13,697
1135,13,696
1142,13,705
1140,15,697
1142,13,713
1145,16,717
1144,12,697
1140,12,709
1151,11,702
1142,18,711
1143,18,715
1142,12,696
1140,12,711
1144,12,708
1143,17,709
1144,19,714
1138,11,720
1133,11,720
1146,11,711
1151,11,706
1133,16,704
1128,20,706
1127,21,706
1128,21,712
1127,21,707
1146,11,710
1155,11,713
1154,11,711
1140,13,696
1141,12,695
1169,13,709
1197,17,693
1184,17,699
1183,17,698
1188,18,668
1193,19,667
1152,13,695
1151,11,695
1149,11,696
1150,11,694
1151,11,693
1150,12,693
1150,12,694
1146,10,696
1145,10,696
1143,11,696
1144,11,697
1144,11,698
1142,11,701
1150,11,705
1141,11,696
1143,11,694
1140,11,694
1142,11,698
1147,11,705
1149,12,702
1139,14,700
1150,12,697
1149,11,695
1151,10,680
1149,11,689
1149,11,689
1149,11,689
1152,13,694
1154,12,690
1155,13,693
1151,12,691
1151,11,694
1156,11,711
1151,13,694
1150,11,676
1151,12,685
1151,11,686
1151,11,679
1143,11,711
1154,12,710
1158,13,699
1153,12,678
1152,13,677
1154,10,721
1169,8,736
1171,8,736
1170,8,731
1169,9,733
1168,7,739
1168,7,742
1169,8,742
1161,8,739
1167,8,737
1167,8,737
1167,8,741
1167,8,741
1164,8,737
1150,11,712
1150,11,712
1149,11,711
1149,11,710
1164,3,771
1172,3,767
1156,10,729
1135,13,696
1137,13,695
1132,13,697
1139,13,695
1150,12,689
1348,15,510
1348,12,504
1351,18,527
1354,18,528
1354,18,528
1342,19,540
1340,18,560
1348,20,552
1368,16,569
1303,18,585
1237,20,574
1215,25,521
1245,19,499
1281,9,465
-413,34,-496
-413,35,-498
-405,33,-490
833,11,4650
861,20,4641
858,19,4644
860,19,4640
915,21,4614
967,8,4602
964,6,4586
966,-5,4596
966,-5,4597
966,-5,4597
964,-12,4585
967,-4,4597
964,-12,4585
964,5,4585
972,6,4591
967,6,4594
1138,13,696
1136,13,696
1136,13,696
1136,13,696
1136,13,696
1136,13,695
1136,13,695
1136,13,695
1136,13,695
1136,13,695
1136,13,695
1134,13,696
1135,13,695
1135,13,695
1144,12,699
1144,11,704
1151,11,710
1148,16,726
1140,24,718
1142,18,714
1153,11,708
1142,11,698
1134,13,695
-382,2,72
-380,2,72
-380,2,72
-381,2,72
453,18,1878
494,20,1976
473,21,1990
470,21,1990
464,21,1981
462,11,1972
471,18,1964
466,22,1984
465,22,1984
462,22,1990
460,24,1990
448,24,1991
456,29,1996
447,29,1993
445,44,2005
444,47,1995
473,47,1990
464,45,1996
466,45,1996
454,47,1991
471,49,1992
447,45,1992
438,46,1992
461,47,1991
489,52,1993
479,45,1995
443,45,1995
454,47,1996
445,34,1988
460,22,1971
460,22,1971
460,22,1971
465,24,1973
462,22,1973
485,22,1992
497,20,1971
497,20,1971
520,18,1974
520,18,1974
520,18,1973
520,18,1971
520,18,1971
495,19,1968
481,20,1961
495,19,1970
495,19,1970
504,19,1977
198,2,1984
203,2,1972
220,4,1972
304,5,1974
380,4,1955
693,3,4187
690,3,4186
684,3,4185
682,3,4183
673,7,4220
695,4,4188
663,4,4200
676,5,4191
664,3,4140
651,2,4129
682,3,4115
702,4,4103
755,3,4083
754,3,4092
755,3,4083
755,8,4083
752,13,4074
756,4,4081
755,3,4085
758,2,4098
758,2,4098
758,2,4098
741,10,4142
741,10,4142
741,10,4142
1135,13,695
1135,13,695
-871,14,-2611
-877,14,-2613
-877,14,-2613
-877,14,-2613
-863,14,-2611
-861,13,-2610
-862,11,-2611
-862,13,-2610
-872,14,-2611
-856,13,-2609
-856,14,-2605
-856,14,-2609
15001,-33,-11207
15001,-33,-11207
15001,-33,-11207
15001,-78,-11208
14995,-90,-11207
14995,-90,-11207
14995,-90,-11207
14995,-90,-11207
14999,-87,-11207
1134,13,696
1134,13,696
1134,13,696
1138,13,702
1146,22,685
1154,18,705
1144,11,697
1151,12,679
1151,12,679
1151,12,679
1150,12,688
1135,13,696
1135,13,696
1135,13,696
1135,13,696
1135,13,696
1135,13,696
1135,13,696
1135,13,696
1135,13,696
1135,13,696
1134,13,695
1136,13,695
1135,13,694
1134,13,696
1134,13,696
1138,13,695
1145,11,709
1141,13,704
1156,9,732
1146,11,712
1136,13,695
1134,13,696
1134,13,696
1139,13,695
1141,12,695
1133,13,695
-385,2,74
-383,7,79
-402,4,71
-400,4,74
-399,4,76
-398,4,77
-398,4,77
-389,2,74
-397,4,77
-398,4,78
-397,4,77
-397,4,77
-397,4,77
-401,9,75
-380,2,72
1137,13,696
462,8,419
-397,5,78
-397,5,78
-400,4,76
-403,7,75
-388,2,74
-379,2,72
-379,2,72
1137,13,695
1155,9,724
1157,10,727
1131,19,693
1155,18,710
1155,18,710
1138,13,695
1135,13,695
1135,13,695
1135,13,695
1135,13,695
1135,13,695
1135,13,695
1135,13,695
1135,13,695
1135,13,695
1171,14,704
1228,16,705
1246,16,707
1258,13,706
1253,17,677
1253,17,677
1135,13,695
1136,13,695
1136,13,695
1136,13,695
1136,13,695
1136,13,696
1136,13,697
1136,13,697
1136,13,697
14992,-189,-11224
14992,-190,-11210
15002,-189,-11211
15002,-190,-11212
15002,-190,-11212
15002,-190,-11212
15003,-190,-11214
15003,-190,-11216
14992,-188,-11213
15000,-189,-11222
15001,-181,-11210
15001,-181,-11210
15001,-181,-11210
15001,-177,-11210
15001,-120,-11210
15001,-69,-11207
15007,-76,-11212
15007,-76,-11210
15001,-67,-11207
15001,-67,-11207
15001,-67,-11207
15001,-67,-11207
15001,-65,-11207
15001,-12,-11207
15002,15,-11183
14991,13,-11196
15000,15,-11181
15010,7,-11208
15010,7,-11209
15015,9,-11210
14989,11,-11213
14992,17,-11228
14992,17,-11228
15014,10,-11215
15014,10,-11215
15008,6,-11205
14988,14,-11175
14998,12,-11200
15001,15,-11182
14984,17,-11190
14997,16,-11176
15002,15,-11195
14990,12,-11175
14984,14,-11187
15002,12,-11187
15002,13,-11187
15002,15,-11186
14985,17,-11175
14985,15,-11182
15001,15,-11176
14986,16,-11176
15002,15,-11187
14988,12,-11175
14984,15,-11176
14984,15,-11176
15009,6,-11206
15011,7,-11207
15001,-63,-11207
15002,-90,-11207
14999,-89,-11209
15001,-161,-11210
15000,-191,-11214
15003,-189,-11229
14998,-189,-11211
1135,13,695
1135,13,695
1134,13,696
1134,13,696
1135,13,696
1135,13,696
1135,13,696
1135,13,696
14986,15,-11178
15000,-188,-11211
1137,13,696
14972,36,-11176
14985,35,-11177
14990,12,-11192
15001,13,-11195
15000,14,-11198
15000,14,-11198
14993,15,-11194
14993,15,-11194
14995,14,-11197
14992,12,-11194
14987,14,-11194
14987,14,-11194
14986,15,-11196
14986,15,-11196
14991,13,-11196
14999,17,-11175
14992,14,-11174
14999,15,-11176
15002,15,-11196
15011,9,-11208
15002,-190,-11211
14999,-188,-11211
15002,-190,-11213
15001,-180,-11210
15001,-154,-11210
15001,-90,-11210
15001,-52,-11208
15004,-107,-11210
15000,-107,-11217
14999,-189,-11210
15003,-190,-11212
14985,13,-11177
14985,12,-11177
14994,12,-11182
15000,13,-11178
14994,4,-11123
14963,4,-11098
14915,9,-11090
1137,13,696
1135,13,694
1135,13,694
14967,38,-11176
14882,38,-11177
14795,37,-11177
14764,35,-11177
14747,35,-11177
14741,35,-11177
14735,35,-11177
14728,35,-11177
14747,35,-11176
14747,35,-11176
1135,13,695
14971,35,-11175
14972,1,-11165
14970,34,-11174
14931,38,-11176
14847,38,-11177
14764,35,-11176
14728,35,-11177
14765,35,-11176
27414,-30855,736
27410,-30853,738
27413,-30854,737
27428,-30867,699
27404,-30881,697
27400,-30882,699
27385,-30892,710
14993,-211,-11229
15002,-209,-11225
15003,-211,-11224
15002,-211,-11221
14995,-597,-11227
14996,-597,-11226
14981,-593,-11205
14975,-605,-11208
14976,-605,-11208
14976,-590,-11208
14997,-595,-11207
15000,-597,-11207
15015,-594,-11197
14972,36,-11176
14978,33,-11185
15001,-69,-11207
15001,-178,-11211
15000,-209,-11229
14998,-211,-11218
15002,-211,-11229
14978,0,-11184
15002,-191,-11212
14999,-189,-11212
15000,-187,-11211
15001,-158,-11210
15001,-152,-11210
15001,-152,-11210
15001,-161,-11210
15001,-162,-11210
15002,-165,-11210
15001,-166,-11211
14998,-166,-11211
14997,-166,-11212
15004,-166,-11211
15005,-166,-11211
15007,-165,-11210
15005,-163,-11211
15003,-162,-11212
15001,-166,-11211
14996,-166,-11213
15003,-162,-11211
14999,-162,-11211
15001,-155,-11210
1135,13,695
1134,13,693
1136,13,695
1136,13,695
1136,13,695
1136,13,695
1136,13,695
1136,13,695
1134,13,696
1134,13,696
1134,13,696
1134,13,696
1134,13,696
1134,13,696
1134,13,696
1134,13,696
1134,13,696
1134,13,696
1134,13,696
1134,13,696
1147,12,699
1175,13,716
1173,13,716
1173,13,716
1135,13,695
1135,13,696
1137,13,696
1140,12,696
1135,13,696
1135,13,696
1135,13,696
1135,13,696
1135,13,696
1137,13,695
1137,13,695
3103,16,-993
14987,14,-11183
14988,14,-11182
14988,14,-11182
14987,14,-11183
14988,14,-11182
14988,14,-11182
14986,17,-11191
14986,14,-11189
14988,14,-11187
14987,14,-11189
14995,12,-11180
15043,5,-11142
15047,3,-11145
15047,3,-11145
15041,3,-11141
15042,3,-11138
15041,3,-11140
15041,3,-11140
15044,4,-11149
15042,4,-11148
15042,4,-11148
15046,4,-11146
15087,6,-11150
15097,10,-11159
15098,11,-11162
15090,9,-11154
15040,6,-11143
683,476,210
681,476,216
684,476,211
682,476,215
682,476,213
680,476,215
686,478,204
682,476,210
683,476,218
688,462,210
1135,13,695
1135,13,695
1135,13,695
1135,13,694
686,475,209
689,475,205
685,477,210
678,477,210
675,475,210
675,475,210
678,475,209
681,475,211
677,475,210
678,475,210
682,475,208
680,476,208
680,476,208
680,476,208
677,473,210
681,478,209
688,476,208
686,477,210
680,476,211
679,476,210
679,476,210
679,476,210
684,477,211
679,477,210
684,476,209
687,476,221
682,479,203
683,476,210
682,476,213
682,476,213
682,478,207
686,476,209
687,477,205
684,476,209
682,476,211
682,476,210
