2450,46,5837
2429,46,5837
1472,-328,-1794
1463,-327,-1801
1463,-327,-1801
1463,-327,-1801
1467,-324,-1801
1454,-326,-1785
1454,-325,-1788
1470,-324,-1796
1470,-324,-1796
1470,-328,-1795
355,4,1974
144,5,1939
166,4,1928
166,4,1928
283,11,1892
354,8,1896
399,11,1944
406,4,1975
429,1,2002
430,3,1998
428,2,1988
405,-1,2022
268,3,1973
226,3,1974
154,4,1933
243,3,1975
334,4,1974
219,4,1975
140,4,1962
149,13,1961
159,4,1947
157,4,1971
204,3,1965
205,4,1963
205,4,1963
102,2,1953
109,2,1952
357,4,1974
163,4,1909
168,4,1912
2428,47,5845
257,3,1974
169,4,1905
170,-19,1914
170,-20,1914
170,-20,1914
169,-19,1913
2437,46,5842
2432,46,5840
2504,29,5885
2511,20,5799
2515,19,5770
1511,11,-2988
1521,4,-2965
2965,-8735,1515
2090,37,-4172
2083,37,-4187
2829,-8949,1652
1652,91,-2808
1652,91,-2808
1652,91,-2808
1652,91,-2808
1652,91,-2808
1652,91,-2811
1653,90,-2811
1655,90,-2819
1655,90,-2818
1672,-4,-2797
2083,37,-4187
2084,37,-4180
2084,37,-4180
2084,37,-4180
2084,37,-4180
2084,37,-4180
2072,33,-4176
2072,33,-4176
2078,35,-4174
2085,37,-4177
1678,3,-2804
1645,3,-2725
1645,3,-2749
1670,6,-2811
1671,14,-2820
1669,14,-2818
1669,14,-2820
1667,14,-2810
1667,14,-2810
1667,14,-2810
1667,14,-2810
1667,14,-2810
1667,14,-2810
1649,8,-2828
1656,4,-2830
27485,-30875,779
1652,4,-2831
1645,4,-2820
1645,4,-2820
1645,4,-2820
1645,4,-2820
1645,4,-2820
1645,4,-2820
1645,4,-2820
1645,4,-2820
1645,4,-2820
1645,4,-2820
1645,4,-2820
1645,4,-2820
1645,4,-2820
1645,4,-2820
1645,4,-2820
1645,4,-2820
1645,4,-2820
1645,4,-2820
1645,4,-2820
1645,4,-2820
1645,4,-2820
1645,4,-2820
1658,4,-2806
1658,4,-2806
1658,4,-2806
1658,4,-2806
1658,4,-2806
1658,4,-2806
1658,4,-2806
1658,4,-2806
1721,13,-2816
1736,22,-2829
1732,21,-2829
1711,19,-2843
1716,20,-2837
1695,35,-2751
1675,11,-2740
1672,11,-2740
1672,11,-2740
1662,16,-2743
1655,11,-2741
1670,3,-2741
1655,3,-2738
1663,7,-2743
1662,11,-2744
1661,17,-2749
1637,18,-2726
1640,5,-2731
1640,3,-2732
1640,3,-2732
1640,3,-2732
1640,3,-2732
1640,3,-2732
1640,3,-2732
1640,3,-2732
1640,3,-2732
1640,3,-2732
1650,3,-2734
1650,3,-2734
1650,3,-2734
1650,3,-2734
1650,3,-2734
1650,3,-2754
1639,3,-2742
1639,3,-2743
1639,3,-2743
1714,3,-2806
1714,3,-2806
1714,3,-2806
1714,3,-2806
1714,3,-2806
1661,3,-2822
1661,3,-2822
1661,3,-2822
1674,3,-2733
1672,13,-2821
1671,14,-2820
1671,14,-2820
1671,14,-2820
1671,14,-2820
1673,14,-2819
1673,14,-2819
1673,14,-2819
1673,14,-2819
1673,14,-2819
1673,14,-2819
1673,14,-2819
1673,14,-2819
1673,14,-2819
1673,14,-2819
1673,14,-2819
1673,14,-2819
1673,14,-2819
1673,14,-2819
1673,14,-2819
1673,14,-2819
1673,14,-2819
1673,14,-2819
1673,14,-2819
1673,14,-2819
1673,14,-2823
1673,14,-2823
2427,49,5850
2433,46,5845
2506,19,5776
2515,19,5769
1517,9,-2992
1508,11,-2932
670,-28,111
1471,-327,-1768
1467,-327,-1764
1467,-327,-1764
1467,-327,-1764
1466,-327,-1764
1465,-325,-1764
1464,-323,-1760
1465,-323,-1753
1464,-323,-1753
1465,-323,-1756
1465,-323,-1763
1463,-322,-1752
1464,-322,-1752
1463,-321,-1752
1464,-322,-1753
1464,-320,-1751
1464,-319,-1749
1469,-316,-1750
1470,-316,-1749
1470,-315,-1748
1470,-315,-1748
1470,-312,-1744
1470,-312,-1745
1469,-312,-1744
1464,-323,-1763
1464,-324,-1765
1464,-323,-1763
1469,-327,-1765
1471,-327,-1766
1471,-327,-1773
1471,-327,-1774
1481,-327,-1779
1480,-327,-1788
1481,-327,-1786
1481,-327,-1785
1480,-327,-1788
1471,-326,-1803
1475,-327,-1800
1471,-325,-1799
1471,-328,-1799
1470,-330,-1799
1471,-333,-1799
1471,-333,-1799
1471,-355,-1799
1470,-361,-1799
1470,-361,-1800
1470,-361,-1799
1470,-361,-1799
1476,-368,-1799
1481,-391,-1796
1475,-398,-1795
1471,-404,-1799
1472,-384,-1799
1472,-369,-1799
1472,-368,-1799
1471,-365,-1799
1471,-368,-1798
1458,-378,-1786
1458,-378,-1786
1471,-397,-1791
1470,-399,-1798
1471,-397,-1799
1471,-387,-1799
1471,-397,-1799
1471,-419,-1799
1471,-454,-1799
1471,-472,-1799
1471,-496,-1799
1470,-500,-1799
1470,-518,-1800
1470,-531,-1800
1470,-548,-1800
1459,-557,-1821
1465,-558,-1827
1470,-556,-1799
1469,-577,-1800
1470,-589,-1800
1470,-613,-1799
1470,-629,-1800
1470,-663,-1800
1470,-687,-1800
1470,-703,-1800
1470,-731,-1800
1470,-754,-1799
1470,-778,-1800
1470,-789,-1800
1470,-804,-1800
1470,-819,-1799
1470,-845,-1800
1470,-866,-1800
1470,-873,-1800
1470,-882,-1800
1470,-892,-1800
1470,-920,-1800
1484,-916,-1820
1470,-911,-1800
1470,-902,-1801
1486,-902,-1784
1484,-524,-1787
1484,-801,-1787
1484,-637,-1787
1482,-632,-1782
1484,-904,-1785
1469,-901,-1748
1470,-920,-1800
1470,-937,-1800
1470,-961,-1799
1470,-965,-1799
1470,-974,-1800
1470,-989,-1799
1470,-995,-1799
1470,-1020,-1799
1470,-1031,-1800
1470,-1055,-1799
1470,-1067,-1800
1470,-1085,-1799
1470,-1093,-1800
1470,-1109,-1800
1470,-1125,-1799
1470,-1147,-1799
1470,-1161,-1799
1470,-1181,-1800
1470,-1193,-1799
1470,-1213,-1799
1470,-1224,-1799
1470,-1235,-1800
1470,-1250,-1800
1470,-1265,-1799
1471,-1273,-1799
1470,-1276,-1800
1470,-1277,-1800
1470,-1281,-1799
1471,-1290,-1799
1470,-1299,-1800
1470,-1312,-1799
1470,-1331,-1799
1470,-1348,-1800
1470,-1371,-1799
1470,-1400,-1799
1470,-1461,-1799
1470,-1524,-1799
1470,-1546,-1800
1470,-1578,-1799
1470,-1623,-1800
1470,-1617,-1800
1470,-1668,-1800
1470,-1672,-1800
1470,-1679,-1800
1470,-1693,-1801
1470,-1706,-1800
1470,-1705,-1799
1470,-1728,-1799
1470,-1731,-1799
1470,-1745,-1800
1470,-1759,-1799
1470,-1780,-1800
1470,-1780,-1800
1470,-1782,-1800
1470,-1813,-1799
1470,-1832,-1800
1470,-1832,-1800
1470,-1874,-1800
1470,-1903,-1800
1468,-1926,-1797
1470,-1925,-1800
1470,-1949,-1799
1470,-1946,-1799
1473,-2008,-1793
1470,-2008,-1800
1470,-2015,-1800
1467,-2006,-1808
1471,-2008,-1800
1470,-1981,-1801
1470,-1951,-1801
1470,-1935,-1799
1476,-2007,-1801
1470,-1975,-1799
1470,-2001,-1798
1470,-1976,-1798
1470,-1962,-1798
1470,-1953,-1798
1470,-1977,-1799
1460,-2008,-1792
1470,-2007,-1799
1470,-1575,-1799
2429,45,5843
2449,45,5837
2451,45,5837
2451,45,5837
2451,45,5841
2452,45,5842
2443,46,5836
2452,46,5838
2451,46,5837
2441,46,5839
2450,46,5850
2431,46,5842
2452,46,5849
2452,46,5849
2452,46,5849
2452,46,5849
2452,46,5849
2452,46,5849
2452,46,5849
2452,46,5849
2452,46,5849
2452,46,5849
2452,46,5849
2452,46,5849
2452,46,5849
2452,46,5849
2432,46,5842
1470,-324,-1799
1471,-328,-1799
1472,-329,-1799
1472,-329,-1799
1472,-328,-1799
1472,-328,-1799
1473,-328,-1799
1470,-328,-1796
1470,-328,-1795
1470,-328,-1795
1470,-328,-1796
1470,-328,-1794
1470,-328,-1794
1472,-328,-1799
1473,-328,-1799
1470,-328,-1795
1472,-328,-1795
1471,-325,-1798
1471,-328,-1799
1471,-329,-1799
2430,46,5844
1471,-341,-1799
2451,46,5849
2435,46,5841
1471,-331,-1799
2427,48,5846
2431,46,5843
2431,46,5843
1471,-359,-1799
1471,-368,-1799
1471,-366,-1799
1471,-365,-1799
2428,46,5842
2429,46,5843
2429,46,5843
2431,46,5843
2429,45,5843
2433,45,5842
2426,46,5841
1470,-328,-1797
1471,-331,-1799
1471,-334,-1799
1471,-343,-1799
1471,-359,-1799
1471,-360,-1799
1471,-366,-1799
1471,-375,-1799
1471,-386,-1799
1471,-395,-1799
1471,-399,-1799
1471,-399,-1799
1471,-404,-1799
1471,-410,-1799
1471,-422,-1799
1471,-431,-1799
1471,-440,-1799
1471,-452,-1799
1471,-493,-1799
1471,-458,-1799
1471,-464,-1799
1471,-494,-1799
1470,-1945,-1799
1470,-1707,-1799
1470,-1421,-1799
1470,-1189,-1799
1470,-1160,-1799
1470,-1140,-1799
1470,-1142,-1799
1470,-1092,-1799
1470,-1115,-1799
1470,-1144,-1799
1470,-1139,-1799
1470,-1141,-1798
2423,38,5797
1471,-328,-1799
1471,-468,-1799
1470,-513,-1799
1469,-556,-1801
1470,-542,-1799
1470,-539,-1799
1470,-537,-1799
1470,-537,-1799
1470,-537,-1799
1470,-537,-1799
1470,-537,-1799
1470,-537,-1799
1470,-537,-1799
1470,-537,-1799
1470,-537,-1799
1470,-523,-1799
1470,-477,-1799
1470,-500,-1799
1470,-565,-1799
1474,-565,-1798
1469,-567,-1798
2431,45,5842
2429,45,5837
2451,45,5845
2430,45,5839
2453,36,5823
307,2,-983
314,3,-1018
266,10,-1046
284,17,-1071
284,18,-1119
285,17,-1117
285,17,-1117
285,17,-1117
289,17,-1112
286,17,-1112
279,17,-1116
276,17,-1120
280,19,-1121
280,19,-1121
280,19,-1121
280,19,-1121
280,19,-1121
280,19,-1121
280,19,-1121
280,19,-1121
280,19,-1121
280,19,-1121
280,19,-1121
280,19,-1121
280,19,-1121
280,19,-1121
280,19,-1121
280,19,-1121
280,19,-1121
280,19,-1121
280,19,-1121
2429,45,5843
1470,-339,-1799
1470,-523,-1799
1470,-556,-1799
1470,-561,-1799
1470,-568,-1799
1470,-574,-1799
1470,-576,-1799
1470,-588,-1799
1470,-588,-1799
1470,-598,-1799
1470,-598,-1799
1470,-604,-1799
1470,-609,-1799
1470,-604,-1799
1470,-622,-1799
1470,-631,-1799
1470,-635,-1799
1470,-642,-1799
1470,-651,-1799
1470,-646,-1799
1470,-651,-1799
1470,-733,-1799
1470,-328,-1795
1470,-596,-1799
2430,46,5844
2429,46,5840
2429,46,5843
1471,-332,-1799
1471,-335,-1799
1471,-493,-1799
1470,-657,-1799
1470,-328,-1795
1470,-371,-1799
1470,-405,-1799
1474,-328,-1800
1472,-328,-1799
1472,-328,-1799
1472,-328,-1799
1471,-383,-1799
1471,-484,-1799
1471,-460,-1799
1471,-457,-1799
1471,-475,-1799
1471,-491,-1799
1470,-494,-1799
1470,-500,-1796
1470,-528,-1799
1470,-666,-1799
1470,-666,-1798
1470,-675,-1799
1470,-675,-1798
1470,-675,-1799
1470,-675,-1799
1470,-675,-1798
1470,-675,-1799
1470,-675,-1799
1470,-675,-1799
2427,49,5847
1471,-329,-1799
1470,-459,-1799
1470,-552,-1799
1470,-647,-1799
1470,-666,-1799
1470,-687,-1799
1470,-688,-1799
2439,46,5835
1472,-328,-1781
1470,-362,-1799
1470,-549,-1799
1470,-654,-1799
1470,-675,-1799
1470,-708,-1799
1470,-732,-1799
1470,-732,-1799
1470,-732,-1799
1471,-732,-1799
1471,-734,-1799
1470,-734,-1799
1470,-732,-1799
1470,-722,-1799
1470,-722,-1799
1470,-721,-1799
1470,-704,-1799
1470,-688,-1799
1470,-688,-1799
1470,-684,-1799
1470,-664,-1799
1470,-662,-1799
1470,-637,-1799
1470,-736,-1799
2427,49,5851
1472,-328,-1799
1470,-475,-1799
1470,-616,-1799
1470,-721,-1799
1470,-816,-1800
1470,-818,-1800
1470,-807,-1799
1470,-733,-1799
1470,-740,-1799
1470,-749,-1800
1470,-757,-1799
1470,-752,-1799
1470,-765,-1799
1470,-777,-1799
1470,-783,-1799
1470,-787,-1800
1470,-793,-1799
1470,-796,-1799
1470,-817,-1799
1470,-817,-1799
1470,-813,-1799
1470,-821,-1799
1470,-830,-1799
1470,-840,-1799
1470,-846,-1799
1470,-912,-1799
1470,-846,-1799
1470,-857,-1799
1470,-857,-1799
1470,-857,-1799
1470,-857,-1799
1470,-857,-1799
1470,-857,-1799
1470,-861,-1799
1470,-873,-1799
1470,-898,-1800
1470,-909,-1798
1470,-907,-1800
1470,-873,-1799
1470,-886,-1800
1470,-886,-1799
1470,-895,-1799
1470,-898,-1799
1469,-920,-1800
1470,-919,-1799
1470,-919,-1799
1470,-919,-1799
1470,-919,-1799
1470,-921,-1799
1470,-950,-1800
1470,-931,-1799
1470,-931,-1799
1470,-926,-1799
1470,-922,-1799
1470,-915,-1799
1470,-903,-1799
1470,-899,-1799
1470,-916,-1799
1470,-942,-1799
1470,-938,-1799
1470,-947,-1799
1470,-952,-1799
1470,-977,-1800
1470,-1031,-1800
1470,-1037,-1799
1470,-1037,-1799
1470,-905,-1800
1470,-793,-1800
1470,-1092,-1800
1471,-329,-1799
1470,-526,-1799
1470,-745,-1799
1470,-951,-1799
1470,-328,-1796
1470,-457,-1799
1470,-675,-1799
1470,-887,-1799
1470,-1085,-1800
1470,-1109,-1799
1470,-1187,-1799
1470,-1092,-1800
2239,-178,4329
2429,45,5843
2452,45,5842
2451,45,5845
2435,45,5842
2450,45,5838
2450,45,5838
2450,45,5838
1991,-126,2339
1473,-2007,-1801
1468,-2007,-1803
1477,-2007,-1801
1477,-2007,-1802
1477,-2007,-1800
1477,-2007,-1800
1476,-2007,-1802
1478,-2003,-1800
1475,-2005,-1800
1479,-2003,-1799
1478,-2003,-1797
1477,-2003,-1798
1476,-2003,-1796
1470,-1824,-1799
1470,-1572,-1799
2430,45,5844
2449,45,5840
2431,45,5843
1480,-2007,-1802
1471,-2008,-1799
1714,-1459,200
2451,45,5840
1476,-2007,-1802
1472,-328,-1794
1471,-369,-1799
1471,-435,-1799
1470,-496,-1799
1470,-512,-1799
1470,-540,-1799
1470,-510,-1799
1470,-560,-1799
1470,-581,-1799
1470,-613,-1799
1470,-644,-1799
1470,-674,-1799
1470,-709,-1799
1470,-740,-1799
1470,-772,-1799
1470,-805,-1799
1470,-836,-1799
1470,-867,-1799
1470,-895,-1799
1470,-920,-1799
1470,-944,-1799
1470,-1072,-1800
1470,-1131,-1799
1470,-1179,-1800
1470,-1201,-1799
1470,-1169,-1799
1470,-1209,-1800
1470,-1248,-1800
1470,-1281,-1798
1470,-1281,-1798
2429,45,5842
2451,45,5839
2451,45,5849
2450,45,5838
2431,45,5843
1472,-328,-1799
1471,-325,-1801
1470,-323,-1805
1471,-323,-1800
1471,-323,-1800
1471,-324,-1802
1473,-328,-1799
1471,-329,-1799
1471,-334,-1799
1470,-333,-1799
1471,-476,-1799
1474,-328,-1798
1470,-453,-1799
2411,36,5701
2429,45,5843
1470,-328,-1796
1471,-335,-1799
1470,-328,-1795
1471,-328,-1799
1470,-328,-1797
1471,-2006,-1800
1470,-1597,-1799
1470,-1724,-1799
65,3,137
65,3,132
2437,45,5841
2435,46,5842
1216,59,234
1220,61,232
1225,63,235
1225,69,250
1235,56,275
1231,56,277
2440,46,5834
2430,46,5839
2514,17,5762
2425,37,5814
2430,45,5842
2430,45,5839
2431,44,5819
2431,44,5819
2431,44,5819
2421,44,5811
2425,40,5827
2429,39,5820
2429,44,5822
2429,46,5843
2430,46,5840
2416,37,5801
2467,21,5802
2430,39,5817
2427,39,5825
2415,49,5850
2420,54,5855
2420,54,5855
2415,54,5832
2420,53,5837
2420,54,5837
2420,54,5837
2420,54,5837
2420,54,5837
2417,51,5855
2420,54,5839
2491,23,5813
2446,34,5814
2490,23,5810
2498,20,5805
2500,21,5809
2493,23,5810
2493,23,5810
2455,33,5825
2422,45,5815
2414,38,5828
2429,39,5823
1473,-2008,-1802
1477,-2007,-1799
2453,46,5838
2450,46,5842
2447,46,5842
1476,-2008,-1805
1472,-2006,-1801
1470,-1676,-1799
1470,-1999,-1799
1500,-2013,-1816
1477,-2008,-1801
2429,46,5842
2431,44,5819
2526,26,5849
2428,36,5809
2419,39,5820
