743,6168,15911
743,6168,15911
743,6168,15911
743,6168,15911
736,6168,15912
728,6170,15909
728,6170,15907
728,6170,15907
728,6170,15907
728,6170,15893
728,6168,15889
740,6168,15891
731,6169,15896
739,6169,15891
729,6168,15889
740,6169,15905
735,6168,15900
721,6174,15870
738,6180,15848
740,6178,15849
734,6180,15835
734,6180,15835
729,6180,15837
731,6178,15845
731,6178,15845
728,6178,15853
728,6178,15853
741,6174,15839
738,6174,15845
738,6174,15848
730,6174,15847
730,6174,15847
730,6174,15847
728,6174,15845
728,6174,15837
740,6174,15844
729,6170,15836
729,6170,15836
729,6170,15836
728,6170,15838
730,6170,15839
730,6170,15839
728,6170,15837
730,6168,15845
730,6168,15847
730,6168,15847
730,6168,15847
729,6168,15846
729,6168,15846
732,6168,15840
1373,5,15615
740,6177,15878
730,6168,15848
730,6168,15848
730,6168,15848
744,6173,15868
741,6178,15902
744,6178,15908
738,6178,15898
730,6178,15901
725,6178,15905
728,6178,15903
736,6168,15899
742,6172,15879
740,6172,15882
740,6172,15882
740,6172,15882
740,6172,15882
731,6172,15845
728,6177,15849
739,6178,15841
739,6178,15841
739,6178,15841
739,6178,15854
739,6178,15854
739,6178,15854
733,6173,15888
733,6173,15888
733,6173,15888
733,6173,15888
733,6173,15888
735,6173,15858
737,6174,15852
1372,12,15604
1376,3,15608
1376,3,15608
1376,3,15608
1376,3,15608
1376,3,15608
1376,3,15608
1359,3,15609
736,6168,15842
744,6168,15844
744,6168,15847
739,6168,15850
745,6168,15839
739,6168,15838
739,6168,15838
739,6168,15846
726,6168,15839
733,6168,15842
733,6168,15842
733,6168,15842
731,6168,15839
1372,12,15604
1376,3,15606
1373,4,15601
1373,4,15601
1373,4,15601
1373,3,15601
744,6173,15868
742,6163,15870
740,6163,15869
741,6163,15876
738,6163,15875
1369,3,15611
1362,3,15611
1367,3,15611
1374,4,15612
1376,3,15604
1376,3,15604
1376,3,15604
1376,3,15604
1372,3,15601
1366,3,15611
1366,3,15611
1366,3,15611
1366,3,15611
1366,3,15611
1366,3,15611
1372,9,15605
1369,18,15600
1368,16,15636
1352,14,15633
1369,24,15612
1369,24,15612
1369,24,15612
1369,24,15612
1369,24,15612
