-634,35,-753
-634,35,-753
-634,35,-753
-634,35,-753
-634,35,-753
-634,35,-753
-634,35,-753
-634,35,-753
-634,35,-753
-634,35,-753
-634,35,-753
-624,40,-783
-638,18,-789
-617,50,-771
-617,51,-771
-617,51,-771
-617,51,-771
-617,51,-771
-617,51,-771
-617,51,-771
-617,51,-771
-653,18,-775
-621,36,-762
-627,39,-751
-643,36,-763
-618,55,-751
-617,48,-781
-655,27,-766
-648,50,-767
-684,37,-818
-684,37,-818
-684,37,-818
-684,37,-818
-681,34,-803
-696,18,-816
-696,18,-810
-696,23,-810
-696,19,-810
-670,21,-871
-696,17,-814
-696,19,-816
-696,19,-816
-696,19,-816
-696,19,-816
-696,19,-816
-696,19,-816
-696,19,-816
-696,19,-816
-696,19,-816
-696,19,-816
-696,18,-812
-696,27,-815
-700,26,-811
-700,26,-811
-700,26,-811
-700,26,-811
-700,26,-811
-700,26,-811
-700,26,-811
-700,26,-811
-700,26,-811
-705,21,-812
-707,19,-812
-707,19,-812
-698,19,-811
-698,19,-811
-632,37,-784
-632,37,-784
-632,37,-784
-632,37,-784
-632,37,-784
-632,37,-784
-632,37,-784
-632,37,-784
-632,37,-784
-632,37,-784
-632,37,-784
-632,37,-784
-632,37,-784
-620,9,-815
-563,51,-896
-544,51,-916
-544,51,-916
-544,51,-916
-544,51,-916
-444,41,-862
-444,41,-862
-444,41,-862
-378,8,-840
-390,8,-838
-390,8,-838
-395,8,-837
-395,8,-837
-395,8,-837
-395,8,-837
-395,8,-837
-395,8,-837
-391,12,-837
-389,12,-837
-393,12,-838
-393,12,-838
-393,12,-838
-393,12,-838
-394,18,-830
-595,43,-806
-705,21,-812
-707,23,-810
-707,19,-811
-640,36,-775
-618,35,-764
-628,36,-761
-628,36,-761
-628,36,-761
-628,36,-761
-628,36,-761
-628,36,-761
-633,36,-764
-633,36,-764
-655,52,-789
-655,52,-789
-655,52,-789
-637,36,-765
-637,36,-766
-623,55,-775
-617,39,-752
-653,36,-760
694,-1289,-1035
675,-1280,-1045
683,-1283,-1056
681,-1280,-1045
683,-1283,-1044
674,-1281,-1044
675,-1280,-1042
675,-1280,-1042
675,-1280,-1042
676,-1281,-1047
669,-1280,-1049
683,-1287,-1039
665,-1281,-1039
657,-1281,-1038
657,-1281,-1038
656,-1281,-1040
656,-1281,-1040
662,-1281,-1041
662,-1281,-1040
659,-1281,-1042
659,-1282,-1042
664,-1282,-1042
666,-1281,-1042
663,-1280,-1041
662,-1282,-1046
662,-1282,-1047
662,-1282,-1047
662,-1282,-1047
662,-1282,-1047
662,-1282,-1047
662,-1282,-1047
662,-1282,-1047
662,-1282,-1047
662,-1282,-1047
662,-1282,-1047
662,-1282,-1047
662,-1282,-1047
662,-1282,-1047
662,-1282,-1047
662,-1282,-1047
662,-1282,-1047
662,-1282,-1047
662,-1282,-1047
662,-1282,-1047
662,-1282,-1047
662,-1282,-1047
662,-1282,-1047
662,-1282,-1047
662,-1282,-1047
662,-1282,-1047
662,-1282,-1047
662,-1282,-1047
662,-1282,-1047
662,-1282,-1047
662,-1282,-1047
662,-1282,-1047
662,-1282,-1047
662,-1282,-1047
662,-1282,-1047
662,-1282,-1047
662,-1282,-1047
662,-1282,-1047
678,-1290,-1060
678,-1290,-1060
682,-1291,-1065
682,-1291,-1065
688,-1291,-1065
694,-1290,-1066
695,-1291,-1059
695,-1292,-1059
693,-1291,-1051
692,-1291,-1050
671,-1293,-1056
671,-1293,-1056
666,-1284,-1043
666,-1284,-1043
692,-1290,-1040
697,-1291,-1038
701,-1294,-1037
703,-1289,-1037
703,-1287,-1030
703,-1287,-1030
686,-1283,-1031
686,-1283,-1031
645,-1281,-1025
645,-1282,-1026
644,-1282,-1029
644,-1282,-1029
644,-1282,-1029
644,-1282,-1029
644,-1282,-1029
646,-1279,-1029
646,-1279,-1029
646,-1279,-1029
645,-1278,-1026
645,-1278,-1026
648,-1281,-1034
648,-1281,-1034
648,-1281,-1038
648,-1282,-1038
649,-1282,-1034
650,-1282,-1034
651,-1281,-1034
651,-1281,-1034
651,-1281,-1034
651,-1281,-1034
651,-1285,-1033
651,-1284,-1033
665,-1281,-1033
665,-1281,-1033
654,-1281,-1037
653,-1281,-1037
642,-1280,-1031
642,-1280,-1031
640,-1280,-1031
640,-1280,-1031
639,-1281,-1032
639,-1281,-1032
639,-1281,-1032
639,-1281,-1032
639,-1281,-1032
657,-1282,-1028
661,-1279,-1030
653,-1279,-1020
667,-1280,-1004
755,-1277,-984
755,-1277,-985
-355,7,-870
-355,8,-870
8906,-7876,-1049
8906,-7876,-1049
8906,-7876,-1050
8906,-7877,-1050
12561,-11269,-541
12562,-11269,-541
12562,-11270,-541
12562,-11270,-541
-564,8,-815
-564,8,-815
-582,10,-806
-583,10,-806
-729,27,-800
-729,27,-800
-729,27,-800
-729,27,-800
-729,27,-800
-729,27,-800
-699,26,-813
-699,26,-813
-696,19,-813
-696,19,-813
-696,19,-813
-696,19,-813
-696,19,-813
-696,19,-813
-696,19,-813
-696,19,-813
-696,19,-813
-696,19,-813
-696,19,-813
-696,19,-813
-696,19,-813
-696,19,-813
-659,43,-777
-657,60,-782
-626,42,-817
-645,38,-816
-714,2,-856
-714,2,-856
-714,2,-856
-714,2,-856
-714,2,-856
-714,2,-856
-714,2,-856
-714,2,-856
-714,2,-856
-714,2,-856
-714,2,-856
-714,2,-856
-714,2,-856
-714,2,-856
-714,2,-856
-714,2,-856
-714,2,-856
-714,2,-856
-714,2,-856
-714,2,-856
-714,2,-856
-714,2,-856
-714,2,-856
-714,2,-856
-714,2,-854
-714,2,-854
-737,2,-823
-737,2,-823
-685,21,-802
-686,20,-797
-684,14,-815
-684,14,-815
-712,25,-763
-720,19,-745
-740,2,-699
-740,2,-699
-715,43,-822
-707,28,-816
-688,9,-821
-673,3,-832
-661,2,-832
-661,2,-832
-661,2,-832
-661,2,-832
-665,4,-832
-665,4,-832
-696,18,-809
-696,18,-809
-696,18,-810
-696,18,-811
-702,26,-811
-711,30,-805
-789,11,-747
-788,28,-748
-624,102,-688
-623,103,-687
-636,36,-778
-634,36,-780
-612,2,-804
-612,2,-804
-681,45,-754
-674,44,-730
-631,27,-674
-623,19,-681
-583,31,-712
-583,31,-712
-475,58,-682
-475,51,-682
-477,7,-674
-477,12,-674
-480,12,-674
-480,12,-674
-479,12,-674
-479,12,-674
-479,12,-674
-479,12,-674
-479,3,-691
-479,3,-691
-482,18,-680
-483,16,-677
-488,16,-673
-488,16,-673
-487,15,-677
-487,15,-677
-403,8,-649
-403,8,-649
-422,7,-651
-422,7,-651
-420,7,-647
-420,7,-647
-424,7,-646
-424,7,-646
-419,7,-653
-419,7,-653
-415,7,-651
-415,7,-651
-415,7,-651
-415,7,-651
-415,7,-651
-415,7,-651
-431,6,-660
-431,6,-660
-431,6,-660
-431,6,-660
-431,6,-660
-431,6,-660
-431,6,-660
-431,6,-660
-431,6,-660
-431,6,-660
-431,6,-660
-431,6,-660
-431,6,-660
-431,6,-660
-431,6,-660
-431,6,-660
-437,6,-652
-450,4,-644
-576,2,-720
-587,1,-732
-556,1,-769
-555,1,-776
-555,2,-789
-555,2,-789
-555,2,-789
-555,2,-789
-555,2,-789
-555,2,-789
-555,2,-789
-555,2,-789
-555,2,-789
-555,2,-789
-555,2,-789
-555,2,-789
-556,2,-784
-556,2,-784
-565,9,-815
-565,9,-815
-563,9,-815
-563,9,-815
-563,9,-815
-563,9,-815
-565,6,-808
-575,7,-788
-584,4,-778
-584,4,-778
-586,4,-769
-586,5,-769
-586,4,-769
-586,5,-769
-586,4,-769
-586,5,-769
-586,4,-769
-586,5,-769
-586,5,-771
-586,5,-771
-586,2,-787
-586,2,-787
-606,3,-816
-606,3,-816
-693,20,-809
-696,31,-810
-804,10,-932
-809,5,-941
-796,10,-965
-796,9,-966
-783,6,-958
-783,6,-958
-791,12,-980
-792,12,-981
-796,11,-983
-796,11,-983
-796,11,-983
-796,11,-983
-796,11,-983
-796,11,-983
-796,11,-983
-796,11,-983
-796,11,-983
-796,11,-983
-796,11,-983
-796,11,-983
-796,11,-983
-796,11,-983
-796,11,-983
-796,11,-983
-796,11,-983
-796,11,-983
-796,11,-983
-796,11,-983
-796,11,-983
-796,11,-983
-796,11,-983
-796,11,-983
-796,11,-983
-796,11,-983
-796,11,-983
-796,11,-983
-796,11,-983
-796,11,-983
-796,11,-983
-796,11,-983
-796,11,-983
-796,11,-983
-796,11,-983
-796,11,-983
-796,11,-983
-796,11,-983
-796,11,-983
-796,11,-983
-796,11,-983
-796,11,-983
-775,12,-924
-770,16,-903
-697,14,-802
-696,22,-805
-699,28,-823
-699,28,-823
-699,28,-823
-699,28,-823
-699,28,-823
-699,28,-823
-699,28,-823
-699,28,-823
-699,28,-823
-699,28,-823
-699,28,-823
-699,28,-823
-699,28,-823
-699,28,-823
-699,28,-823
-699,28,-823
-699,28,-823
-699,28,-823
-699,28,-823
-699,28,-823
-699,28,-823
-699,28,-823
-699,28,-823
-699,28,-823
-699,28,-823
-699,28,-823
-699,28,-823
-699,28,-823
-699,28,-823
-699,28,-823
-696,18,-813
-696,18,-813
-696,18,-808
-696,18,-807
-696,19,-813
-696,21,-813
-696,19,-809
-696,19,-809
-696,19,-809
-696,19,-809
-679,47,-806
-675,45,-805
-597,40,-791
-597,40,-791
-597,40,-791
-597,40,-791
-597,40,-791
-597,40,-791
-595,40,-789
-595,40,-789
-491,2,-757
-491,2,-757
-486,2,-760
-482,2,-759
-490,103,-759
-491,124,-759
-476,85,-737
-480,64,-737
-453,16,-771
-450,13,-773
-286,23,-781
-286,18,-781
-288,18,-782
-288,18,-782
-310,16,-801
-316,16,-805
-324,14,-816
-324,14,-817
-318,14,-816
-316,14,-816
-291,18,-788
-291,18,-788
-291,18,-788
-291,18,-788
-278,18,-788
-278,18,-788
-278,18,-788
-278,18,-788
-278,18,-788
-278,18,-788
-281,18,-791
-281,18,-791
-285,20,-777
-287,21,-772
-290,19,-769
-290,19,-769
-291,19,-768
-291,19,-768
-358,22,-769
-387,32,-772
-518,14,-750
-526,21,-748
-580,1,-749
-580,1,-749
-551,7,-710
-547,14,-708
-547,4,-706
-545,4,-706
-487,15,-678
-485,12,-679
-488,12,-674
-487,11,-667
-488,2,-685
-488,2,-687
-478,4,-674
-478,4,-674
-484,4,-674
-484,4,-674
-483,4,-672
-483,4,-671
-482,4,-673
-482,4,-673
-477,4,-678
-477,4,-678
-479,20,-676
-479,20,-675
-485,20,-674
-485,20,-674
-485,20,-674
-485,20,-674
-477,19,-674
-477,19,-674
-480,16,-674
-480,16,-674
-486,16,-673
-486,16,-673
-485,16,-672
-485,16,-672
-485,16,-672
-485,16,-672
-485,16,-672
-485,16,-672
-485,16,-672
-485,16,-672
-482,16,-674
-481,17,-675
-477,7,-676
-478,4,-679
-535,12,-753
-548,13,-771
-586,24,-836
-586,24,-836
-586,24,-836
-586,24,-836
-547,4,-830
-547,4,-831
-543,5,-837
-543,5,-837
-543,5,-837
-543,5,-837
-540,5,-837
-540,5,-837
-540,5,-837
-540,5,-837
-536,5,-837
-536,5,-837
-536,5,-837
-536,5,-837
-536,5,-837
-536,5,-837
-536,5,-837
-536,5,-837
-536,5,-837
-536,5,-837
-536,5,-837
-536,5,-837
-536,5,-837
-536,5,-837
-536,5,-837
-536,5,-837
-536,5,-837
-536,5,-837
-536,5,-837
-536,5,-837
-536,5,-827
-536,5,-827
-536,5,-827
-536,5,-827
-536,5,-826
-536,5,-826
-536,5,-825
-536,5,-825
-539,5,-825
-539,5,-825
-545,5,-828
-545,5,-828
-546,6,-833
-546,5,-832
-591,31,-800
-597,14,-789
-610,14,-775
-610,11,-776
-613,5,-783
-613,5,-783
-640,40,-791
