-480,2,-803
-503,2,-810
-503,2,-810
-503,2,-810
-502,2,-805
-532,2,-782
-532,2,-782
-532,2,-782
-532,2,-782
-532,2,-782
-546,2,-775
-546,2,-775
-545,2,-776
-582,2,-783
-581,2,-784
-580,2,-785
-579,2,-785
-578,2,-785
-578,2,-785
-577,2,-785
-577,2,-785
-576,2,-785
-576,2,-785
-576,2,-785
-576,2,-785
-576,2,-785
-575,2,-787
-574,2,-788
-576,2,-790
-563,2,-794
-563,2,-795
-563,2,-796
-563,2,-796
-564,2,-796
-564,2,-796
-564,2,-796
-567,2,-796
-567,2,-796
-567,2,-796
-567,2,-796
-567,2,-796
-567,2,-796
-568,2,-795
-569,2,-795
-570,2,-795
-571,2,-795
-571,2,-795
-572,2,-795
-576,2,-794
-576,2,-794
-576,2,-793
-576,2,-793
-576,2,-793
-576,2,-792
-576,2,-792
-578,2,-792
-579,2,-792
-579,2,-792
-581,2,-792
-582,2,-792
-582,2,-792
-582,2,-792
-582,2,-792
-582,2,-792
-582,2,-792
-582,2,-792
-582,2,-792
-582,2,-792
-582,2,-792
-582,2,-792
-582,2,-792
-582,2,-792
-582,2,-792
-582,2,-792
-582,2,-792
-582,2,-792
-582,2,-792
-582,2,-792
-582,2,-792
-582,2,-792
-582,2,-792
-582,2,-792
-582,2,-792
-582,2,-792
-582,2,-792
-582,2,-792
-582,2,-792
-582,2,-792
-582,2,-792
-582,2,-792
-582,2,-792
-582,2,-792
-582,2,-792
-582,2,-792
-582,2,-792
-582,2,-792
-582,2,-792
-582,2,-792
-582,2,-792
-582,2,-792
-582,2,-792
-582,2,-792
-582,2,-792
-582,2,-792
-582,2,-792
-582,2,-792
-582,2,-792
-582,2,-792
-582,2,-792
-582,2,-792
-582,2,-792
-582,2,-792
-582,2,-792
-582,2,-792
-582,2,-792
-582,2,-792
-582,2,-792
-582,2,-792
-582,2,-792
-582,2,-792
-582,2,-792
-582,2,-792
-582,2,-792
-582,2,-792
-582,2,-792
-582,2,-792
-582,2,-792
-582,2,-792
-582,2,-792
-582,2,-792
-582,2,-792
-582,2,-792
-582,2,-792
-582,2,-792
-582,2,-792
-582,2,-792
-582,2,-792
-582,2,-792
-582,2,-792
-582,2,-792
-582,2,-792
-582,2,-792
-582,2,-792
-582,2,-792
-582,2,-792
-582,2,-792
-582,2,-792
-533,2,-798
-519,2,-802
-522,2,-798
-523,2,-797
-523,2,-797
-523,2,-797
-523,2,-797
-523,2,-797
-523,2,-797
-523,2,-797
-523,2,-796
-526,2,-792
-526,2,-792
-526,2,-792
-527,2,-790
-527,2,-790
-527,2,-790
-530,2,-786
-532,2,-783
-532,2,-783
-533,2,-782
-533,2,-781
-534,2,-780
-535,2,-778
-536,2,-778
-536,2,-777
-537,2,-776
-537,2,-775
-537,2,-775
-538,2,-774
-538,1,-773
-539,2,-772
-540,2,-772
-540,2,-771
-541,2,-770
-541,2,-770
-541,2,-770
-541,2,-770
-541,2,-770
-541,2,-770
-541,2,-769
-541,1,-769
-541,2,-769
-543,2,-767
-543,2,-766
-543,2,-766
-543,2,-766
-544,2,-765
-544,2,-765
-545,2,-764
-545,2,-763
-545,2,-763
-546,2,-763
-546,1,-762
-546,2,-762
-546,1,-761
-546,2,-761
-546,2,-761
-547,1,-760
-547,2,-760
-548,2,-759
-548,1,-759
-548,2,-759
-549,2,-757
-549,2,-757
-550,2,-757
-550,2,-757
-550,2,-757
-550,2,-756
-550,2,-756
-550,2,-756
-550,2,-755
-551,2,-755
-551,2,-755
-552,1,-754
-552,2,-753
-552,2,-753
-552,1,-753
-553,2,-752
-553,2,-752
-554,1,-751
-554,2,-750
-554,2,-750
-554,2,-750
-555,2,-749
-555,1,-749
-555,2,-748
-556,1,-747
-558,2,-745
-558,2,-745
-558,2,-745
-558,2,-745
-559,2,-742
-559,2,-742
-559,2,-742
-559,2,-742
-559,2,-742
-561,2,-740
-561,2,-740
-561,2,-740
-561,2,-740
-561,2,-740
-561,2,-740
-566,2,-736
-566,2,-739
-565,2,-739
-565,2,-739
-562,2,-738
-568,2,-738
-568,2,-738
-568,2,-738
-568,2,-738
-567,1,-738
-567,2,-738
-567,1,-738
-567,2,-738
-567,2,-738
-567,1,-738
-567,2,-738
-567,2,-738
-567,2,-738
-567,2,-738
-567,2,-738
-566,2,-738
-564,2,-738
-564,2,-738
-564,2,-738
-564,2,-738
-561,2,-738
-561,2,-738
-561,2,-738
-561,1,-738
-561,2,-738
-561,1,-738
-561,2,-738
-561,2,-738
-561,1,-738
-561,2,-738
-558,2,-738
-558,2,-738
-558,1,-738
-558,2,-738
-556,1,-740
-555,1,-741
-555,2,-741
-555,2,-741
-555,1,-741
-555,2,-741
-555,2,-741
-555,1,-741
-554,1,-742
-551,2,-744
-551,2,-744
-551,1,-744
-551,2,-744
-551,2,-744
-551,2,-744
-551,1,-745
-551,1,-745
-550,1,-746
-550,2,-746
-550,1,-746
-549,1,-747
-549,2,-747
-549,1,-747
-548,1,-748
-548,2,-748
-548,1,-748
-548,0,-748
-548,2,-748
-548,2,-748
-547,1,-749
-545,2,-751
-545,1,-751
-544,1,-751
-542,2,-753
-542,2,-753
-542,2,-753
-542,1,-754
-540,1,-755
-540,2,-755
-539,2,-756
-539,2,-757
-538,2,-757
-536,2,-759
-536,2,-759
-536,1,-759
-536,2,-759
-536,2,-759
-536,1,-759
-536,2,-759
-536,2,-760
-532,2,-763
-532,1,-763
-532,2,-763
-532,2,-763
-531,1,-762
-531,2,-762
-531,2,-762
-529,1,-762
-529,2,-762
-529,2,-762
-529,2,-762
-529,2,-762
-529,2,-762
-529,2,-762
-529,2,-762
-529,2,-762
-529,2,-762
-529,2,-762
-529,2,-762
-529,2,-762
-529,2,-762
-528,2,-762
-526,2,-763
-526,2,-763
-526,2,-765
-526,2,-765
-526,2,-765
-526,2,-765
-526,2,-765
-526,2,-765
-526,2,-765
-526,2,-766
-526,2,-766
-526,2,-768
-495,2,-770
-495,2,-770
-495,2,-770
-495,2,-770
-495,2,-770
-470,2,-771
-471,2,-773
-496,2,-740
-496,2,-741
-497,2,-743
-497,2,-743
-526,2,-807
-526,2,-807
-526,2,-807
-526,2,-807
-526,2,-807
-524,2,-795
-524,2,-795
-524,2,-793
-523,2,-795
-525,2,-794
-539,2,-792
-539,2,-791
-542,2,-788
-542,2,-788
-543,2,-787
-541,2,-786
-541,2,-785
-541,2,-785
-541,2,-785
-540,2,-785
-540,2,-785
-540,2,-785
-539,2,-783
-540,2,-783
-540,2,-781
-540,2,-781
-540,2,-781
-540,2,-781
-540,2,-779
-540,2,-779
-541,1,-778
-541,2,-774
-541,2,-774
-541,2,-774
-541,2,-774
-541,2,-774
-541,2,-774
-541,1,-774
-541,2,-774
-541,2,-774
-541,1,-774
-541,2,-774
-541,1,-774
-542,2,-775
-542,2,-775
-542,2,-775
-566,2,-768
-565,2,-767
-565,2,-767
-565,2,-767
-565,2,-767
-565,2,-766
-565,2,-766
-565,2,-766
-565,2,-766
-565,1,-766
-565,2,-766
-565,2,-766
-565,2,-766
-566,2,-766
-567,2,-766
-567,2,-766
-568,2,-766
-569,2,-767
-572,2,-767
-572,2,-767
-572,2,-767
-572,2,-767
-574,2,-768
-575,2,-768
-575,2,-768
-580,2,-769
-583,2,-770
-586,2,-771
-586,2,-771
-586,2,-771
-587,2,-771
-587,2,-771
-588,2,-771
-588,2,-771
-590,2,-772
-590,2,-772
-593,2,-773
-596,2,-773
-596,2,-773
-596,2,-773
-597,2,-773
-597,2,-773
-598,2,-774
-598,2,-774
-598,2,-774
-598,2,-774
-598,2,-774
-598,2,-774
-598,2,-774
-600,2,-774
-600,2,-774
-600,2,-774
-600,2,-774
-600,2,-774
-600,2,-774
-603,1,-775
-603,1,-775
-603,2,-775
-603,2,-775
-606,2,-776
-607,2,-776
-607,2,-776
-607,2,-776
-607,2,-776
-607,2,-776
-607,2,-776
-607,2,-776
-607,2,-776
-608,2,-776
-608,2,-776
-608,2,-776
-608,2,-776
-608,2,-776
-608,2,-777
-608,2,-777
-608,2,-777
-608,2,-777
-605,2,-776
-605,2,-776
-605,2,-776
-605,2,-776
-605,2,-776
-605,2,-776
-605,2,-776
-605,2,-776
-602,2,-776
-601,2,-776
-601,2,-776
-601,2,-776
-601,2,-776
-601,2,-776
-601,2,-776
-601,2,-776
-601,2,-776
-601,2,-776
-601,2,-776
-601,2,-777
-601,2,-780
-601,2,-781
-601,2,-781
-601,2,-781
-601,2,-781
-601,2,-781
-601,2,-781
-604,2,-773
-605,2,-772
-605,2,-772
-605,2,-772
-605,2,-772
-605,2,-772
-605,2,-772
-605,2,-772
-605,2,-773
-605,2,-773
-605,2,-773
-604,2,-772
-604,2,-772
-604,2,-772
-604,2,-772
-603,2,-771
-603,2,-771
-601,2,-770
-600,2,-769
-600,2,-769
-598,2,-767
-598,2,-767
-597,2,-766
-597,2,-766
-597,2,-766
-597,2,-766
-597,2,-766
-597,2,-766
-595,2,-768
-592,2,-766
-592,2,-766
-593,2,-766
-596,2,-767
-596,2,-767
-596,2,-767
-596,2,-767
-596,2,-767
-596,2,-767
-595,2,-767
-595,2,-767
-595,2,-767
-595,2,-767
-596,2,-768
-596,2,-768
-596,2,-769
-596,2,-769
-596,2,-768
-596,2,-768
-596,2,-768
-595,2,-769
-595,2,-772
-595,2,-772
-595,2,-772
-595,2,-772
-595,2,-772
-595,2,-772
-595,2,-772
-595,2,-772
-595,2,-772
-595,2,-774
-595,2,-774
-595,2,-774
-595,2,-777
-594,2,-778
-594,2,-778
-594,2,-778
-594,2,-779
-594,2,-781
-594,2,-781
-594,2,-781
-594,2,-781
-594,2,-781
-594,2,-782
-594,2,-786
-593,2,-786
-593,2,-791
-593,2,-791
-593,2,-792
-593,2,-793
-592,2,-795
-592,2,-796
-592,2,-796
-592,2,-796
-592,2,-796
-592,2,-796
-592,2,-796
-592,2,-796
-592,2,-796
-592,2,-799
-592,2,-799
-592,2,-799
-592,2,-799
-592,2,-800
-592,2,-801
-592,2,-801
-592,2,-801
-592,2,-802
-591,2,-804
-591,2,-804
-591,2,-805
-591,2,-805
-591,2,-806
-591,2,-806
-591,2,-806
-592,2,-806
-592,2,-806
-594,2,-805
-595,2,-804
-595,2,-804
-595,2,-804
-595,2,-804
-596,2,-804
-596,2,-804
-599,2,-802
-599,2,-801
-601,2,-800
-601,2,-800
-601,2,-800
-601,2,-800
-602,2,-800
-603,2,-800
-603,2,-799
-603,2,-799
-605,2,-798
-606,2,-798
-606,2,-798
-606,2,-798
-606,2,-798
-606,2,-798
-606,2,-797
-606,2,-797
-606,2,-797
-607,2,-797
-607,2,-797
-607,2,-797
-608,2,-796
-609,2,-796
-609,2,-796
-609,2,-796
-610,2,-795
-610,2,-795
-610,2,-795
-611,2,-795
-611,2,-795
-612,2,-794
-614,2,-793
-615,2,-792
-615,2,-792
-615,2,-792
-615,2,-792
-616,2,-791
-618,2,-790
-621,1,-789
-622,2,-788
-623,2,-788
-623,1,-788
-623,2,-787
-623,2,-787
-623,2,-787
-623,2,-787
-624,1,-787
-624,2,-787
-624,2,-787
-624,2,-787
-624,2,-787
-625,2,-786
-625,2,-786
-626,2,-786
-626,2,-786
-626,2,-786
-626,2,-786
-626,1,-786
-626,2,-786
-626,2,-786
-626,1,-785
-627,2,-785
-627,2,-785
-627,2,-785
-628,2,-785
-628,2,-785
-628,2,-784
-629,1,-784
-629,2,-784
-629,2,-784
-629,2,-784
-630,2,-783
-630,2,-783
-630,1,-783
-630,2,-783
-631,2,-783
-631,2,-783
-631,2,-783
-632,2,-782
-632,2,-782
-632,2,-782
-632,1,-782
-632,2,-782
-632,2,-782
-632,2,-782
-632,2,-782
-632,2,-782
-632,2,-782
-632,2,-782
-632,1,-782
-632,1,-782
-632,2,-782
-632,1,-782
-632,2,-782
-632,2,-782
-632,2,-782
-632,1,-782
-632,2,-782
-632,1,-782
-632,2,-782
-632,1,-782
-632,2,-782
-632,1,-782
-632,2,-782
-632,1,-782
-632,2,-782
-632,1,-782
-632,2,-782
-632,2,-782
-632,2,-782
-632,2,-782
-632,2,-782
-632,2,-782
-632,1,-782
-632,1,-782
-632,1,-782
-632,2,-782
-632,2,-782
-632,2,-782
-632,2,-782
-632,2,-782
-632,1,-782
-632,2,-782
-632,1,-782
-632,2,-782
-632,1,-782
-632,2,-782
-632,1,-782
-632,1,-782
-632,1,-782
-632,2,-782
-632,1,-782
-632,2,-782
-632,1,-782
-632,1,-782
-632,1,-782
-632,1,-782
-632,2,-782
-632,1,-782
-632,1,-782
-632,2,-782
-632,2,-782
-632,1,-782
-632,2,-782
-632,1,-782
-632,2,-782
-632,1,-782
-632,2,-782
-632,1,-782
-632,2,-782
-632,1,-782
-632,2,-782
-632,2,-782
-632,2,-782
-632,1,-782
-632,2,-782
-632,2,-782
-632,1,-782
-632,1,-782
-632,2,-782
-632,1,-782
-632,2,-782
-632,1,-782
-632,2,-782
-632,1,-782
-632,2,-782
-632,1,-782
-632,2,-782
-632,1,-782
-632,2,-782
-632,1,-782
-632,2,-782
-632,1,-782
-632,2,-782
-632,1,-782
-632,2,-782
-632,1,-782
-632,2,-782
-632,1,-782
-632,2,-782
-632,1,-782
-632,2,-782
-632,1,-782
-632,2,-782
-632,1,-782
-632,2,-782
-632,1,-782
-632,1,-782
-632,1,-782
-632,2,-782
-632,1,-782
-632,2,-782
-632,2,-782
-632,1,-782
-632,2,-782
-632,2,-782
-632,2,-782
-632,2,-782
-632,2,-782
-632,1,-782
-632,2,-782
-632,2,-782
-632,1,-782
-632,2,-782
-632,2,-782
-632,2,-782
-632,2,-782
-632,2,-782
-632,1,-782
-632,2,-782
-632,2,-782
-632,2,-782
-632,2,-782
-632,2,-782
-632,1,-782
-632,2,-782
-632,2,-782
-632,1,-782
-632,2,-782
-632,2,-782
-632,2,-782
-632,2,-782
-632,1,-782
-632,2,-782
-632,2,-782
-632,2,-782
-632,2,-782
-632,2,-782
-632,1,-782
-632,2,-782
-632,2,-782
-632,1,-782
-632,1,-782
-632,2,-782
-632,2,-782
-632,2,-782
-632,2,-782
-632,2,-782
-632,2,-782
-632,2,-782
-632,1,-782
-632,2,-782
-632,1,-782
-632,2,-782
-632,2,-782
-632,1,-782
-632,2,-782
-632,2,-782
-632,2,-782
-632,2,-782
-632,2,-782
-632,2,-782
-632,2,-782
-632,2,-782
-632,2,-782
-632,2,-782
-632,2,-782
-632,2,-782
-632,1,-782
-632,2,-782
-632,2,-782
-632,2,-782
-632,2,-782
-632,2,-782
-632,2,-782
-632,2,-782
-632,1,-782
-632,2,-782
-632,2,-782
-632,1,-782
-632,2,-782
-632,2,-782
-632,2,-782
-632,2,-782
-632,2,-782
-632,2,-782
-632,1,-782
-632,2,-782
-632,2,-782
-632,2,-782
-632,2,-782
-632,1,-782
-632,2,-782
-632,2,-782
-632,2,-782
-632,2,-782
-632,2,-782
-632,2,-782
-632,2,-782
-632,2,-782
-632,2,-782
-632,2,-782
-632,2,-782
-632,2,-782
-632,1,-782
-632,2,-782
-632,2,-782
-632,2,-782
-632,2,-782
-632,2,-782
-632,2,-782
-632,2,-782
-632,1,-782
-632,2,-782
-632,2,-782
-632,2,-782
-632,2,-782
-632,1,-782
-632,2,-782
-632,2,-782
-632,2,-782
-632,2,-782
-632,2,-782
-632,2,-782
-632,2,-782
-632,1,-782
-632,2,-782
-632,2,-782
-632,2,-782
-632,2,-782
-632,2,-782
-632,2,-782
-632,2,-782
-632,1,-782
-632,2,-782
-632,2,-782
-632,1,-782
-632,2,-782
-632,1,-782
-632,2,-782
-632,2,-782
-632,2,-782
-632,2,-782
-632,2,-782
-632,2,-782
-632,2,-782
-632,2,-782
-632,2,-782
-632,2,-782
-632,2,-782
-632,2,-782
-632,1,-782
-632,2,-782
-632,2,-782
-632,1,-782
-632,2,-782
-632,2,-782
-632,2,-782
-632,2,-782
-632,2,-782
-632,2,-782
-632,2,-782
-632,1,-782
-632,2,-782
-632,1,-782
-632,2,-782
-632,2,-782
-632,1,-782
-632,2,-782
-632,2,-782
-632,1,-782
-632,2,-782
-632,2,-782
-632,2,-782
-632,2,-782
-632,1,-782
-632,2,-782
-632,2,-782
-632,2,-782
-632,2,-782
-632,2,-782
-632,2,-782
-632,2,-782
-632,1,-782
-632,2,-782
-632,2,-782
-632,2,-782
-632,2,-782
-632,2,-782
-632,2,-782
-632,2,-782
-632,2,-782
-632,2,-782
-632,2,-782
-632,2,-782
-632,2,-782
-632,2,-782
-632,2,-782
-632,2,-782
-632,2,-782
-632,2,-782
-632,2,-782
-632,2,-782
-632,1,-782
-632,2,-782
-632,2,-782
-632,2,-782
-632,2,-782
-632,2,-782
-632,2,-782
-632,2,-782
-632,2,-782
-632,2,-782
-632,2,-782
-632,2,-782
-632,2,-782
-632,1,-782
-632,2,-782
-632,2,-782
-632,2,-782
-632,2,-782
-632,2,-782
-632,2,-782
-632,2,-782
-632,2,-782
-632,2,-782
-632,2,-782
-632,2,-782
-632,2,-782
-632,2,-782
-632,2,-782
-632,2,-782
-632,2,-782
-632,1,-782
-632,2,-782
-632,2,-782
-632,2,-782
-632,2,-782
-632,2,-782
-632,2,-782
-632,2,-782
-632,1,-782
-632,2,-782
-632,2,-782
-632,2,-782
-632,2,-782
-632,2,-782
-632,1,-782
-632,2,-782
-632,2,-782
-632,1,-782
-632,2,-782
-632,2,-782
-632,2,-782
-632,2,-782
-632,2,-782
-632,2,-782
-632,2,-782
-632,2,-782
-632,2,-782
-632,2,-782
-632,2,-782
-632,2,-782
-632,2,-782
-632,1,-782
-632,2,-782
-632,1,-782
-632,2,-782
-632,2,-782
-632,1,-782
-632,2,-782
-632,2,-782
-632,1,-782
-632,2,-782
-632,2,-782
-632,2,-782
-632,2,-782
-632,2,-782
-632,2,-782
-632,2,-782
-632,2,-782
-632,2,-782
-632,2,-782
-632,2,-782
-632,2,-782
-632,2,-782
-632,1,-782
-632,2,-782
-632,2,-782
-632,2,-782
-632,2,-782
-632,2,-782
-632,2,-782
-632,2,-782
-632,1,-782
-632,2,-782
-632,2,-782
-632,2,-782
-632,2,-782
-632,2,-782
-632,2,-782
-632,2,-782
-632,2,-782
-632,2,-782
-632,2,-782
-632,1,-782
-632,2,-782
-632,2,-782
-632,2,-782
-632,2,-782
-632,2,-782
-632,2,-782
-632,2,-782
-632,2,-782
-632,2,-782
-632,1,-782
-632,2,-782
-632,2,-782
-632,2,-782
-632,2,-782
-632,2,-782
-632,1,-782
-632,2,-782
-632,1,-782
-632,2,-782
-632,2,-782
-632,2,-782
-632,2,-782
-632,2,-782
-632,2,-782
-632,2,-782
-632,1,-782
-632,1,-782
-632,2,-782
-632,2,-782
-632,2,-782
-632,2,-782
-632,1,-782
-632,2,-782
-632,2,-782
-632,2,-782
-632,2,-782
-632,2,-782
-632,2,-782
-632,2,-782
-632,2,-782
-632,1,-782
-632,2,-782
-632,1,-782
-632,2,-782
-632,2,-782
-632,2,-782
-632,2,-782
-632,2,-782
-632,2,-782
-632,2,-782
-632,2,-782
-632,2,-782
-632,2,-782
-632,2,-782
-632,2,-782
-632,2,-782
-632,2,-782
-632,2,-782
-632,2,-782
-632,2,-782
-632,2,-782
-632,1,-782
-632,1,-782
-632,2,-782
-632,2,-782
-632,1,-782
-632,2,-782
-632,2,-782
-632,2,-782
-632,2,-782
-632,2,-782
-632,2,-782
-632,2,-782
-632,2,-782
-632,2,-782
-632,2,-782
-632,2,-782
-632,2,-782
-632,1,-782
-632,2,-782
-632,1,-782
-632,2,-782
-632,2,-782
-632,2,-782
-632,2,-782
-632,2,-782
-632,2,-782
-632,2,-782
-632,1,-782
-632,2,-782
-632,2,-782
-632,2,-782
-632,1,-782
-632,2,-782
-632,2,-782
-632,1,-782
-632,2,-782
-632,2,-782
-632,1,-782
-632,2,-782
-632,2,-782
-632,2,-782
-632,2,-782
-632,1,-782
-632,2,-782
-632,1,-782
-632,2,-782
-632,2,-782
-632,1,-782
-632,2,-782
-632,1,-782
-632,2,-782
-632,2,-782
-632,2,-782
-632,2,-782
-632,2,-782
-632,2,-782
-632,1,-782
-632,2,-782
-632,2,-782
-632,2,-782
-632,2,-782
-632,1,-782
-632,2,-782
-632,1,-782
-632,2,-782
-632,2,-782
-632,1,-782
-632,2,-782
-632,2,-782
-632,2,-782
-632,2,-782
-632,2,-782
-632,2,-782
-632,1,-782
-632,2,-782
-632,2,-782
-632,2,-782
-632,2,-782
-632,2,-782
-632,2,-782
-632,2,-782
-632,2,-782
-632,2,-782
-632,2,-782
-632,2,-782
-632,2,-782
-632,2,-782
-632,1,-782
-632,2,-782
-632,2,-782
-632,2,-782
-632,2,-782
-632,2,-782
-632,2,-782
-632,2,-782
-632,2,-782
-632,2,-782
-632,2,-782
-632,2,-782
-632,2,-782
-632,2,-782
-632,2,-782
-632,2,-782
-632,2,-782
-632,2,-782
-632,2,-782
-632,2,-782
-632,1,-782
-632,2,-782
-632,2,-782
-632,2,-782
-632,2,-782
-632,2,-782
-632,2,-782
-632,1,-782
-632,2,-782
-632,2,-782
-632,2,-782
-632,2,-782
-632,2,-782
-632,1,-782
-632,2,-782
-632,2,-782
-632,1,-782
-632,2,-782
-632,2,-782
-632,2,-782
-632,2,-782
-632,2,-782
-632,2,-782
-632,2,-782
-632,2,-782
-632,2,-782
-632,2,-782
-632,2,-782
-632,2,-782
-632,2,-782
-632,2,-782
-632,2,-782
-632,1,-782
-632,2,-782
-632,2,-782
-632,1,-782
-632,2,-782
-632,2,-782
-632,1,-782
-632,2,-782
-632,2,-782
-632,1,-782
-632,2,-782
-632,2,-782
-632,2,-782
-632,2,-782
-632,2,-782
-632,2,-782
-632,2,-782
-632,2,-782
-632,2,-782
-632,2,-782
-632,2,-782
-632,2,-782
-632,2,-782
-632,2,-782
-632,2,-782
-632,2,-782
-632,1,-782
-632,2,-782
-632,2,-782
-632,2,-782
-632,2,-782
-632,2,-782
-632,2,-782
-632,2,-782
-632,2,-782
-632,2,-782
-632,2,-782
-632,2,-782
-632,2,-782
-632,1,-782
-632,2,-782
-632,2,-782
-632,2,-782
-632,2,-782
-632,2,-782
-632,2,-782
-632,2,-782
-632,2,-782
-632,1,-782
-632,2,-782
-632,2,-782
-632,2,-782
-632,2,-782
-632,1,-782
-632,2,-782
-632,2,-782
-632,1,-782
-632,2,-782
-632,2,-782
-632,1,-782
-632,2,-782
-632,2,-782
-632,1,-782
-632,2,-782
-632,2,-782
-632,2,-782
-632,2,-782
-632,2,-782
-632,2,-782
-632,2,-782
-632,2,-782
-632,2,-782
-632,2,-782
-632,1,-782
-632,2,-782
-632,2,-782
-632,2,-782
-632,2,-782
-632,2,-782
-632,2,-782
-632,2,-782
-632,1,-782
-632,2,-782
-632,2,-782
-632,2,-782
-632,2,-782
-632,1,-782
-632,2,-782
-632,2,-782
-632,1,-782
-632,2,-782
-632,2,-782
-632,2,-782
-632,2,-782
-632,2,-782
-632,1,-782
-632,2,-782
-632,2,-782
-632,2,-782
-632,2,-782
-632,2,-782
-632,2,-782
-632,2,-782
-632,1,-782
-632,2,-782
-632,2,-782
-632,2,-782
-632,2,-782
-632,1,-782
-632,2,-782
-632,2,-782
-632,1,-782
-632,2,-782
-632,2,-782
-632,2,-782
-632,2,-782
-632,2,-782
-632,2,-782
-632,2,-782
-632,2,-782
-632,2,-782
-632,2,-782
-632,2,-782
-632,2,-782
-632,2,-782
-632,2,-782
-632,2,-782
-632,2,-782
-632,2,-782
-632,1,-782
-632,2,-782
-632,2,-782
-632,1,-782
-632,2,-782
-632,1,-782
-632,2,-782
-632,2,-782
-632,2,-782
-632,2,-782
-632,1,-782
-632,2,-782
-632,2,-782
-632,2,-782
-632,1,-782
-632,2,-782
-632,2,-782
-632,2,-782
-632,2,-782
-632,2,-782
-632,2,-782
-632,2,-782
-632,2,-782
-632,2,-782
-632,2,-782
-632,2,-782
-632,2,-782
-632,2,-782
-632,2,-782
-632,1,-782
-632,2,-782
-632,2,-782
-632,2,-782
-632,2,-782
-632,2,-782
-632,2,-782
-632,2,-782
-632,1,-782
-632,2,-782
-632,2,-782
-632,2,-782
-632,2,-782
-632,1,-782
-632,2,-782
-632,2,-782
-632,2,-782
-632,2,-782
-632,2,-782
-632,2,-782
-632,2,-782
-632,2,-782
-632,2,-782
-632,1,-782
-632,2,-782
-632,2,-782
-632,2,-782
-632,2,-782
-632,1,-782
-632,2,-782
-632,2,-782
-632,2,-782
-632,2,-782
-632,2,-782
-632,2,-782
-632,2,-782
-632,2,-782
-632,2,-782
-632,1,-782
-632,2,-782
-632,2,-782
-632,1,-782
-632,2,-782
-632,2,-782
-632,2,-782
-632,2,-782
-632,2,-782
-632,2,-782
-632,2,-782
-632,2,-782
-632,2,-782
-632,1,-782
-632,2,-782
-632,2,-782
-632,1,-782
-632,2,-782
-632,2,-782
-632,1,-782
-632,2,-782
-632,1,-782
-632,2,-782
-632,2,-782
-632,1,-782
-632,2,-782
-632,2,-782
-632,2,-782
-632,2,-782
-632,2,-782
-632,2,-782
-632,2,-782
-632,2,-782
-632,2,-782
-632,2,-782
-632,1,-782
-632,2,-782
-632,2,-782
-632,2,-782
-632,2,-782
-632,1,-782
-632,2,-782
-632,2,-782
-632,2,-782
-632,2,-782
-632,2,-782
-632,1,-782
-632,2,-782
-632,2,-782
-632,2,-782
-632,2,-782
-632,2,-782
-632,2,-782
-632,2,-782
-632,1,-782
-632,2,-782
-632,2,-782
-632,2,-782
-632,2,-782
-632,2,-782
-632,2,-782
-632,2,-782
-632,1,-782
-632,2,-782
-632,2,-782
-632,2,-782
-632,2,-782
-632,2,-782
-632,2,-782
-632,2,-782
-632,2,-782
-632,2,-782
-632,2,-782
-632,2,-782
-632,2,-782
-632,2,-782
-632,2,-782
-632,2,-782
-632,1,-782
-632,2,-782
-632,2,-782
-632,2,-782
-632,2,-782
-632,1,-782
-632,2,-782
-632,2,-782
-632,2,-782
-632,2,-782
-632,2,-782
-632,2,-782
-632,2,-782
-632,2,-782
-632,2,-782
-632,1,-782
-632,1,-782
-632,2,-782
-632,2,-782
-632,2,-782
-632,2,-782
-632,1,-782
-632,2,-782
-632,2,-782
-632,2,-782
-632,2,-782
-632,2,-782
-632,2,-782
-632,2,-782
-632,2,-782
-632,2,-782
-632,2,-782
-632,2,-782
-632,1,-782
-632,2,-782
-632,1,-782
-632,2,-782
-632,2,-782
-632,1,-782
-632,1,-782
-632,2,-782
-632,2,-782
-632,2,-782
-632,1,-782
-632,2,-782
-632,2,-782
-632,2,-782
-632,2,-782
-632,2,-782
-632,1,-782
-632,2,-782
-632,2,-782
-632,1,-782
-632,2,-782
-632,2,-782
-632,2,-782
-632,2,-782
-632,1,-782
-632,2,-782
-632,2,-782
-632,2,-782
-632,2,-782
-632,1,-782
-632,2,-782
-632,2,-782
-632,1,-782
-632,2,-782
-632,2,-782
-632,2,-782
-632,2,-782
-632,2,-782
-632,2,-782
-632,2,-782
-632,2,-782
-632,1,-782
-632,2,-782
-632,2,-782
-632,1,-782
-632,2,-782
-632,2,-782
-632,1,-782
-632,2,-782
-632,2,-782
-632,2,-782
-632,2,-782
-632,2,-782
-632,2,-782
-632,1,-782
-632,2,-782
-632,2,-782
-632,2,-782
-632,2,-782
-632,2,-782
-632,2,-782
-632,2,-782
-632,2,-782
-632,2,-782
-632,1,-782
-632,2,-782
-632,2,-782
-632,1,-782
-632,2,-782
-632,2,-782
-632,2,-782
-632,2,-782
-632,2,-782
-632,1,-782
-632,2,-782
-632,2,-782
-632,2,-782
-632,1,-782
-632,2,-782
-632,2,-782
-632,2,-782
-632,2,-782
-632,2,-782
-632,2,-782
-632,2,-782
-632,1,-782
-632,2,-782
-632,2,-782
-632,1,-782
-632,2,-782
-632,2,-782
-632,2,-782
-632,2,-782
-632,1,-782
-632,2,-782
-632,1,-782
-632,2,-782
-632,2,-782
-632,2,-782
-632,2,-782
-632,2,-782
-632,2,-782
-632,2,-782
-632,1,-782
-631,1,-782
-629,1,-781
-629,2,-781
-627,1,-780
-627,2,-780
-627,2,-780
-628,1,-781
-628,2,-781
-628,2,-781
-628,2,-781
-629,2,-782
-629,1,-782
-630,2,-783
-631,2,-783
-631,1,-783
-631,2,-783
-631,1,-783
-631,2,-783
-632,2,-784
-632,2,-784
-632,2,-784
-632,2,-784
-631,2,-783
-631,2,-783
-631,2,-783
-629,2,-783
-629,1,-783
-629,2,-783
-629,2,-783
-629,2,-783
-629,2,-783
-630,1,-782
-630,2,-782
-630,1,-782
-630,2,-782
-630,1,-782
-630,2,-782
-629,2,-783
-629,2,-783
-628,2,-783
-628,2,-783
-628,2,-783
-626,2,-784
-626,2,-784
-625,2,-784
-622,2,-785
-622,2,-785
-622,2,-785
-622,2,-785
-622,2,-785
-622,2,-785
-622,2,-785
-622,1,-785
-600,2,-808
-602,2,-808
-602,2,-808
-602,2,-808
-602,2,-808
-666,2,-826
-666,2,-826
-666,2,-826
-666,1,-826
-665,2,-824
-664,1,-822
-637,2,-823
-648,2,-788
-646,2,-787
-645,2,-787
-645,2,-787
-645,1,-787
-645,2,-787
-645,2,-787
-644,2,-787
-644,2,-787
-644,1,-787
-642,2,-786
-640,2,-786
-640,2,-786
-640,1,-786
-640,2,-786
-640,2,-786
-640,1,-786
-640,2,-786
-639,2,-786
-639,1,-786
-639,2,-786
-639,2,-786
-639,2,-786
-638,2,-786
-638,2,-786
-638,2,-786
-636,2,-785
-645,2,-785
-552,2,-789
-552,2,-789
-576,2,-788
-576,2,-788
-576,2,-788
-576,2,-788
-576,2,-788
-576,2,-788
-576,2,-787
-576,2,-787
-576,2,-787
-576,2,-786
-576,2,-786
-576,2,-785
-576,2,-785
-576,2,-785
-578,2,-785
-578,2,-785
-578,2,-785
-579,2,-785
-579,2,-785
-579,2,-785
-582,2,-784
-582,2,-784
-582,2,-784
-582,2,-783
-582,2,-783
-582,2,-783
-582,2,-783
-582,2,-783
-582,2,-783
-582,2,-783
-582,2,-783
-582,2,-782
-582,2,-782
-582,2,-782
-582,2,-782
-582,2,-782
-582,2,-782
-582,2,-782
-582,2,-782
-582,2,-782
-582,2,-781
-582,2,-781
-582,2,-781
-582,2,-781
-582,2,-781
-582,2,-781
-582,2,-781
-582,2,-781
-582,2,-781
-582,2,-781
-582,2,-781
-582,2,-781
-582,2,-781
-582,2,-780
-582,2,-780
-582,2,-779
-582,2,-779
-582,2,-778
-582,2,-778
-582,2,-778
-582,2,-778
-582,2,-778
-582,2,-778
-582,2,-778
-582,2,-778
-582,2,-778
-582,2,-778
-582,2,-778
-582,2,-778
-582,2,-778
-582,2,-777
-582,2,-777
-582,2,-777
-582,2,-777
-582,2,-777
-582,2,-777
-582,2,-777
-582,2,-777
-582,2,-777
-582,2,-777
-582,2,-777
-582,2,-777
-582,2,-777
-582,2,-777
-582,2,-777
-582,2,-777
-582,2,-777
-582,2,-777
-582,2,-777
-582,2,-777
-582,2,-777
-582,2,-777
-582,2,-777
-582,2,-777
-582,2,-777
-582,2,-777
-582,2,-777
-582,2,-777
-582,2,-777
-582,2,-777
-582,2,-777
-582,2,-777
-582,2,-777
-582,2,-777
-582,2,-777
-582,2,-777
-582,2,-777
-582,2,-777
-582,2,-777
-582,2,-777
-582,2,-777
-582,2,-777
-582,2,-777
-582,2,-777
-582,2,-777
-582,2,-777
-582,2,-777
-582,2,-777
-582,2,-777
-582,2,-777
-582,2,-777
-582,2,-777
-582,2,-777
-582,2,-777
-582,2,-777
-582,2,-777
-582,2,-777
-582,2,-777
-582,2,-777
-582,2,-777
-582,2,-777
-582,2,-777
-582,2,-777
-582,2,-777
-582,2,-777
-582,2,-777
-582,2,-777
-582,2,-777
-582,2,-777
-582,2,-777
-582,2,-777
-582,2,-777
-582,2,-777
-582,2,-777
-582,2,-777
-582,2,-777
-582,2,-777
-582,2,-777
-582,2,-777
-582,2,-777
-582,2,-777
-582,2,-777
-582,2,-777
-582,2,-777
-582,2,-777
-582,2,-777
-582,2,-777
-582,2,-778
-582,2,-778
-582,2,-778
-582,2,-778
-582,2,-778
-582,2,-778
-582,2,-778
-582,2,-778
-582,2,-778
-582,2,-778
-582,2,-778
-582,2,-778
-582,2,-778
-582,2,-778
-582,2,-778
-582,2,-778
-582,2,-778
-582,2,-778
-582,2,-778
-582,2,-778
-582,2,-778
-582,2,-778
-582,2,-778
-582,2,-778
-582,2,-778
-582,2,-778
-582,2,-778
-582,2,-778
-582,2,-778
-582,2,-778
-582,2,-778
-582,2,-778
-582,2,-778
-582,2,-778
-582,2,-778
-582,2,-778
-582,2,-778
-582,2,-778
-582,2,-778
-582,2,-778
-582,2,-778
-582,2,-778
-582,2,-778
-582,2,-778
-582,2,-778
-582,2,-778
-582,2,-778
-582,2,-778
-582,2,-778
-582,2,-778
-582,2,-778
-582,2,-778
-582,2,-778
-582,2,-778
-582,2,-778
-582,2,-778
-582,2,-778
-582,2,-778
-582,2,-778
-582,2,-778
-582,2,-778
-582,2,-778
-582,2,-778
-582,2,-778
-582,2,-778
-582,2,-778
-582,2,-778
-582,2,-778
-582,2,-778
-582,2,-778
-582,2,-778
-582,2,-778
-582,2,-778
-582,2,-778
-582,2,-778
-582,2,-778
-582,2,-778
-582,2,-778
-582,2,-778
-582,2,-778
-582,2,-778
-582,2,-778
-582,2,-778
-582,2,-778
-582,2,-778
-582,2,-778
-582,2,-778
-582,2,-778
-582,2,-778
-582,2,-778
-582,2,-778
-582,2,-778
-582,2,-778
-582,2,-778
-582,2,-778
-582,2,-778
-582,2,-778
-582,2,-778
-582,2,-778
-582,2,-778
-582,2,-778
-582,2,-778
-582,2,-778
-582,2,-778
-582,2,-778
-582,2,-778
-549,2,-803
-549,2,-805
-548,3,-807
-547,3,-808
-547,3,-808
-546,3,-809
-545,3,-809
-544,3,-810
-544,3,-810
-544,3,-811
-544,3,-811
-544,3,-811
-544,3,-811
-543,3,-811
-543,3,-811
-540,3,-814
-540,3,-814
-540,3,-814
-539,3,-815
-537,3,-816
-535,3,-817
-534,3,-818
-534,3,-818
-534,3,-819
-534,3,-819
-526,3,-819
-526,3,-819
-526,3,-819
-526,3,-819
-526,3,-819
-526,3,-820
-526,3,-820
-526,3,-820
-526,3,-820
-526,3,-820
-526,3,-820
-523,2,-785
-523,2,-785
-523,2,-785
-523,2,-785
-522,2,-785
-522,2,-785
-522,2,-785
-521,2,-785
-521,2,-785
-520,2,-785
-520,2,-785
-519,1,-785
-518,2,-785
-518,2,-785
-518,1,-785
-518,2,-785
-518,2,-785
-518,2,-785
-518,2,-785
-518,2,-785
-509,1,-771
-509,2,-771
-509,2,-771
-508,2,-771
-507,2,-772
-507,2,-772
-507,2,-772
-507,2,-772
-507,2,-772
-507,2,-772
-507,2,-772
-506,1,-773
-506,2,-773
-506,1,-773
-506,2,-773
-506,2,-773
-506,1,-773
-527,2,-799
-528,2,-799
-529,2,-801
-529,2,-801
-529,2,-801
-529,2,-801
-530,2,-802
-530,2,-803
-530,2,-803
-530,2,-803
-530,2,-803
-530,2,-803
-530,2,-803
-530,2,-803
-531,2,-803
-531,2,-803
-531,2,-803
-531,2,-803
-531,2,-803
-531,2,-803
-531,2,-803
-531,2,-803
-531,2,-803
-531,2,-803
-531,2,-803
-531,2,-803
-531,2,-803
-531,2,-803
-531,2,-803
-531,2,-803
-531,2,-803
-531,2,-803
-520,2,-800
-519,2,-799
-519,2,-799
-519,2,-799
-519,2,-799
-519,2,-799
-519,2,-799
-517,2,-798
-516,2,-798
-516,2,-798
-514,2,-798
-513,2,-797
-513,2,-797
-513,2,-797
-513,2,-797
-513,2,-797
-513,2,-797
-513,2,-796
-513,2,-796
-513,2,-796
-513,2,-796
-513,2,-796
-513,2,-796
-513,2,-796
-513,2,-796
-513,2,-796
-512,2,-796
-512,2,-796
-512,2,-796
-512,2,-796
-512,2,-796
-511,2,-795
-509,2,-795
-508,2,-794
-508,2,-794
-497,1,-785
-497,1,-782
-497,2,-782
-496,2,-779
-496,2,-779
-496,2,-779
-496,2,-778
-496,2,-778
-496,2,-778
-496,2,-778
-496,1,-778
-496,2,-778
-496,2,-778
-496,2,-778
-496,2,-777
-496,2,-777
-496,2,-777
-495,2,-777
-495,2,-777
-495,2,-777
-495,2,-777
-495,2,-777
-495,2,-777
-495,2,-776
-495,2,-776
-495,2,-775
-495,2,-775
-495,2,-775
-495,2,-775
-495,1,-775
-495,2,-775
-495,2,-775
-495,2,-775
-495,2,-774
-495,2,-774
-494,2,-809
-596,2,-733
-596,2,-733
-596,2,-733
-596,2,-733
-596,2,-733
-596,2,-733
-596,2,-733
-596,2,-733
-596,2,-733
-596,2,-733
-596,2,-733
-596,2,-733
-596,2,-733
-596,2,-733
-596,2,-733
-596,2,-733
-596,2,-733
-596,2,-733
-596,2,-733
-596,2,-733
-596,2,-733
-596,2,-733
-596,2,-733
-596,2,-733
-596,2,-733
-596,2,-733
-596,2,-733
-596,2,-733
-596,2,-733
-596,2,-733
-596,2,-733
-596,2,-733
-596,2,-733
-596,2,-733
-596,2,-733
-596,2,-733
-596,2,-733
-596,2,-733
-596,2,-733
-596,2,-733
-596,2,-733
-596,2,-733
-596,2,-733
-596,2,-733
-596,2,-733
-596,2,-733
-596,2,-733
-596,2,-733
-596,2,-733
-596,2,-733
-596,2,-733
-596,2,-733
-596,2,-733
-596,2,-733
-596,2,-733
-596,2,-733
-596,2,-733
-596,2,-733
-596,2,-733
-596,2,-733
-596,2,-733
-596,2,-733
-596,2,-733
-596,2,-733
-596,2,-733
-596,2,-733
-596,2,-733
-596,2,-733
-596,2,-733
-596,2,-733
-596,2,-733
-596,2,-733
-596,2,-733
-596,2,-733
-596,2,-733
-596,2,-733
-596,2,-733
-596,2,-733
-596,2,-733
-596,2,-733
-596,2,-733
-596,2,-733
-596,2,-733
-596,2,-733
-596,2,-733
-596,2,-733
-596,2,-733
-596,2,-733
-596,2,-733
-596,2,-733
-596,2,-733
-596,2,-733
-596,2,-733
-596,2,-733
-596,2,-733
-596,2,-733
-596,2,-733
-596,2,-733
-596,2,-733
-596,2,-733
-596,2,-733
-596,2,-733
-596,2,-733
-596,2,-733
-596,2,-733
-596,2,-733
-596,2,-733
-596,2,-733
-596,2,-733
-596,2,-733
-596,2,-733
-596,2,-733
-596,2,-733
-596,2,-733
-596,2,-733
-596,2,-733
-596,2,-733
-596,2,-733
-596,2,-733
-596,2,-733
-596,2,-733
-596,2,-733
-596,2,-733
-596,2,-733
-596,2,-733
-596,2,-733
-596,2,-733
-596,2,-733
-596,2,-733
-596,2,-733
-596,2,-733
-596,2,-733
-596,2,-733
-596,2,-733
-596,2,-733
-596,2,-733
-596,2,-733
-596,2,-733
-596,2,-733
-596,2,-733
-596,2,-733
-596,2,-733
-596,2,-733
-596,2,-733
-596,2,-733
-596,2,-733
-596,2,-733
-596,2,-733
-596,2,-733
-596,2,-733
-596,2,-733
-596,2,-733
-596,2,-733
-596,2,-733
-596,2,-733
-596,2,-733
-596,2,-733
-596,2,-733
-596,2,-733
-596,2,-733
-596,2,-733
-596,2,-733
-596,2,-733
-596,2,-733
-596,2,-733
-596,2,-733
-596,2,-733
-596,2,-733
-596,2,-733
-596,2,-733
-596,2,-733
-596,2,-733
-596,2,-733
-596,2,-733
-596,2,-733
-596,2,-733
-596,2,-733
-596,2,-733
-596,2,-733
-596,2,-733
-596,2,-733
-596,2,-733
-596,2,-733
-596,2,-733
-596,2,-733
-596,2,-733
-596,2,-733
-596,2,-733
-596,2,-733
-596,2,-733
-596,2,-733
-596,2,-733
-596,2,-733
-596,2,-733
-596,2,-733
-596,2,-733
-596,2,-733
-596,2,-733
-596,2,-733
-596,2,-733
-596,2,-733
-596,2,-733
-596,2,-733
-596,2,-733
-596,2,-733
-596,2,-733
-596,2,-733
-596,2,-733
-596,2,-733
-596,2,-733
-596,2,-733
-596,2,-733
-596,2,-733
-596,2,-733
-596,2,-733
-596,2,-733
-596,2,-733
-596,2,-733
-596,2,-733
-596,2,-733
-596,2,-733
-596,2,-733
-596,2,-733
-596,2,-733
-596,2,-733
-596,2,-733
-596,2,-733
-596,2,-733
-596,2,-733
-596,2,-733
-596,2,-733
-593,2,-728
-589,2,-724
-589,2,-723
-588,2,-723
-588,2,-723
-588,2,-723
-588,2,-723
-588,2,-723
-588,2,-723
-591,2,-693
-591,2,-693
-591,1,-692
-591,2,-692
-591,1,-692
-591,1,-692
-591,2,-692
-591,2,-692
-589,1,-690
-588,2,-689
-587,2,-689
-587,1,-689
-586,2,-689
-586,2,-689
-586,2,-689
-586,2,-689
-585,2,-689
-585,2,-689
-585,2,-689
-585,1,-689
-585,2,-689
-585,2,-689
-585,1,-689
-584,2,-689
-584,2,-689
-584,1,-689
-584,2,-689
-583,2,-684
-583,2,-684
-583,2,-684
-583,2,-684
-583,2,-684
-545,1,-705
-542,2,-706
-542,2,-706
-542,2,-706
-569,2,-689
-570,1,-689
-570,2,-689
-570,2,-689
-570,2,-689
-570,2,-689
-571,2,-689
-571,2,-689
-571,2,-689
-571,1,-689
-572,2,-689
-572,2,-689
-572,2,-689
-572,2,-689
-572,2,-689
-575,2,-689
-575,2,-689
-575,2,-689
-575,1,-689
-575,2,-689
-575,2,-689
-575,2,-689
-575,2,-689
-575,1,-689
-575,2,-689
-575,2,-689
-575,1,-689
-576,2,-689
-576,2,-689
-576,2,-689
-576,2,-689
-576,2,-689
-576,2,-689
-577,2,-689
-579,2,-689
-579,2,-689
-579,2,-689
-579,2,-689
-579,1,-689
-579,2,-689
-579,2,-689
-579,1,-689
-580,2,-689
-580,2,-689
-580,2,-689
-582,2,-689
-582,2,-689
-577,2,-692
-577,1,-692
-576,2,-692
-576,0,-692
-576,2,-692
-576,-1,-692
-576,2,-692
-576,-1,-692
-575,2,-693
-573,0,-694
-571,-1,-695
-570,1,-696
-570,2,-696
-570,2,-696
-570,2,-696
-570,2,-696
-570,0,-696
-569,0,-697
-569,2,-697
-568,1,-697
-567,2,-698
-567,1,-698
-566,2,-698
-566,2,-698
-565,2,-699
-562,1,-700
-561,2,-701
-561,1,-701
-560,2,-702
-558,1,-703
-557,2,-703
-557,1,-703
-557,2,-703
-557,2,-703
-557,2,-703
-557,1,-703
-557,2,-703
-557,2,-704
-557,2,-704
-555,1,-705
-554,1,-705
-554,2,-705
-553,1,-706
-553,2,-706
-553,2,-706
-553,2,-706
-553,1,-706
-553,2,-706
-553,2,-706
-553,1,-706
-553,2,-706
-553,1,-706
-553,2,-706
-553,1,-706
-553,2,-706
-553,1,-706
-553,2,-706
-553,2,-706
-553,1,-706
-553,2,-706
-553,2,-706
-553,1,-706
-553,2,-706
-553,1,-706
-553,2,-706
-553,1,-706
-553,2,-706
-553,2,-706
-553,2,-706
-553,1,-706
-553,1,-706
-553,2,-706
-553,2,-706
-553,1,-706
-553,2,-706
-553,1,-706
-553,1,-706
-553,2,-706
-553,2,-706
-553,1,-706
-553,1,-706
-553,2,-706
-553,1,-706
-553,2,-706
-553,2,-706
-553,2,-706
-553,1,-706
-553,2,-706
-553,2,-706
-553,2,-706
-553,2,-706
-553,2,-706
-553,1,-706
-553,2,-706
-553,1,-706
-553,2,-706
-553,1,-706
-553,2,-706
-553,2,-706
-553,2,-706
-553,2,-706
-553,2,-706
-553,1,-706
-553,2,-706
-553,1,-706
-553,2,-706
-553,1,-706
-553,1,-706
-553,2,-706
-553,1,-706
-553,1,-706
-553,2,-706
-553,2,-706
-553,2,-706
-553,2,-706
-553,2,-706
-553,2,-706
-553,1,-706
-553,2,-706
-553,1,-706
-553,2,-706
-553,1,-706
-553,2,-706
-553,1,-706
-553,2,-706
-553,1,-706
-553,2,-706
-553,1,-706
-553,2,-706
-553,1,-706
-553,2,-706
-553,1,-706
-553,2,-706
-553,2,-706
-553,2,-706
-553,2,-706
-553,2,-706
-553,2,-706
-553,1,-706
-558,2,-705
-558,2,-705
-557,2,-705
-557,2,-705
-557,2,-705
-557,2,-705
-557,2,-705
-557,2,-705
-556,2,-705
-556,2,-705
-556,1,-705
-555,2,-705
-555,2,-705
-555,2,-705
-553,2,-705
