-563,18,-903
-563,18,-903
-563,18,-903
-563,18,-903
-563,18,-903
-563,18,-903
-563,18,-903
-563,18,-903
-563,18,-903
-563,18,-903
-563,18,-903
-563,18,-903
-563,18,-903
-563,18,-903
-563,18,-903
-563,18,-903
-563,18,-903
-563,18,-903
-563,18,-903
-563,18,-903
-563,18,-903
-563,18,-903
-563,18,-903
-563,18,-903
-563,18,-903
-563,18,-903
-563,18,-903
-563,18,-903
-563,18,-903
-763,18,-903
-563,18,-903
-563,18,-903
-563,18,-903
-563,18,-903
-563,18,-903
-563,18,-903
-563,18,-903
-563,18,-903
-563,18,-903
-563,18,-903
-563,18,-903
-563,18,-903
-563,18,-903
-563,18,-903
-563,18,-903
-563,18,-903
-563,18,-903
-563,18,-903
-563,18,-903
-563,18,-903
-563,18,-903
-563,18,-903
-563,18,-903
-563,18,-903
-563,18,-903
-563,18,-903
-563,18,-903
-563,18,-903
-563,18,-903
-563,18,-903
-563,18,-903
-563,18,-903
-563,18,-903
-563,18,-903
-563,18,-903
-563,18,-903
-563,18,-903
-563,18,-903
-563,18,-903
-563,18,-903
-563,18,-903
-563,18,-903
-563,18,-903
-563,18,-903
-563,18,-903
-563,18,-903
-563,18,-903
-563,18,-903
-563,18,-903
-563,18,-903
-563,18,-903
-563,18,-903
-563,18,-903
-563,18,-903
-563,18,-903
-563,18,-903
-563,18,-903
-563,18,-903
-563,18,-903
-563,18,-903
-563,18,-903
-563,18,-903
-563,18,-903
-563,18,-903
-563,18,-903
-563,18,-903
-563,18,-903
-563,18,-903
-563,18,-903
-563,18,-903
-563,18,-903
-563,18,-903
-563,18,-903
-563,18,-903
-563,18,-903
-563,18,-903
-563,18,-903
-563,18,-903
-563,18,-903
-563,18,-903
-563,18,-903
-563,18,-903
-563,18,-903
-563,18,-903
-563,18,-903
-563,18,-903
-563,18,-903
-563,18,-903
-563,18,-903
-563,18,-903
-563,18,-903
-563,18,-903
-563,18,-903
-563,18,-903
-563,18,-903
-563,18,-903
-563,18,-903
-563,18,-903
-563,18,-903
-563,18,-903
-563,18,-903
-563,18,-903
-563,18,-903
-563,18,-903
-563,18,-903
-563,18,-903
-563,18,-903
-563,18,-903
-563,18,-903
-563,18,-903
-563,18,-903
-563,18,-903
-563,18,-903
-563,18,-903
-563,18,-903
