23668,160,27682
23668,160,27682
23668,160,27682
23668,160,27682
23668,160,27682
23668,160,27682
23668,160,27682
23668,160,27682
23668,160,27682
23668,160,27682
23668,160,27682
23668,160,27682
23668,160,27682
23668,160,27682
23668,160,27682
23668,160,27682
23668,160,27682
23668,160,27682
23668,160,27682
23668,160,27682
23668,160,27682
23668,160,27682
23668,160,27682
23668,160,27682
23668,160,27682
23668,160,27682
23668,160,27682
23668,160,27682
23668,160,27682
23668,160,27682
23668,160,27682
23668,160,27682
23668,160,27682
