-543,12,-975
-555,23,-983
-551,12,-972
-551,12,-973
-551,12,-973
-550,20,-974
-546,20,-958
-546,20,-958
-546,20,-958
-546,20,-958
-546,20,-958
-546,20,-958
-553,26,-982
-553,26,-982
-553,26,-982
-553,26,-982
-556,24,-987
-556,24,-987
-554,14,-982
-563,16,-999
-558,18,-992
-564,7,-998
-564,7,-998
-564,7,-998
-559,20,-996
-556,17,-969
-556,17,-969
-558,12,-981
-547,7,-978
-567,27,-997
-554,12,-977
-552,14,-987
-560,12,-987
-560,25,-1013
-569,28,-1089
-582,23,-1097
-579,23,-1101
-577,24,-1098
-578,24,-1097
-581,23,-1101
-582,23,-1097
-582,24,-1098
-583,24,-1099
-587,24,-1100
-573,33,-1107
-584,24,-1097
-584,24,-1097
-584,24,-1097
-584,24,-1097
-578,24,-1096
-578,22,-1099
-578,22,-1099
-578,22,-1102
-578,22,-1103
-578,21,-1103
-579,24,-1099
-577,21,-1104
-577,24,-1099
-574,25,-1108
-578,25,-1104
-580,24,-1098
-580,24,-1098
-584,24,-1098
-584,24,-1098
-584,24,-1098
-584,24,-1098
-584,24,-1098
-584,26,-1098
-577,24,-1099
-581,22,-1098
-585,24,-1097
-581,23,-1098
-577,24,-1097
-582,24,-1097
-582,24,-1097
-582,24,-1097
-582,24,-1097
-581,24,-1096
-583,24,-1097
-582,24,-1095
-582,24,-1095
-581,24,-1096
-581,24,-1096
-581,-177,-1096
-582,25,-1098
-587,24,-1096
-575,28,-1103
-583,24,-1096
-582,24,-1102
-582,24,-1102
-579,26,-1099
-563,23,-1084
-583,23,-1085
-579,31,-1090
-582,25,-1098
-589,24,-1096
-579,29,-1105
-579,29,-1105
-579,22,-1104
-579,21,-1102
-580,21,-1101
-581,24,-1094
-581,24,-1093
-581,24,-1093
-581,24,-1093
-581,24,-1093
-582,24,-1093
-582,24,-1095
-579,24,-1095
-583,24,-1097
-584,23,-1088
-583,26,-1129
-578,25,-1113
-583,24,-1097
-583,24,-1097
-582,24,-1097
-586,24,-1097
-583,22,-1096
-586,22,-1099
-586,23,-1101
-580,23,-1102
-588,25,-1100
-586,25,-1087
-584,25,-1098
-552,19,-986
-550,21,-981
-551,11,-986
-582,25,-1099
-586,25,-1098
-595,27,-1101
-578,24,-1100
-580,25,-1098
-580,25,-1098
-582,26,-1097
-585,24,-1099
-582,24,-1099
-582,22,-1098
-578,21,-1104
-578,29,-1104
-575,29,-1107
-581,21,-1099
-582,25,-1095
-582,24,-1101
-581,24,-1101
-581,24,-1101
-580,24,-1104
-580,20,-1103
-581,20,-1101
-579,24,-1100
-579,24,-1092
-580,24,-1092
-583,24,-1100
-583,24,-1100
-583,24,-1100
-576,24,-1100
-582,25,-1098
-588,26,-1107
-582,26,-1100
-582,31,-1103
-583,24,-1099
-580,25,-1099
-580,25,-1099
-580,25,-1099
-580,25,-1099
-580,25,-1099
-581,24,-1100
-578,24,-1099
-578,24,-1099
-578,24,-1102
-581,25,-1098
-582,27,-1094
-582,35,-1096
-582,35,-1096
-582,35,-1096
-582,35,-1101
-585,31,-1129
-584,34,-1115
-583,31,-1123
-581,24,-1097
-585,24,-1097
-577,24,-1100
-587,24,-1099
-585,24,-1099
-585,24,-1099
-581,27,-1097
-580,24,-1096
-583,24,-1094
-584,24,-1094
-577,24,-1096
-576,24,-1096
-579,25,-1096
-573,28,-1111
-624,35,-1005
-633,28,-882
-504,17,-750
-481,8,-676
-588,33,-853
-693,2,-859
-712,8,-857
-617,7,-859
-620,19,-880
-572,23,-1080
-577,32,-1095
-577,32,-1095
-577,32,-1095
-577,32,-1095
-577,32,-1095
-577,32,-1095
-577,32,-1095
-577,32,-1095
-577,32,-1095
-577,32,-1095
-577,32,-1095
-577,32,-1095
-577,32,-1095
-577,32,-1095
-577,32,-1095
-577,32,-1095
-577,32,-1095
-577,32,-1095
-577,32,-1095
-577,32,-1095
-577,32,-1095
-556,32,-1093
-569,13,-1025
-620,36,-854
-636,42,-778
-636,42,-778
-636,42,-778
-636,42,-778
-636,42,-778
-636,42,-778
-636,42,-778
-636,42,-778
-636,42,-778
-636,42,-778
-636,42,-778
-641,42,-763
-531,32,-735
-492,33,-733
-492,33,-733
-492,33,-733
-492,33,-733
-492,33,-733
-538,33,-733
-632,48,-764
-632,48,-764
-632,48,-764
-635,53,-765
-646,40,-772
-633,36,-760
-632,39,-760
-632,38,-758
-632,43,-737
-625,43,-747
-631,35,-738
-631,35,-738
-631,35,-738
-631,35,-738
-632,41,-743
-622,49,-763
-629,39,-764
231,16,-751
231,16,-751
231,16,-751
231,16,-751
233,4,-740
233,8,-740
233,8,-740
233,8,-740
233,8,-740
233,8,-740
233,8,-740
233,8,-740
233,8,-740
233,8,-740
233,8,-740
233,8,-740
233,8,-740
233,8,-740
233,8,-740
233,8,-740
233,8,-740
233,8,-740
226,8,-739
226,8,-739
226,8,-739
241,36,-782
241,36,-782
246,36,-785
242,37,-781
117,16,-660
-36,16,-507
-166,8,-367
-183,-3,-364
-245,22,-349
-245,22,-349
-245,22,-349
-245,22,-349
-245,22,-349
-245,22,-349
-255,16,-349
-139,-6,-280
-53,-14,-313
-640,36,-775
-634,36,-780
-593,5,-814
-443,3,-777
-429,5,-765
-487,8,-596
-661,4,-554
-639,3,-397
-638,3,-397
-638,3,-397
-606,11,-862
-606,11,-862
-606,11,-862
-606,11,-862
-606,11,-862
-623,7,-866
-622,7,-866
-622,7,-866
-622,7,-866
-622,7,-866
-622,7,-866
-622,7,-866
-620,9,-869
-620,9,-869
-620,9,-869
-620,9,-869
-620,9,-869
-620,9,-869
-620,9,-869
-620,9,-869
-620,9,-869
-620,9,-869
-620,9,-869
-620,9,-869
-620,9,-869
-620,9,-869
-618,13,-871
-589,14,-1000
-572,14,-1010
-551,18,-1014
-558,7,-927
-553,7,-888
-589,7,-951
-590,7,-957
-590,7,-957
-590,7,-957
-590,7,-957
-590,7,-957
-590,7,-957
-590,7,-957
-590,7,-957
-602,7,-961
-624,7,-987
-600,6,-950
-636,10,-968
-651,19,-961
-651,19,-961
-651,19,-961
-651,19,-961
-651,19,-961
-651,19,-961
-651,19,-961
-651,19,-961
-651,19,-961
-651,19,-961
-590,19,-1038
-602,24,-999
-598,17,-985
-559,8,-881
-629,7,-877
-629,7,-877
-629,7,-877
-643,11,-906
-551,7,-953
-552,7,-902
-560,7,-900
-578,7,-920
-578,7,-920
-562,7,-903
-562,7,-903
-562,7,-903
-562,7,-903
-552,7,-885
-552,20,-894
-592,7,-909
-553,6,-888
-551,8,-890
-562,11,-948
-548,19,-883
-547,19,-864
-547,19,-864
-547,19,-864
-547,19,-864
-547,19,-864
-547,19,-864
-555,25,-895
-555,19,-895
-548,-15,-895
-548,10,-895
-548,10,-895
-548,10,-895
-548,10,-895
-548,10,-895
-548,10,-895
-548,10,-895
-548,10,-895
-548,10,-895
-550,10,-876
-550,10,-876
-550,10,-864
-550,10,-864
-550,10,-864
-550,10,-864
-550,10,-864
-550,10,-864
-550,10,-864
-557,7,-872
-553,2,-856
-555,11,-884
-555,11,-884
-555,7,-884
-555,7,-884
-555,7,-884
-555,7,-884
-555,7,-884
-555,7,-884
-553,10,-894
-553,10,-894
-550,7,-890
-551,12,-897
-551,12,-897
-551,12,-897
-551,12,-897
-550,12,-890
-550,12,-890
-552,12,-977
-552,12,-981
-552,12,-981
-552,12,-981
-552,12,-981
-552,12,-981
-552,12,-981
-552,12,-981
-552,12,-981
-552,12,-981
-552,12,-981
-552,12,-981
-552,12,-981
-552,12,-981
-552,12,-981
-552,12,-981
-552,12,-981
-552,12,-981
-552,12,-981
-552,12,-981
-552,12,-981
-552,12,-981
-552,12,-981
-552,12,-981
-552,12,-981
-552,12,-981
-552,12,-981
-552,12,-981
-552,12,-981
-552,12,-981
-552,12,-981
-552,12,-981
-552,12,-981
-552,12,-981
-552,12,-981
-552,12,-981
-552,12,-981
-552,12,-981
-552,12,-981
-552,12,-981
-552,12,-981
-552,12,-981
-552,12,-981
-552,12,-981
-552,12,-981
-552,12,-981
-552,12,-981
-552,12,-981
-552,12,-981
-552,12,-981
-552,12,-981
-552,12,-981
-552,12,-981
-552,12,-981
-552,12,-981
-552,12,-981
-552,12,-981
-552,12,-981
-552,12,-981
-551,8,-909
-551,8,-909
-551,8,-909
-551,8,-909
-551,8,-909
-550,8,-899
-558,11,-881
-551,7,-878
-551,13,-872
-555,13,-870
-555,13,-870
-549,8,-902
-551,8,-891
-571,23,-1319
-570,23,-1316
-533,9,-881
-571,23,-1318
-567,23,-1315
-574,23,-1314
-574,23,-1304
-573,23,-1312
-549,9,-887
-582,20,-894
-571,6,-946
-571,6,-946
-571,6,-946
-571,6,-946
-571,6,-946
-571,6,-946
-571,6,-946
-571,6,-946
-571,6,-946
-571,6,-946
-571,6,-946
-571,6,-946
-571,6,-946
-566,7,-947
-566,7,-947
-566,7,-947
-566,7,-947
-566,7,-947
-566,7,-947
-569,15,-914
-577,7,-889
-583,7,-982
-643,7,-983
-556,18,-986
-614,9,-859
-622,43,-770
-622,43,-770
-622,43,-770
-622,43,-770
-622,43,-770
-622,35,-767
-622,35,-767
-622,35,-767
-623,36,-759
-625,38,-760
-633,1,-764
-630,48,-769
-620,40,-775
-620,40,-775
-619,35,-766
-619,35,-766
-619,35,-766
-619,35,-766
-619,35,-766
-619,35,-766
-619,35,-766
-619,35,-766
-624,37,-757
-624,37,-757
-624,37,-757
-624,37,-757
-624,37,-757
-624,37,-757
-624,37,-757
-622,40,-763
-622,40,-763
-650,35,-751
-650,48,-766
-647,35,-756
-647,35,-756
-647,35,-756
-647,35,-756
-647,35,-756
-647,35,-756
-647,35,-756
-647,35,-756
-647,35,-756
-647,35,-756
-647,35,-756
-647,35,-756
-647,35,-756
-647,35,-756
-630,36,-764
-630,36,-764
-633,42,-764
-633,42,-764
-633,42,-764
-633,42,-764
-633,42,-764
-633,42,-764
-633,42,-764
-631,41,-764
-631,41,-764
-631,41,-764
-631,41,-764
-631,41,-764
-631,41,-764
-631,41,-764
-631,41,-764
-631,41,-764
-631,41,-764
-631,41,-764
-631,41,-764
-631,41,-764
-632,36,-772
-645,36,-780
-642,36,-775
-629,36,-772
-636,36,-774
-638,36,-773
-638,36,-773
-643,36,-772
-632,39,-779
-634,44,-769
-646,36,-769
-656,39,-781
-643,36,-770
-637,39,-776
-629,63,-774
-631,49,-762
-645,36,-755
-621,38,-772
-636,1,-810
-637,38,-771
-640,37,-781
-632,40,-778
-646,35,-787
-621,6,-864
-626,7,-871
-626,8,-871
-618,8,-868
-617,8,-868
-625,8,-872
-625,8,-872
-619,18,-840
-610,46,-787
-622,8,-863
-619,8,-868
-619,8,-868
-619,8,-868
-623,8,-866
-614,4,-873
-615,7,-880
-615,7,-880
-615,7,-880
-615,7,-880
-615,7,-880
-615,7,-880
-615,7,-880
-615,7,-880
-615,7,-880
-615,7,-880
-615,7,-880
-615,7,-880
-615,7,-880
-615,7,-880
-615,7,-880
-615,7,-880
-615,7,-880
-615,7,-880
-615,7,-880
-615,7,-880
-615,7,-880
-615,7,-880
-615,7,-880
-615,7,-880
-615,7,-880
-615,7,-880
-615,7,-880
-615,7,-880
-615,7,-880
-615,7,-880
-615,7,-880
-615,7,-880
-615,7,-880
-615,7,-880
-615,7,-880
-615,7,-880
-615,7,-880
-615,7,-880
-615,7,-880
-615,7,-880
-615,7,-880
-615,7,-880
-615,7,-880
-615,7,-880
-615,7,-880
-615,7,-880
-615,7,-880
-615,7,-880
-615,7,-880
-615,7,-880
-615,7,-880
-615,7,-880
-615,7,-880
-615,7,-880
-615,7,-880
-615,7,-880
-615,7,-880
-615,7,-880
-615,7,-880
-615,7,-880
-615,7,-880
-615,7,-880
-615,7,-880
-615,7,-880
-615,7,-880
-615,7,-880
-615,7,-880
-615,7,-880
-615,7,-880
-615,7,-880
-615,7,-880
-615,7,-880
-625,7,-892
-608,14,-853
-593,20,-800
-593,20,-800
-593,20,-800
-623,38,-750
-615,38,-727
-615,38,-727
-615,38,-727
-615,38,-727
-615,38,-727
-615,38,-727
-615,38,-727
3091,5924,14712
3096,5914,14715
3038,5899,14738
3038,5899,14738
3007,5894,14769
2963,5826,14825
2957,5794,14868
2964,5807,14849
3009,5883,14795
3078,5923,14744
3138,5902,14654
3136,5892,14659
3169,5888,14645
3261,5888,14624
3329,5768,14624
3329,5697,14694
3265,5586,14719
3339,5533,14717
3419,5491,14730
-641,36,-776
-647,36,-765
1131,14152,-905
1142,14144,-1002
1209,14101,-1029
-640,36,-775
-642,36,-761
-642,36,-761
-639,36,-761
-639,36,-761
-639,36,-761
-639,36,-761
-639,36,-761
-639,36,-761
-639,36,-761
-639,36,-761
-639,36,-761
-639,36,-761
-639,36,-761
-639,36,-761
-639,36,-761
-639,36,-761
-642,36,-761
-639,36,-772
-639,36,-772
-639,36,-772
-639,36,-772
-639,36,-772
-639,36,-772
-639,36,-772
-639,36,-772
-639,36,-772
-639,38,-772
-639,38,-772
-639,38,-772
-639,38,-772
-639,38,-772
-639,38,-772
-646,35,-779
-644,36,-778
-627,34,-806
-633,36,-773
-617,7,-867
-623,7,-861
-624,7,-862
-624,7,-861
-624,7,-861
-624,7,-861
-623,7,-863
-619,7,-868
-619,7,-868
-619,7,-868
-619,7,-868
-619,7,-868
-619,7,-868
-619,7,-868
-619,7,-868
-619,7,-868
-619,7,-868
-619,7,-868
-619,7,-868
-619,7,-868
-619,7,-868
-619,7,-868
-619,7,-868
-619,7,-868
-619,7,-868
-619,7,-868
-619,7,-868
-619,7,-868
-619,7,-868
-619,7,-868
-619,7,-868
-619,7,-868
-619,7,-868
-619,7,-868
-619,7,-868
-619,7,-868
-619,7,-868
-619,7,-868
-620,7,-866
-620,7,-866
-620,7,-866
-620,7,-866
-620,7,-866
-620,7,-866
-620,7,-866
-620,7,-866
-620,7,-866
-620,7,-866
-622,7,-865
-622,8,-871
-622,8,-871
-622,8,-871
-622,8,-871
-622,8,-871
-622,8,-871
-622,8,-871
-622,8,-871
-622,8,-871
-619,8,-862
-541,31,-759
-501,12,-687
-447,4,-590
-453,5,-591
-457,45,-595
-457,45,-595
-457,45,-595
-457,45,-595
-457,45,-595
-457,45,-595
-457,45,-595
-457,45,-595
-457,45,-595
-457,45,-595
-474,15,-639
-484,16,-674
-484,16,-674
-484,16,-674
-485,16,-674
-622,8,-865
-622,8,-865
-622,8,-865
-622,8,-865
-622,8,-865
-622,8,-865
-622,8,-865
-622,8,-865
-622,8,-865
-622,8,-865
-622,8,-865
-622,8,-865
-622,8,-865
-622,8,-865
-622,8,-865
-622,8,-865
-560,38,-867
-368,50,-903
-212,53,-914
3,37,-945
212,37,-956
336,35,-947
343,33,-945
343,33,-947
343,33,-947
343,33,-947
244,37,-953
197,36,-959
197,36,-959
197,36,-959
225,33,-953
337,37,-963
380,40,-984
339,38,-955
322,38,-957
370,44,-985
361,57,-968
325,38,-946
338,44,-954
319,38,-941
319,38,-941
319,38,-941
319,38,-941
317,41,-949
344,43,-947
320,38,-942
320,38,-942
320,38,-942
320,38,-942
320,38,-942
320,38,-942
320,38,-942
320,38,-942
320,38,-942
337,41,-948
337,42,-948
359,35,-961
330,38,-925
344,44,-950
344,38,-956
327,41,-939
338,36,-948
338,36,-948
338,36,-948
342,35,-947
270,34,-956
328,38,-943
328,38,-943
328,38,-943
328,38,-943
328,38,-943
245,34,-922
288,33,-953
327,39,-930
321,38,-943
321,38,-943
349,35,-978
327,39,-949
341,45,-929
341,45,-929
335,46,-948
343,44,-958
343,44,-958
343,44,-958
343,46,-958
355,33,-933
338,40,-961
341,33,-974
261,35,-952
-675,8,-858
-777,25,-1045
-798,22,-1089
-798,22,-1089
-798,22,-1089
-823,21,-1158
-783,19,-1126
-794,24,-1120
-812,27,-1115
-732,24,-1228
-731,24,-1229
-731,24,-1229
-731,24,-1229
-731,24,-1229
-731,24,-1229
-732,28,-1234
-768,24,-1231
-771,23,-1176
-771,23,-1174
-771,23,-1174
-771,23,-1174
-771,23,-1174
-771,23,-1174
-771,25,-1174
-771,25,-1174
-771,25,-1174
-771,25,-1174
-771,25,-1174
-771,25,-1174
-771,23,-1174
-771,23,-1174
-771,23,-1174
-771,23,-1174
-771,23,-1174
-771,23,-1174
-771,23,-1174
-771,23,-1174
-771,23,-1174
-771,23,-1174
-771,23,-1174
-771,24,-1174
-771,24,-1174
-771,24,-1174
-771,24,-1174
-771,24,-1174
-771,24,-1174
-771,24,-1174
-771,24,-1174
-771,24,-1174
-771,24,-1174
-771,24,-1174
-771,24,-1174
-771,24,-1174
-771,24,-1174
-738,60,-1138
-584,25,-1099
-501,58,-1078
-287,58,-1033
-73,60,-987
143,60,-941
357,60,-895
573,60,-849
485,42,-877
345,46,-935
324,34,-941
-619,12,-732
-555,16,-726
-622,11,-872
-642,6,-911
-648,22,-1030
-624,8,-993
-624,8,-993
-602,15,-998
-603,17,-996
-603,16,-998
-603,14,-998
-603,17,-998
-603,17,-998
-648,-21,-1015
-650,-19,-1017
-656,-22,-1016
-658,-21,-1027
-658,-16,-1016
-649,-21,-1017
-648,-21,-1017
-648,-21,-1017
-647,-21,-1017
-647,-21,-1015
-646,-21,-1017
-651,-21,-1016
-646,-21,-1017
-646,-20,-1017
-645,-29,-953
-643,-26,-951
-640,-25,-959
-640,-23,-952
-640,-22,-950
-633,-30,-941
-657,-14,-962
-659,4,-965
-643,-29,-946
-644,-28,-961
-643,-29,-957
-642,-28,-959
-642,-28,-960
-645,-27,-949
-645,-27,-949
-649,-29,-956
-648,-28,-960
-648,-28,-960
-648,-29,-957
-646,-29,-949
-646,-29,-949
-652,-28,-958
-648,-29,-958
-645,-29,-954
-645,-29,-954
-645,-29,-954
-645,-29,-954
-646,-29,-956
-646,-29,-956
-648,-28,-961
-647,-29,-952
-440,7,-602
-453,14,-611
-617,7,-864
-647,-21,-1015
-648,-21,-1017
-648,-21,-1017
-672,-23,-954
-644,-29,-951
-644,-29,-951
-649,-30,-956
-649,-30,-964
-642,-29,-955
-643,-31,-957
-648,-29,-954
-652,5,-863
-657,24,-963
-573,13,-984
-587,7,-907
-650,-29,-958
-643,7,-885
-669,-22,-952
-646,-29,-959
-648,-29,-955
-649,-29,-962
-645,-29,-957
-641,-29,-961
-641,-29,-961
-649,-29,-962
-650,-29,-952
-649,-27,-957
-649,-27,-961
-642,-27,-952
-642,-27,-952
-642,-27,-952
-646,-27,-956
-631,-20,-952
-633,36,-772
-633,41,-772
-627,39,-767
-633,34,-791
-640,10,-894
-667,10,-896
-667,10,-896
-667,10,-896
-661,10,-897
-660,10,-895
-661,10,-896
-661,8,-895
-662,9,-897
-662,10,-897
-662,10,-900
-661,10,-899
-660,11,-896
-662,10,-899
-666,10,-906
-661,13,-896
-662,11,-894
-662,11,-894
-661,9,-896
-661,9,-896
-661,10,-895
-661,10,-894
-661,10,-894
-661,10,-894
-662,11,-896
-662,11,-897
0,32,0
2,-77,-3
0,-85,0
0,-85,0
0,-85,0
0,-80,0
0,-87,1
0,-88,1
0,-86,1
0,-86,1
0,-86,1
0,-86,1
0,-86,1
0,-86,1
0,-86,1
-1,-44,1
-47,8,-80
-191,28,-241
-107,-7,-154
1,-8,0
1,-52,0
1,-52,0
1,-52,0
1,-52,0
1,-52,0
1,-52,0
1,-52,0
1,-52,0
1,-52,0
1,-52,0
-6,-56,-4
0,-61,1
0,-61,0
-5,30,2
-5,30,2
4,-26,1
1,-11,10
1,-11,10
1,-11,10
1,-11,10
1,-11,10
1,-11,10
-5,47,3
-5,41,4
-5,41,4
-5,41,4
-5,41,4
-5,41,4
-5,41,4
-5,41,4
-5,41,4
-5,41,4
-5,41,4
-5,41,4
-14,31,-105
-8,43,3
2,14,0
0,-77,-1
-1,8,3
23,7,-104
-66,20,-296
-19,1,-354
14,11,-338
-196,11,-403
-385,19,-499
-443,33,-691
-503,35,-737
-621,36,-747
-623,37,-748
-623,39,-739
-625,41,-748
-642,36,-774
-630,36,-755
-630,36,-768
-648,36,-759
-648,36,-759
-648,36,-759
-651,42,-760
-636,42,-775
-627,42,-750
-630,41,-758
-630,41,-758
-630,41,-758
-630,41,-758
-630,41,-758
-625,38,-760
-625,41,-760
-625,41,-760
-625,49,-760
-639,45,-771
-626,38,-761
-632,40,-761
-649,58,-762
-681,58,-767
-618,48,-755
-617,46,-767
-619,59,-766
-651,58,-755
-651,58,-755
-650,58,-755
-650,58,-755
-650,58,-755
-650,60,-755
-666,52,-744
-560,33,-736
-629,58,-761
-589,41,-753
-589,41,-753
-589,41,-753
-638,37,-739
-669,37,-751
-584,27,-763
-617,35,-747
-545,37,-736
-529,35,-737
-616,37,-758
-634,39,-770
-611,50,-751
-619,40,-778
-532,40,-724
-469,39,-706
-547,33,-733
-570,33,-733
-633,54,-774
-564,39,-752
-504,33,-739
-447,-4,-744
-484,1,-740
-565,35,-732
-634,35,-732
-638,39,-765
-634,36,-766
-634,36,-766
-634,36,-766
-630,39,-774
-609,9,-871
-609,8,-873
-609,8,-873
-609,8,-873
-611,11,-851
-596,9,-768
-568,6,-853
-642,8,-856
-560,13,-799
-459,13,-737
-376,13,-682
-450,8,-764
-499,8,-850
-535,10,-956
-534,11,-971
-534,11,-970
-534,11,-970
-534,11,-970
-534,11,-970
-534,11,-970
-534,11,-970
-534,11,-970
-534,12,-972
-533,11,-972
-533,11,-970
-533,11,-970
-533,11,-970
-533,11,-971
-533,11,-970
-533,11,-970
-534,11,-971
-535,12,-971
-533,12,-982
-533,11,-971
-534,11,-971
-534,11,-971
-537,11,-971
-533,11,-971
-538,11,-970
-533,11,-970
-534,11,-970
-534,11,-970
-535,11,-970
-536,11,-971
-535,11,-971
-538,11,-966
-537,11,-968
-535,11,-970
-538,11,-969
-537,11,-969
-537,11,-969
-537,11,-969
-536,11,-969
-539,11,-969
-543,11,-963
-532,11,-972
-538,11,-966
-536,11,-969
-542,13,-960
-538,11,-966
-538,11,-966
-538,11,-966
-538,11,-966
-539,12,-965
-538,11,-967
-530,9,-966
-530,9,-966
-540,15,-977
-530,12,-969
-542,12,-961
-540,11,-965
-540,13,-965
-540,11,-965
-538,11,-968
-538,11,-968
-540,13,-967
-531,11,-969
-541,15,-954
-535,13,-965
-535,13,-965
-535,13,-965
-539,18,-958
-545,17,-961
-540,19,-952
-540,19,-952
-540,19,-952
-540,19,-952
-540,19,-952
-540,19,-952
-540,19,-952
-540,19,-952
-540,19,-952
-540,19,-952
-540,19,-952
-540,19,-952
-540,19,-952
-540,19,-952
-540,19,-952
-540,19,-952
-540,19,-952
-540,19,-952
-540,19,-952
-540,19,-952
-540,19,-952
-540,19,-952
-540,19,-952
-540,19,-952
-540,19,-952
-537,19,-963
-535,19,-968
-535,19,-968
-535,19,-963
-535,19,-963
-535,19,-963
-535,19,-963
-527,11,-969
-527,11,-969
-527,11,-969
-528,13,-976
-528,14,-968
-535,11,-960
-535,11,-960
-536,13,-960
-534,11,-970
-534,11,-970
-536,11,-970
-538,11,-967
-538,11,-970
-559,11,-991
-567,14,-992
-539,14,-977
-539,14,-977
-545,17,-987
-517,20,-978
-568,18,-991
-520,16,-980
-557,19,-988
-586,22,-1003
-547,18,-983
-539,17,-979
-567,19,-980
-545,12,-975
-557,14,-984
-559,12,-985
-554,12,-989
-553,15,-992
-556,12,-991
-558,12,-991
-550,24,-966
-546,13,-986
-558,19,-990
-558,19,-987
-539,20,-983
-544,12,-980
-557,12,-987
-534,10,-957
-557,12,-986
-547,14,-977
-540,18,-982
-540,19,-982
-545,17,-876
-542,3,-785
-505,3,-673
-480,3,-576
-486,11,-519
-463,6,-515
-462,19,-513
-445,3,-554
-464,8,-545
-459,17,-558
-461,4,-591
-461,4,-591
-461,4,-591
-461,4,-591
-461,4,-591
-461,4,-591
-461,4,-591
-461,4,-591
-461,4,-591
-461,4,-591
-461,4,-591
-461,4,-591
-461,4,-591
-479,7,-592
-420,24,-607
-501,20,-623
-555,12,-650
-459,8,-698
-357,8,-749
-262,8,-797
-262,24,-740
-320,32,-742
-482,33,-735
-505,33,-733
-524,33,-733
-620,35,-746
-619,38,-759
-631,40,-775
-643,38,-782
-643,37,-781
-643,37,-781
-610,20,-826
-623,8,-867
-618,8,-868
-636,6,-864
-611,45,-882
-593,8,-951
-582,7,-978
-582,7,-978
-582,7,-978
-582,7,-978
-582,7,-978
-582,7,-978
-603,11,-986
-600,16,-974
-611,16,-955
-611,16,-955
-611,16,-955
-611,16,-955
-611,16,-955
-611,16,-955
-611,16,-955
-611,16,-955
-611,16,-955
-611,16,-955
-611,16,-955
-611,16,-955
-611,16,-955
-611,16,-955
-611,16,-955
-611,16,-955
-611,16,-955
-611,16,-955
-611,16,-955
-609,14,-984
-549,11,-977
-538,18,-972
-562,22,-886
-561,22,-885
-561,22,-885
-561,22,-885
-561,22,-885
-561,22,-885
-561,22,-885
-561,22,-885
-561,22,-885
-557,22,-889
-548,26,-894
-560,5,-895
-560,32,-895
-544,37,-895
-544,37,-895
-544,37,-895
-535,43,-897
-544,43,-895
1776,-3853,-1545
1771,-3853,-1548
1777,-3863,-1539
1774,-3860,-1536
1789,-3857,-1526
1774,-3862,-1531
1775,-3862,-1533
1766,-3856,-1510
1716,-3841,-1516
1712,-3852,-1531
1784,-3856,-1562
1786,-3856,-1565
1786,-3856,-1565
1786,-3856,-1565
1777,-3856,-1553
1777,-3856,-1553
1777,-3856,-1553
1777,-3856,-1553
1777,-3856,-1553
1777,-3856,-1553
1755,-3868,-1529
1720,-3829,-1510
1690,-3846,-1539
1765,-3861,-1536
1759,-3858,-1524
1791,-3850,-1559
1897,-3828,-1606
1921,-3829,-1608
2001,-3846,-1572
2013,-3852,-1565
2014,-3854,-1564
2015,-3850,-1572
2017,-3846,-1566
2019,-3846,-1566
2019,-3846,-1566
-640,39,-776
-640,40,-767
176,35,-952
-648,-29,-957
-543,16,-1029
-543,16,-1029
-543,16,-1029
-543,16,-1029
-543,16,-1029
-544,14,-1021
-544,14,-1021
-544,14,-1021
-544,14,-1021
-544,14,-1021
-544,14,-1021
-544,14,-1021
-544,14,-1021
-544,14,-1021
-544,14,-1021
-544,14,-1021
-544,14,-1021
-544,14,-1021
-544,14,-1021
-544,14,-1021
-544,14,-1021
-544,14,-1021
-544,14,-1021
-544,14,-1021
-544,14,-1021
-544,14,-1021
-544,14,-1021
-544,14,-1021
-544,14,-1021
-544,14,-1021
-546,16,-1028
-545,16,-1027
-554,16,-1025
-546,17,-1026
-544,21,-1028
-543,18,-1031
-543,14,-1031
-543,15,-1035
-542,15,-1031
-543,16,-1031
-542,16,-1031
-542,16,-1031
-542,16,-1031
-542,16,-1031
-542,16,-1031
-542,16,-1031
-542,16,-1031
-542,16,-1031
-542,16,-1031
-542,16,-1031
-542,16,-1031
-542,16,-1031
-542,16,-1031
-542,16,-1031
-542,16,-1031
-542,16,-1031
-542,16,-1031
-542,16,-1031
-542,16,-1031
-542,16,-1031
-542,16,-1031
-542,16,-1031
-541,16,-1031
-544,16,-1027
-544,16,-1027
-544,16,-1027
-544,16,-1027
-544,19,-1021
-572,18,-943
-639,18,-726
-702,18,-522
-644,36,-767
-644,36,-767
-644,36,-767
-644,36,-767
-644,36,-767
-644,36,-767
-644,36,-767
-644,36,-767
-644,36,-767
-619,27,-842
-564,35,-1056
-581,24,-1094
-632,36,-771
-632,36,-771
-632,36,-771
-632,36,-771
-632,36,-771
-632,36,-771
-632,36,-771
-632,36,-771
-632,36,-771
-632,36,-771
-632,36,-771
-632,36,-771
-632,36,-771
-632,36,-771
-632,36,-771
-632,36,-771
-632,36,-771
-632,36,-771
-632,36,-771
-632,36,-771
-632,36,-771
-632,36,-771
-632,36,-771
-632,36,-771
-632,36,-771
-632,36,-771
-632,36,-771
-632,36,-771
-668,36,-816
-668,36,-816
-668,36,-816
-668,36,-816
-668,36,-816
-668,36,-816
-668,36,-816
-668,36,-816
-668,36,-816
-668,36,-816
-668,36,-816
-668,36,-816
-690,90,-793
-793,73,-780
-793,73,-780
-796,73,-783
-806,28,-772
-729,6,-799
-600,11,-915
-542,16,-1027
-542,16,-1027
-542,16,-1027
-542,16,-1027
-542,16,-1027
-542,16,-1027
-542,16,-1028
-540,16,-1028
-543,16,-1028
-542,16,-1026
-542,16,-1026
-542,16,-1026
-549,13,-947
-547,15,-891
-644,36,-780
-648,34,-776
-562,32,-865
-539,17,-927
-718,17,-1016
-662,26,-1092
-553,16,-950
-556,7,-902
-551,8,-893
-633,8,-983
-642,21,-966
-642,7,-966
-639,10,-983
-601,9,-871
-567,8,-983
-643,7,-949
-643,7,-871
-551,7,-910
-551,7,-953
-551,7,-966
-551,7,-966
-551,7,-966
-551,7,-966
-551,7,-966
-637,15,-982
-572,8,-983
-551,8,-944
-547,15,-893
-558,7,-942
-642,8,-935
-644,13,-961
-566,7,-974
-566,7,-974
-566,7,-974
-566,7,-974
-566,7,-974
-566,7,-974
-566,7,-974
-566,7,-974
-566,7,-974
-537,9,-931
-544,18,-931
-552,7,-971
-559,7,-983
-549,11,-952
-549,11,-945
-549,11,-945
-549,11,-945
-549,11,-945
-549,11,-945
-549,8,-898
-636,7,-875
-623,8,-873
-553,7,-878
-553,7,-878
-553,7,-878
-553,7,-878
-553,7,-878
-553,7,-878
-553,7,-878
-553,7,-878
-553,7,-878
-553,7,-878
-553,7,-878
-553,7,-878
-553,7,-878
-553,7,-878
-553,7,-878
-551,7,-873
-551,7,-873
-551,7,-873
-551,7,-873
-551,7,-873
-551,7,-873
-551,7,-873
-551,7,-873
-551,7,-873
-551,7,-873
-551,7,-873
-551,7,-873
-551,7,-873
-551,7,-873
-551,7,-873
-551,7,-873
-551,7,-873
-551,7,-873
-551,7,-873
-551,7,-873
-551,7,-873
-551,7,-873
-583,8,-871
-583,8,-871
-583,8,-871
-583,8,-871
-583,8,-871
-583,8,-871
-583,8,-871
-583,8,-871
-583,8,-871
-583,8,-871
-583,8,-871
-583,8,-871
-583,8,-871
-583,8,-871
-583,8,-871
-583,8,-871
-583,8,-871
-583,8,-871
-583,8,-871
-583,8,-871
-583,8,-871
-583,8,-871
-583,8,-871
-583,8,-871
-585,10,-844
-585,10,-844
-585,10,-844
-585,10,-844
-585,10,-844
-585,10,-844
-585,10,-844
-585,10,-844
-585,10,-844
-585,10,-844
-585,5,-847
-585,5,-847
-585,5,-847
-585,5,-847
-585,5,-847
-585,5,-847
-585,5,-847
-585,5,-847
-585,5,-847
-585,5,-847
-585,9,-847
-585,9,-847
-585,9,-846
-585,9,-846
-585,9,-846
-585,9,-846
-585,9,-846
-585,9,-846
-585,10,-846
-585,10,-846
-585,10,-846
-578,14,-836
-597,14,-781
-650,14,-786
-650,14,-786
-650,14,-786
-650,14,-786
-650,14,-786
-650,14,-786
-650,14,-786
-650,14,-786
-650,14,-786
-650,14,-786
-650,14,-786
-650,14,-786
-678,29,-790
-696,23,-871
-562,32,-738
-571,33,-736
-425,36,-734
-295,35,-733
-208,35,-741
353,38,-947
380,38,-941
380,38,-941
384,33,-939
382,33,-927
382,33,-941
344,33,-933
344,33,-933
356,33,-944
378,43,-974
368,41,-987
398,33,-979
473,1,-967
466,2,-969
466,2,-969
468,2,-968
467,2,-966
467,2,-966
467,2,-966
467,2,-966
467,2,-966
467,2,-966
467,2,-966
467,2,-966
467,2,-966
467,2,-966
467,2,-966
464,5,-973
465,5,-970
465,5,-970
465,5,-970
465,5,-970
465,5,-970
465,5,-970
446,13,-961
448,2,-973
449,2,-1004
449,2,-1004
449,2,-1004
449,2,-1004
449,2,-1004
435,2,-1056
401,13,-1007
384,32,-997
363,35,-1003
341,36,-954
337,39,-959
377,43,-982
334,37,-1049
-725,153,-887
-748,153,-1106
-771,153,-1325
-795,153,-1542
-819,153,-1764
-842,153,-1979
-865,153,-2202
-888,153,-2416
-926,141,-2636
-956,141,-2851
-1017,141,-3051
-1030,176,-3259
-1060,263,-3471
-1087,281,-3686
-1090,281,-3912
-1092,281,-4125
-1094,281,-4346
-1096,281,-4568
-1098,281,-4787
-1100,281,-5007
-1101,281,-5225
-1109,280,-5450
-1122,280,-5668
-1136,280,-5886
-1150,280,-6110
-1163,280,-6327
-1177,280,-6548
-1190,280,-6762
-1204,294,-6989
-1218,294,-7210
-1227,294,-7430
-1341,31,-30835
-1155,39,-30810
-1122,39,-30837
-1001,22,-30895
-936,9,-30919
-815,16,-30912
-659,4,-30912
-679,8,-30912
-679,8,-30912
3138,5891,14658
-663,14,-30916
-489,5,-30917
-278,5,-30930
-223,6,-30874
-422,35,-30914
-626,17,-30914
-719,32,-30900
-616,43,-855
-601,33,-736
-357,50,-973
-156,80,-1015
43,74,-1104
239,74,-1198
437,74,-1293
636,74,-1388
835,74,-1483
1033,74,-1578
1178,79,-1646
1357,64,-1723
1556,59,-1811
1757,50,-1901
1770,43,-1906
1787,44,-1897
1807,38,-1911
1793,38,-1898
1763,75,-1901
1806,86,-1907
1806,80,-1905
1810,87,-1905
1820,41,-1926
1811,18,-1912
1808,15,-1904
1804,87,-1912
1814,27,-1905
1814,61,-1905
-641,36,-775
-601,3,-971
-601,-2,-966
-597,-1,-933
-585,2,-975
-600,2,-943
-595,0,-965
-568,-1,-959
-568,-1,-959
-580,-1,-970
-595,3,-933
-595,0,-978
-579,2,-976
-597,-1,-979
-602,1,-970
-593,-1,-978
-596,0,-965
-592,0,-980
-597,-1,-950
-603,-8,-923
-599,0,-970
-595,-1,-981
-557,2,-933
-551,0,-923
-561,-8,-931
-560,-8,-931
-559,-6,-940
-599,-2,-975
-599,-1,-981
-597,-3,-954
-552,-8,-927
-577,-8,-929
-603,-7,-927
-569,-8,-930
-554,-14,-925
-598,-8,-929
-631,-8,-927
-627,-8,-926
-607,-8,-926
-616,-8,-931
-572,-2,-925
-560,4,-924
-555,-2,-932
-552,1,-933
-554,1,-938
-559,-9,-926
-563,0,-912
-592,1,-952
-556,2,-937
-551,-1,-927
-551,-1,-927
-551,-1,-927
-553,-5,-946
-553,5,-926
-571,-15,-899
-555,-7,-929
-555,-7,-929
-555,-7,-929
-555,-7,-929
-555,-7,-929
-555,-7,-929
-558,-8,-930
-572,1,-912
-552,2,-932
-556,-8,-930
-595,3,-903
-597,3,-874
-597,3,-874
-597,3,-874
-597,3,-874
-597,3,-874
-597,3,-874
-597,3,-874
-597,3,-874
-597,3,-874
-597,3,-874
-597,3,-874
-597,3,-874
-597,3,-874
-597,3,-874
-597,3,-874
-597,3,-874
-597,3,-874
-597,3,-874
-597,3,-874
-597,3,-874
-603,-1,-979
-599,3,-971
-563,0,-909
-552,4,-924
-572,-5,-929
-615,-8,-928
-554,-8,-932
-621,-5,-914
-590,-3,-906
-573,-3,-919
-574,-4,-923
-580,-1,-922
-569,2,-932
-569,1,-932
-568,-1,-932
-572,-1,-930
-574,-1,-926
-569,-1,-934
-604,-1,-880
-607,-2,-926
-556,-1,-934
-567,-4,-912
-580,-1,-927
-560,-11,-927
-640,-12,-942
-566,-8,-933
-574,-5,-918
-574,-5,-918
-574,-5,-918
-574,-5,-918
-574,-5,-918
-574,-5,-918
-574,-5,-918
-574,-5,-918
-606,-5,-933
-557,-1,-927
-595,-7,-924
-595,-7,-924
-588,10,-919
-658,20,-717
-641,33,-804
-641,33,-804
-622,12,-859
-622,12,-859
-622,12,-859
-622,12,-859
-622,12,-859
-662,7,-875
-668,7,-875
-664,7,-875
-662,7,-874
-665,7,-873
-665,8,-873
-665,8,-873
-664,7,-875
-569,-2,-924
-569,-2,-924
-569,-2,-924
-569,-2,-924
-569,-2,-924
-569,-2,-924
-569,-2,-924
-569,-2,-924
-569,-2,-924
-569,-2,-924
-569,-2,-924
-569,-2,-924
-569,-2,-924
-569,-2,-924
-569,-2,-924
-569,-2,-924
-574,3,-917
-567,1,-907
-567,1,-907
-567,1,-907
-567,1,-907
-567,1,-907
-567,1,-907
-567,1,-907
-590,1,-932
-573,-2,-934
-573,-2,-934
-573,-2,-934
-573,-2,-934
-573,-2,-934
-573,-2,-934
-573,-2,-934
-573,-2,-934
-573,-2,-934
-575,4,-932
-577,4,-939
-577,4,-939
-577,4,-939
-577,4,-939
-576,4,-932
-574,4,-932
-573,1,-934
-570,1,-931
-592,2,-921
-588,2,-926
-588,2,-926
-588,2,-926
-588,2,-926
-588,2,-926
-588,2,-926
-588,2,-926
-588,2,-926
-588,2,-926
-588,2,-926
-588,2,-926
-588,2,-926
-588,2,-926
-588,2,-926
-588,2,-926
-588,2,-926
-588,2,-926
-588,2,-926
-588,2,-926
-588,2,-926
-567,7,-996
-561,14,-866
-667,14,-894
-728,10,-904
-638,7,-875
-542,11,-873
-654,14,-867
-624,13,-865
-628,12,-865
-628,12,-865
-622,7,-863
-522,-704,-1181
-679,8,-30866
-767,19,-30908
-745,13,-30908
-711,14,-30909
-692,11,-30910
-692,11,-30910
-692,11,-30910
-692,11,-30910
-692,11,-30910
-692,11,-30910
-692,11,-30910
-692,11,-30910
-692,11,-30910
-692,11,-30910
-692,12,-30910
-692,12,-30910
-692,12,-30910
-692,12,-30910
-692,12,-30910
-692,12,-30910
-692,12,-30910
-692,12,-30910
-692,12,-30910
-692,12,-30910
-692,12,-30910
-692,12,-30910
-692,12,-30910
-692,12,-30910
-692,12,-30910
-692,12,-30910
-692,12,-30910
-779,17,-30830
-996,17,-30796
-1029,26,-30817
-1029,26,-30817
-1029,26,-30817
-1029,26,-30817
-1035,27,-30886
-1049,29,-30871
-1049,29,-30871
-1060,29,-30870
-1060,29,-30870
-1060,29,-30870
-1060,29,-30870
-1060,29,-30870
-1060,29,-30870
-1060,29,-30870
-1060,29,-30870
-1060,29,-30870
-1060,29,-30870
-1060,29,-30870
-1060,37,-30870
-1128,26,-30776
-1091,42,-30694
-1051,69,-30489
-1029,62,-30379
-995,76,-30229
-628,34,-787
-606,-13,-933
-592,-7,-855
-581,14,-755
-581,14,-755
-581,14,-755
-581,14,-755
-581,14,-755
-593,4,-822
-574,7,-876
-645,12,-932
-618,8,-983
-618,8,-983
-576,8,-983
-552,7,-981
-551,8,-975
-551,8,-975
-551,8,-975
-330,35,-765
-269,48,-736
-269,48,-736
-269,48,-736
-269,48,-736
-269,48,-736
-269,48,-736
-269,48,-736
-269,48,-736
-269,48,-736
-269,48,-736
-269,48,-736
-269,48,-736
-269,48,-736
-269,48,-736
-269,48,-736
-269,51,-736
-279,46,-734
-368,65,-873
-481,55,-900
-481,55,-900
-519,51,-909
-539,49,-923
-540,43,-922
-560,49,-933
-560,49,-933
-560,49,-933
-560,49,-933
-560,49,-933
-564,30,-944
-553,19,-978
-530,51,-1194
-522,60,-1413
-513,60,-1633
-496,41,-1816
-438,41,-1796
-429,39,-1809
-429,41,-1809
-429,41,-1809
-429,41,-1809
-429,41,-1809
-429,41,-1809
-429,41,-1809
-429,41,-1809
-392,45,-1776
-645,36,-779
-646,36,-781
-645,36,-782
-645,36,-782
-645,36,-782
-645,36,-782
-642,49,-777
-642,42,-777
-657,41,-768
-704,20,-818
-698,19,-817
-706,20,-807
-698,19,-818
-698,6,-818
-698,7,-818
-672,20,-797
-642,14,-774
-617,13,-775
-590,50,-729
-636,16,-767
-617,0,-774
-612,48,-769
-625,42,-769
-625,51,-770
-644,31,-766
-630,32,-762
-618,32,-774
-635,30,-741
-644,44,-752
-625,38,-760
-610,50,-775
-621,7,-864
-618,7,-866
-617,7,-869
-617,7,-869
-617,7,-869
-617,7,-869
-617,7,-869
-616,10,-872
-624,9,-872
-652,60,-858
-652,60,-858
-652,60,-858
-652,60,-858
-652,60,-858
-652,52,-863
-11804,-2135,12335
-11805,-2130,12331
-11809,-2135,12324
-11804,-2135,12332
-11800,-2133,12331
-11805,-2134,12330
-11803,-2137,12337
-640,36,-775
-646,36,-771
-641,36,-773
-553,51,-892
-536,47,-925
-542,52,-918
-539,51,-923
-541,50,-920
-536,50,-926
-536,50,-926
-536,50,-926
-536,50,-926
-536,51,-926
-536,51,-926
-536,51,-926
-536,51,-926
-536,51,-926
-536,51,-926
-536,51,-926
-536,51,-926
-561,-12,-937
-561,16,-937
-561,16,-937
-561,16,-937
-561,16,-937
-561,16,-937
-561,16,-937
-561,16,-937
-570,22,-903
-565,56,-915
-565,55,-913
-565,55,-913
-565,55,-913
-565,55,-913
-565,56,-913
-565,56,-913
-565,56,-913
-565,56,-913
-565,56,-913
-565,56,-913
-565,56,-913
-565,56,-913
-565,56,-913
-565,56,-913
-574,50,-907
-594,15,-875
-594,24,-875
-592,24,-880
-566,7,-877
-566,7,-877
-566,7,-877
-566,7,-877
-566,7,-877
-566,7,-877
-566,7,-877
-566,7,-877
-566,7,-877
-566,7,-877
-566,7,-877
-567,7,-878
-567,7,-878
-567,7,-878
-567,7,-878
-567,7,-878
-567,7,-878
-567,7,-878
-567,7,-878
-567,7,-878
-567,7,-878
-567,7,-878
-565,7,-880
-565,16,-880
-565,16,-880
-565,16,-880
-565,16,-880
-565,16,-880
-565,16,-880
-565,16,-880
-600,-18,-925
-598,-8,-927
-598,-8,-927
-593,-8,-930
-552,-1,-927
-552,7,-926
-552,7,-926
-552,7,-926
-552,7,-926
-552,7,-926
-552,7,-926
-553,-1,-927
-552,-1,-926
-552,-1,-926
-552,-1,-926
-552,-1,-926
-552,-1,-926
-569,-1,-927
-566,2,-924
-566,2,-924
-563,2,-925
-559,-1,-928
-573,1,-919
-573,1,-919
-573,1,-919
-573,1,-919
-573,2,-919
-585,-10,-926
-551,1,-927
-551,1,-927
-551,1,-927
-551,1,-927
-551,1,-927
-551,1,-927
-552,0,-927
-575,4,-924
-551,-1,-926
-551,-1,-926
-551,-1,-926
-551,-1,-926
-551,-1,-926
-551,-1,-926
-551,-1,-926
-551,13,-926
-457,17,-1033
-356,28,-1101
-213,15,-1231
-158,8,-1394
-50,8,-1519
-50,8,-1519
-50,8,-1519
-203,16,-1467
-289,22,-1465
-289,22,-1465
-289,22,-1465
-289,22,-1465
-287,22,-1464
-283,17,-1519
-400,22,-1589
-400,22,-1589
-400,22,-1589
-400,22,-1589
-400,22,-1589
-400,22,-1589
-400,22,-1589
-400,22,-1589
-400,22,-1589
-400,22,-1589
-400,22,-1589
-400,22,-1589
-400,22,-1589
-400,22,-1589
-400,22,-1589
-400,22,-1589
-400,22,-1589
-408,48,-1586
-304,3,-1566
-188,5,-1633
-82,5,-1819
-557,12,-785
-501,11,-879
-511,13,-929
-511,13,-929
-511,13,-929
-511,13,-929
-511,13,-929
-558,22,-1000
-562,14,-1010
-562,14,-1010
-562,14,-1010
-562,14,-1010
-562,14,-1010
-562,14,-1010
-562,14,-1010
-553,14,-1015
-553,14,-1015
-553,14,-1015
-555,14,-1014
-553,14,-1014
-554,14,-1015
-557,14,-1015
-560,14,-1016
-555,15,-1019
-555,16,-1019
-555,16,-1019
-555,16,-1019
-555,16,-1019
-555,16,-1019
-555,16,-1019
-555,16,-1019
-555,16,-1019
-555,16,-1019
-555,16,-1019
-555,16,-1019
-555,16,-1019
-555,16,-1019
-555,16,-1019
-555,16,-1019
-555,16,-1019
-555,16,-1019
-555,16,-1019
-555,16,-1019
-555,16,-1019
-555,16,-1019
-555,16,-1019
-555,16,-1019
-555,16,-1019
-555,16,-1019
-555,16,-1019
-555,16,-1019
-555,16,-1019
-555,16,-1019
-555,16,-1019
-555,16,-1019
-555,16,-1019
-555,16,-1019
-555,16,-1019
-555,16,-1019
-555,16,-1019
-555,16,-1019
-555,16,-1019
-555,16,-1019
-555,16,-1019
-555,16,-1019
-555,16,-1019
-555,16,-1019
-555,16,-1019
-555,16,-1019
-555,16,-1019
-555,16,-1019
-555,16,-1019
-555,16,-1019
-555,16,-1019
-555,16,-1019
-555,16,-1019
-555,16,-1019
-555,16,-1019
-555,16,-1019
-555,16,-1019
-555,16,-1019
-555,16,-1019
-555,16,-1019
-555,16,-1019
-555,16,-1019
-555,16,-1019
-555,16,-1019
-555,16,-1019
-555,16,-1019
-555,16,-1019
-555,16,-1019
-555,16,-1019
-555,16,-1019
-555,16,-1019
-555,15,-1014
-556,14,-1018
-556,15,-1020
-556,15,-1019
-561,22,-1015
-556,14,-1017
-555,15,-1016
-555,14,-1014
-555,13,-1015
-555,16,-1016
-554,14,-1017
-555,16,-1016
-554,14,-1015
-554,15,-1015
-554,13,-1015
-554,15,-1015
-554,17,-1015
-558,16,-1016
-559,14,-1015
-556,15,-1023
-555,14,-1018
-555,15,-1014
-555,17,-1021
-556,18,-1021
-555,16,-1022
-559,16,-1018
-552,15,-1013
-552,14,-1011
-552,16,-1013
-557,17,-1013
-554,15,-1019
-554,17,-1015
-556,14,-1016
-557,13,-1020
-556,15,-1023
-556,15,-1023
-552,23,-1020
-550,23,-1040
-550,23,-1040
-550,23,-1040
-550,23,-1040
-550,23,-1040
-550,23,-1040
-550,23,-1040
-542,18,-1037
-556,15,-1023
-556,15,-1023
-554,17,-1024
-558,13,-1014
-558,13,-1014
-558,13,-1014
-556,15,-1021
-557,15,-1023
-557,15,-1023
-557,15,-1023
-557,15,-1023
-557,15,-1023
-557,15,-1023
-557,15,-1023
-557,15,-1023
-557,15,-1023
-557,15,-1023
-557,15,-1023
-557,15,-1023
-557,15,-1023
-555,17,-1018
-554,17,-1017
-554,17,-1017
-554,17,-1017
-554,17,-1017
-554,17,-1017
-554,17,-1017
-554,17,-1017
-554,17,-1017
-568,15,-1021
-565,22,-1030
-565,22,-1031
-565,22,-1031
-565,22,-1031
-578,28,-1093
-544,9,-923
-605,33,-812
-626,37,-760
-624,38,-762
-627,37,-760
-615,45,-756
-626,34,-739
-646,36,-781
-583,7,-901
-559,5,-885
-560,8,-888
-560,7,-888
-560,7,-888
-552,-13,-926
-558,4,-883
-552,-7,-930
-558,-10,-923
-554,-15,-929
-582,-12,-933
-556,-15,-928
-587,30,-878
-629,38,-780
-629,38,-780
-620,36,-759
-639,35,-756
-643,36,-767
-637,35,-776
-628,38,-775
-538,5,-865
-529,15,-958
-529,15,-958
-529,15,-958
-529,15,-958
-529,15,-958
-529,15,-958
-529,15,-958
-529,15,-958
-601,17,-1020
-567,8,-972
-591,7,-919
-620,6,-862
0,-1,0
-620,12,-865
-620,12,-865
-620,12,-865
-620,12,-865
-620,12,-865
-620,12,-865
-620,12,-865
-620,12,-865
-620,12,-865
-620,12,-865
-620,12,-865
-620,12,-865
-618,13,-854
-605,39,-788
-627,38,-739
-621,33,-737
-621,33,-737
-621,33,-737
-621,33,-737
-621,33,-737
-621,33,-737
-621,33,-737
-621,33,-737
-621,33,-737
-621,33,-737
-621,33,-737
-621,33,-737
-621,33,-737
-621,33,-737
-621,33,-737
-621,33,-737
-621,33,-737
-621,33,-737
-621,33,-737
-621,33,-737
-621,33,-737
-621,33,-737
-621,33,-737
-621,33,-737
-621,33,-737
-621,33,-737
-621,35,-735
355,34,-894
350,41,-904
350,34,-904
365,38,-919
-387,46,-804
-602,24,-768
28322,-30788,1855
28385,-30910,1926
-4267,3927,-1110
-546,40,-735
26623,-28969,1709
28426,-30904,1917
28418,-30905,1924
28394,-30903,1912
28375,-30907,1909
28446,-30913,1902
28439,-30911,1885
28439,-30911,1885
28439,-30911,1885
28439,-30911,1885
28439,-30911,1885
28439,-30911,1885
28388,-30911,1928
28387,-30911,1922
-614,9,-787
-645,36,-779
-645,35,-779
-528,38,-736
-468,33,-735
-364,48,-732
-196,32,-734
332,32,-969
332,32,-969
332,33,-969
332,35,-969
330,32,-994
326,33,-997
338,33,-988
333,33,-995
332,33,-995
317,34,-967
338,44,-927
338,41,-954
339,38,-965
339,38,-965
335,43,-960
335,43,-960
335,43,-960
335,43,-960
335,43,-960
335,43,-960
338,37,-961
339,43,-948
-555,46,-780
-605,-4,-855
-567,-2,-929
-571,-1,-930
-662,1,-913
-662,1,-913
-662,1,-913
-662,1,-913
-662,1,-913
-662,1,-913
-662,1,-913
-662,1,-913
-662,1,-913
-662,1,-913
-662,1,-913
-662,1,-913
-662,1,-913
-662,11,-913
-583,-7,-920
-625,-15,-876
-641,-14,-872
-608,-7,-919
-554,-8,-931
-569,-8,-926
-602,-4,-943
-600,-6,-952
-600,-6,-952
-600,-6,-952
-601,-6,-921
-601,-8,-929
-562,-1,-925
-574,-8,-925
-629,-5,-925
-629,-5,-925
-634,-8,-927
-617,-8,-933
-590,-6,-928
-607,-4,-928
-551,-6,-929
-551,-6,-929
-551,-6,-929
-551,-6,-929
-551,-6,-929
-625,-8,-926
-579,-1,-914
-590,-1,-917
-558,-8,-927
-558,-1,-927
-559,-1,-926
-559,-1,-926
-602,5,-923
-792,5,-918
-574,0,-928
-668,-4,-933
-571,-1,-928
-585,0,-932
-553,-5,-931
-575,-1,-920
-603,-1,-915
-598,-3,-932
-623,-8,-929
-612,-1,-926
-612,-1,-926
-612,-1,-926
-587,3,-943
-554,1,-945
-595,9,-919
-554,14,-951
-556,7,-979
-550,15,-1018
-556,15,-1017
-555,19,-1011
-549,11,-919
-545,11,-927
-579,14,-941
-663,12,-957
-562,14,-1008
-548,12,-988
-548,12,-988
-547,12,-989
-547,11,-992
-548,18,-991
-562,20,-986
-535,13,-1002
-556,15,-1023
-580,31,-866
-645,36,-773
-645,36,-773
-650,38,-767
-650,38,-767
-650,38,-767
-641,36,-763
-603,38,-753
-594,40,-767
-603,12,-867
-603,12,-867
-603,12,-867
-603,12,-867
-603,12,-867
-603,12,-867
-603,12,-867
-603,12,-867
-593,7,-917
-595,7,-916
-595,8,-918
-593,37,-955
-580,113,-1077
-570,43,-1105
-583,24,-1100
-582,24,-1100
-582,24,-1100
-582,24,-1100
-582,24,-1100
-582,24,-1100
-582,24,-1100
-582,24,-1100
-582,24,-1100
-582,24,-1100
-582,24,-1100
-569,22,-1074
-597,34,-730
-596,34,-732
-634,36,-767
-639,35,-754
-633,35,-754
-633,35,-753
-625,38,-758
-625,38,-758
-625,38,-758
-625,38,-758
-628,36,-761
-628,36,-760
-596,25,-787
-566,7,-858
-562,7,-864
-525,-3,-898
-485,11,-934
-346,15,-991
-141,2,-1066
61,2,-1155
142,-18,-1188
142,-18,-1188
142,-18,-1188
142,-18,-1188
142,-18,-1188
180,-17,-1197
377,2,-1219
466,-20,-1228
450,2,-1207
419,2,-1179
378,5,-1114
216,5,-965
53,5,-816
-634,36,-771
-562,1,-922
-570,-14,-913
-562,-15,-931
-558,-5,-923
-598,-11,-927
-599,-8,-927
-599,-8,-927
-599,-8,-927
-599,-8,-927
-599,-8,-927
-599,-8,-927
-599,-8,-927
-599,-8,-927
-599,-8,-927
-599,-8,-927
-599,-8,-927
-599,-8,-927
-599,-8,-927
-556,-1,-926
-626,-8,-928
-620,-15,-928
-610,0,-930
-401,0,-961
-590,37,-742
-606,35,-743
-497,33,-735
-277,33,-734
1817,20,-1942
1867,50,-1904
1766,21,-1914
1757,21,-1795
1682,14,-1773
1685,11,-1760
1685,11,-1760
1685,11,-1760
1685,11,-1760
-915,11,-760
1703,18,-1764
1582,18,-1756
1733,14,-1817
1845,6,-1896
1842,18,-1909
1802,33,-1903
1843,22,-1904
1848,47,-1903
1853,46,-1903
1853,46,-1903
-500,37,-838
-554,-8,-929
-561,38,-921
-565,11,-900
-566,17,-892
-582,63,-906
-599,29,-889
-616,7,-890
-616,7,-890
-563,70,-881
-631,9,-891
-631,9,-891
-634,34,-787
-551,1,-927
-543,113,-932
-585,7,-880
-632,38,-771
-677,8,-30912
-682,11,-30955
-640,36,-773
-637,35,-775
1843,59,-1938
1807,68,-1782
1957,38,-1768
2039,38,-1781
2054,62,-1719
2051,66,-1703
2213,61,-1769
2375,59,-1779
2358,44,-1975
2141,44,-1997
1922,44,-2011
1705,44,-2025
1695,63,-1901
1771,104,-1769
1986,130,-1797
2147,89,-1814
2147,89,-1814
2182,89,-1813
2271,64,-1706
2409,47,-1810
2545,57,-1748
-593,44,-878
-593,-149,-878
-593,-149,-878
-593,-149,-878
-593,-149,-878
-593,-149,-878
-593,-149,-878
-553,-49,-926
-578,28,-903
-560,6,-898
-560,6,-889
-554,6,-894
-558,4,-893
-555,4,-897
-558,4,-896
-559,9,-881
-572,9,-870
-549,35,-897
-550,7,-890
-591,17,-869
-645,17,-904
-585,20,-974
-540,21,-893
28433,-30907,1866
28435,-30911,1879
28435,-30910,1875
28420,-30903,1874
28412,-30914,1912
28412,-30914,1912
28412,-30911,1912
28433,-30902,1864
-601,40,-820
-593,26,-829
-587,45,-849
-587,6,-849
-587,7,-849
-587,8,-856
-587,8,-856
-587,8,-856
-587,8,-856
-587,8,-856
-587,8,-856
-587,8,-856
-587,8,-856
-587,8,-856
-587,8,-856
-587,8,-856
-587,8,-856
-587,8,-856
-561,12,-878
-553,13,-878
-553,13,-879
-554,7,-885
-624,11,-980
-593,16,-981
-572,11,-922
-558,7,-884
-558,7,-884
-558,7,-884
-558,7,-884
-558,7,-884
-558,7,-884
-563,7,-924
-579,17,-878
-579,17,-878
-579,17,-878
-579,17,-878
-566,11,-882
-555,13,-887
-553,13,-885
-553,13,-885
-555,12,-886
-556,12,-888
-555,12,-888
-554,11,-887
-590,33,-845
-589,40,-840
-566,13,-841
-634,36,-773
1842,47,-1973
1724,2,-2006
1841,23,-1837
1789,32,-1660
2052,41,-1630
2193,41,-1536
2413,19,-1591
2583,48,-1711
2574,43,-1885
2405,52,-1953
2258,20,-1843
2136,20,-1746
2000,20,-1773
1915,16,-1763
1745,46,-1814
1762,62,-2092
1799,13,-2248
1801,13,-2247
1800,13,-2247
-642,39,-750
-622,34,-749
-631,35,-751
-636,35,-752
-636,35,-752
-636,35,-752
-636,35,-752
-636,35,-752
-636,35,-752
-636,35,-752
-636,35,-752
-636,35,-752
-639,37,-756
-639,37,-756
-639,37,-756
-639,37,-756
-639,37,-756
-639,37,-756
-639,37,-756
-639,37,-756
-639,37,-756
-639,37,-756
-639,37,-756
-639,37,-756
-639,37,-756
-639,37,-756
-645,30,-761
-718,6,-892
-722,6,-926
-758,6,-930
-758,6,-930
-758,6,-930
-749,13,-919
-773,2,-934
-817,7,-945
-818,7,-944
-818,7,-944
-818,7,-944
-818,7,-944
-785,4,-949
-581,5,-1011
-443,24,-1058
-443,24,-1058
-443,24,-1058
-443,24,-1058
-443,24,-1058
-443,24,-1058
-443,24,-1058
-443,24,-1058
-443,24,-1058
-443,24,-1058
-443,24,-1058
-450,23,-1058
-452,23,-1057
-461,15,-1065
-476,17,-1086
-644,37,-776
-641,39,-774
-641,39,-774
-641,39,-774
-641,39,-774
-641,39,-774
-641,39,-774
-640,36,-773
-636,36,-758
-638,44,-758
-629,35,-749
-624,39,-760
-624,39,-760
-624,39,-760
-629,36,-760
-632,35,-760
-632,35,-760
-628,36,-761
-625,35,-761
-626,44,-760
-637,36,-760
-644,39,-766
1277,15245,-1024
1332,12068,-526
-657,52,-776
27,9365,257
-46,9572,259
46,9774,218
-640,39,-775
1135,14141,-898
-648,39,-770
-646,37,-772
-647,43,-763
-548,8,-888
-549,10,-890
-563,19,-850
-576,71,-796
-534,52,-918
-704,8,-911
-754,1,-907
-742,-1,-896
-756,0,-922
-664,26,-919
-539,50,-924
-633,9,-820
-658,24,-761
-649,40,-761
-637,35,-754
-625,42,-777
-625,42,-778
-550,6,-887
-563,7,-885
-562,24,-886
-562,24,-886
-541,26,-894
-553,23,-867
-552,21,-866
-552,27,-868
-552,27,-868
-552,27,-868
-552,27,-868
-552,27,-868
-538,23,-909
-498,69,-915
-637,36,-773
1781,40,-1957
1753,41,-1959
1753,41,-1958
1753,41,-1958
1753,41,-1958
1753,41,-1958
1753,41,-1958
1788,22,-1938
1866,13,-1978
1866,13,-1978
1864,31,-1975
1864,31,-1975
1864,31,-1975
1864,31,-1975
1864,31,-1975
975,17,-1497
975,17,-1497
975,17,-1497
975,17,-1497
975,17,-1497
1009,16,-1455
972,22,-1564
989,13,-1560
989,13,-1560
989,13,-1560
989,13,-1560
942,13,-1603
929,8,-1590
929,8,-1590
929,8,-1590
929,8,-1590
929,8,-1590
929,8,-1590
929,8,-1590
929,8,-1590
929,8,-1590
929,8,-1590
929,8,-1590
929,8,-1590
929,8,-1590
929,8,-1590
929,8,-1590
929,8,-1590
929,8,-1590
929,8,-1590
929,8,-1590
929,8,-1590
929,8,-1590
929,8,-1590
929,8,-1590
929,8,-1590
896,12,-1563
729,66,-1472
544,18,-1364
351,80,-1254
157,84,-1155
-32,61,-1047
-209,55,-950
-411,41,-878
-529,66,-808
-693,36,-683
-867,3,-551
-1040,-29,-420
-1213,-61,-288
-1387,-93,-156
-1560,-125,-24
-1733,-157,107
-1907,-189,238
-2080,-221,370
-2100,-189,393
-2100,-189,393
-2100,-189,393
-2100,-189,393
-2100,-189,393
-2100,-189,393
-2100,-189,393
-2100,-189,393
-2104,-173,388
-645,36,-760
-643,23,-799
-644,-4,-799
-644,-4,-799
-644,-4,-799
-644,-4,-799
-644,-4,-799
-644,2,-799
-644,2,-799
-644,2,-799
-644,2,-799
-644,2,-799
-644,2,-799
-644,2,-799
-644,2,-799
-644,2,-799
-644,2,-799
-644,2,-799
-644,2,-799
-644,2,-799
-644,2,-799
-644,2,-799
-644,2,-799
-644,2,-799
-644,2,-799
-644,2,-799
-644,2,-799
-644,2,-799
-644,2,-799
-644,2,-799
-644,2,-799
-644,2,-799
-644,2,-799
-644,2,-799
-644,2,-799
-644,2,-799
-644,2,-799
-644,2,-799
-644,2,-799
-644,2,-799
-644,2,-799
-644,2,-799
-644,2,-799
-644,2,-799
-644,2,-799
-644,2,-799
-644,2,-799
-644,2,-799
-644,2,-799
-644,2,-799
-644,2,-799
-644,2,-799
-644,2,-799
-644,2,-799
-644,2,-799
-644,2,-799
-644,2,-799
-644,2,-799
-644,2,-799
-644,2,-799
-644,2,-799
-644,2,-799
-644,2,-799
-644,2,-799
-644,2,-799
-644,2,-799
-644,2,-799
-644,2,-799
-644,2,-799
-644,2,-799
-644,2,-799
-644,2,-799
-644,2,-799
-644,2,-799
-644,2,-799
-644,2,-799
-644,2,-799
-644,2,-799
-644,2,-799
-644,2,-799
-644,2,-799
-644,2,-799
-644,2,-799
-644,2,-799
-644,2,-799
-644,2,-799
-644,2,-799
-644,2,-799
-644,2,-799
-644,2,-799
-644,2,-799
-644,2,-799
-644,2,-799
-644,2,-799
-644,2,-799
-644,2,-799
-644,2,-799
-644,2,-799
-644,2,-799
-644,2,-799
-644,2,-799
-644,2,-799
-644,2,-799
-644,2,-799
-644,2,-799
-644,2,-799
-644,2,-799
-644,2,-799
-644,2,-799
-644,2,-799
-644,2,-799
-644,2,-799
-644,2,-799
-644,2,-799
-644,2,-799
-644,2,-799
-644,2,-799
-644,2,-799
-644,2,-799
-644,2,-799
-644,2,-799
-644,2,-799
-644,2,-799
-644,2,-799
-644,2,-799
-644,2,-799
-644,2,-799
-644,2,-799
-644,2,-799
-644,2,-799
-644,2,-799
-644,2,-799
-644,2,-799
-644,2,-799
-644,2,-799
-644,2,-799
-644,2,-799
-644,2,-799
-644,2,-799
-644,2,-799
-644,2,-799
-644,2,-799
-644,2,-799
-644,2,-799
-644,2,-799
-644,2,-799
-644,2,-799
-644,2,-799
-644,2,-799
-644,2,-799
-644,2,-799
-644,1,-799
-643,26,-797
-643,26,-797
-643,26,-797
-514,33,-721
-280,32,-734
-75,40,-740
85,10,-834
256,12,-995
295,14,-1020
295,17,-1019
295,16,-1018
295,16,-1018
295,16,-1018
295,16,-1018
295,16,-1018
295,16,-1018
295,16,-1018
295,16,-1018
295,16,-1018
295,16,-1018
295,16,-1018
295,16,-1018
295,18,-1017
295,16,-1017
295,16,-1017
295,16,-1017
-230,21,-699
-24,21,-622
183,21,-544
96,63,-569
-57,56,-604
-144,33,-628
-239,36,-680
-239,36,-680
-239,36,-680
-239,36,-680
-239,36,-680
-239,36,-680
-239,36,-680
-239,36,-680
-239,36,-680
-239,36,-680
-239,36,-680
-239,36,-680
-239,36,-680
-239,36,-680
-239,36,-680
-239,36,-680
-239,36,-680
-239,36,-680
-239,36,-680
-239,36,-680
-239,36,-680
-239,36,-680
-239,36,-680
-239,36,-680
-239,36,-680
-239,36,-680
-239,36,-680
-239,36,-680
-239,36,-680
-239,36,-680
-239,36,-680
-239,36,-680
-239,36,-680
-239,36,-680
-239,36,-680
-239,36,-680
-239,36,-680
-239,36,-680
-239,36,-680
-239,36,-680
-239,36,-680
-239,36,-680
-239,36,-680
-239,36,-680
-239,36,-680
-239,36,-680
-239,36,-680
-239,36,-680
-239,36,-680
-239,36,-680
-239,36,-680
-239,36,-680
-239,36,-680
-239,36,-680
-239,36,-680
-239,36,-680
-239,36,-680
-239,36,-680
-239,36,-680
-239,36,-680
-239,36,-680
-239,36,-680
-239,36,-680
-239,36,-680
-239,36,-680
-239,36,-680
-239,36,-680
-239,36,-680
-239,36,-680
-239,36,-680
-239,36,-680
-239,36,-680
-239,36,-680
-239,36,-680
-239,36,-680
-239,36,-680
-239,36,-680
-239,36,-680
-239,36,-680
-239,36,-680
-239,36,-680
-239,36,-680
-239,36,-680
-239,36,-680
-239,36,-680
-239,36,-680
-239,36,-680
-239,36,-680
-239,36,-680
-239,36,-680
-239,36,-680
-239,36,-680
-239,36,-680
-239,36,-680
-239,36,-680
-239,36,-680
-239,36,-680
-239,36,-680
-239,36,-680
-239,36,-680
-239,36,-680
-239,36,-680
-239,36,-680
-239,36,-680
-239,36,-680
-239,36,-680
-239,36,-680
-239,36,-680
-239,36,-680
-239,36,-680
-239,36,-680
-239,36,-680
-239,36,-680
-239,36,-680
-239,36,-680
-239,36,-680
-239,36,-680
-239,36,-680
-239,36,-680
-239,36,-680
-239,36,-680
-239,36,-680
-239,36,-680
-239,36,-680
-239,36,-680
-239,36,-680
-239,36,-680
-239,36,-680
-239,36,-680
-239,36,-680
-239,36,-680
-239,36,-680
-239,36,-680
-239,36,-680
-239,36,-680
-239,36,-680
-214,36,-797
-216,33,-794
-216,33,-794
-216,33,-794
-216,33,-794
-216,33,-794
-216,33,-794
-216,33,-794
-216,33,-794
-216,33,-794
-216,33,-794
-216,33,-794
-216,33,-794
-216,33,-794
-216,33,-794
-216,33,-794
-216,33,-794
-216,33,-794
-216,33,-794
-216,33,-794
-216,33,-794
-216,33,-794
-216,33,-794
-216,33,-794
-216,33,-794
-216,33,-794
-216,33,-794
-216,33,-794
-216,33,-794
-216,33,-794
-216,33,-794
-216,33,-794
-216,33,-794
-216,33,-794
-216,33,-794
-216,33,-794
-216,33,-794
-216,33,-794
-216,33,-794
-216,33,-794
-216,33,-794
-216,33,-794
-216,33,-794
-216,33,-794
-216,33,-794
-216,33,-794
-216,33,-794
-216,33,-794
-216,33,-794
-216,33,-794
-216,33,-794
-216,33,-794
-216,33,-794
-216,33,-794
-216,33,-794
-216,33,-794
-216,33,-794
-216,33,-794
-216,33,-794
-216,33,-794
-216,33,-794
-216,33,-794
-216,33,-794
-216,33,-794
-216,33,-794
-216,33,-794
-216,33,-794
-216,33,-794
-216,33,-794
-216,33,-794
-216,33,-794
-216,33,-794
-216,33,-794
-216,33,-794
-216,33,-794
-216,33,-794
-216,33,-794
-216,33,-794
-216,33,-794
-216,33,-794
-216,33,-794
-216,33,-794
-216,33,-794
-216,33,-794
-216,33,-794
-216,33,-794
-216,33,-794
-216,33,-794
-216,33,-794
-216,33,-794
-216,33,-794
-216,33,-794
-216,33,-794
-216,33,-794
-216,33,-794
-216,33,-794
-216,33,-794
-216,33,-794
-216,33,-794
-216,33,-794
-216,33,-794
-216,33,-794
-216,33,-794
-216,33,-794
-216,33,-794
-1309,57,-58
-1456,57,103
-1591,24,269
-1699,6,448
-1853,1,569
-1858,1,582
-1937,26,631
-1929,-2,621
-1897,1,607
-1996,26,631
-1956,21,630
-1956,21,630
-1956,21,630
-1914,25,592
-629,36,-759
-630,39,-761
-576,-1,-917
-581,-7,-928
-570,-8,-929
-570,-8,-929
-570,-8,-929
-570,-8,-929
-570,-8,-929
-570,-7,-929
-566,-8,-928
-640,36,-775
-640,36,-775
-640,36,-775
-640,36,-775
-640,36,-775
-640,36,-775
-640,36,-775
-640,36,-775
-640,44,-775
