2836,-8946,1639
2829,-8949,1653
2822,-8947,1656
2841,-8958,1621
2843,-8955,1616
2824,-8945,1641
2822,-8949,1671
2814,-8948,1679
2798,-8958,1673
2797,-8965,1662
2793,-8966,1676
1639,8,-2771
1632,2,-2771
1632,2,-2771
1632,2,-2771
1632,2,-2771
1636,3,-2769
1636,3,-2769
1636,3,-2769
1636,3,-2769
1636,3,-2769
1636,3,-2769
1636,3,-2769
1636,3,-2769
1636,3,-2769
1636,3,-2769
1636,3,-2769
1636,3,-2769
1636,3,-2769
1636,3,-2769
1636,3,-2769
1636,3,-2769
1636,3,-2769
1636,3,-2769
1636,3,-2769
1636,3,-2769
1636,3,-2769
1636,3,-2769
1636,3,-2769
1636,3,-2769
1636,3,-2769
1636,3,-2769
1636,3,-2769
1636,3,-2769
1636,3,-2769
1636,3,-2769
1636,3,-2769
1636,3,-2769
1636,3,-2769
1636,3,-2769
1636,3,-2769
1636,3,-2769
1636,3,-2769
1636,3,-2769
1636,3,-2769
1636,3,-2769
1636,3,-2769
1636,3,-2769
1636,3,-2769
1636,3,-2769
1636,3,-2769
1636,3,-2769
1636,3,-2769
1636,3,-2769
1636,3,-2769
1636,3,-2769
1636,3,-2769
1636,3,-2769
1636,3,-2769
1636,3,-2769
1636,3,-2769
1636,3,-2769
1636,3,-2769
1636,3,-2769
1636,3,-2769
1636,3,-2769
1636,3,-2769
1636,3,-2769
1636,3,-2769
1636,3,-2769
1636,3,-2769
1636,3,-2769
1636,3,-2769
1636,3,-2769
1636,3,-2769
1636,3,-2769
1636,3,-2769
1636,3,-2769
1636,3,-2769
1636,3,-2769
1636,3,-2769
1636,3,-2769
1665,2,-2816
1669,2,-2820
1669,2,-2820
1669,2,-2820
964,-2,4585
967,-3,4590
967,-5,4586
967,-5,4586
966,-5,4586
965,-5,4585
966,-4,4590
966,-3,4588
966,-3,4588
966,-3,4588
917,20,4864
1670,4,-2811
1706,3,-2817
1706,3,-2817
1706,3,-2817
1706,3,-2817
1670,3,-2821
1633,2,-2770
1656,3,-2832
1655,3,-2800
1699,3,-2812
1682,8,-2786
1673,3,-2802
1706,3,-2818
1705,3,-2817
1710,3,-2816
1688,3,-2810
921,18,4872
921,18,4873
940,19,4727
975,11,4590
973,5,4581
965,6,4587
967,6,4588
972,7,4587
973,7,4588
969,8,4589
970,7,4590
970,7,4590
970,6,4593
967,6,4594
967,6,4594
967,6,4594
967,6,4594
967,6,4594
963,-6,4599
961,-6,4600
956,-6,4604
956,-6,4606
946,-9,4601
965,-5,4595
964,-5,4589
964,-5,4589
966,-5,4585
966,-5,4585
965,-5,4596
965,-5,4596
965,-5,4596
965,-5,4596
965,-5,4596
965,-5,4596
966,-5,4596
966,-5,4596
966,-5,4596
966,-5,4596
966,-5,4596
966,-5,4596
966,-5,4596
966,-5,4596
966,-5,4596
966,-5,4596
966,-5,4596
966,-5,4596
966,-5,4596
966,-5,4596
966,-5,4596
966,-5,4596
966,-5,4596
966,-5,4596
966,-5,4596
966,-5,4596
966,-5,4596
966,-5,4596
966,-5,4596
964,-5,4593
964,-5,4593
964,-5,4593
964,-5,4593
964,-5,4593
964,-5,4593
964,-6,4593
945,-10,4603
943,-10,4601
948,-8,4601
948,-8,4601
963,-5,4597
964,-5,4597
967,-5,4586
964,-5,4591
965,-5,4597
966,-5,4585
967,-3,4594
981,-3,4596
967,-3,4596
977,-3,4596
970,-3,4597
970,-3,4597
970,-3,4597
970,-4,4595
971,-4,4595
964,4,4585
1636,54,-2394
2750,-8364,1604
2748,-8364,1603
1705,2,-2818
1705,2,-2818
1705,2,-2818
1706,2,-2818
1706,2,-2818
1706,2,-2818
1706,2,-2818
1706,2,-2818
1634,2,-2752
1800,1,-2445
2061,15,-2456
2188,0,-2702
2136,5,-2621
1968,1,-2382
1862,2,-2412
1817,0,-2590
1766,17,-2538
965,24,4453
988,12,4618
964,-3,4585
965,-5,4597
958,-5,4603
942,-10,4602
945,-10,4603
947,-8,4603
948,-8,4601
948,-8,4601
948,-8,4601
948,-8,4601
948,-8,4601
948,-8,4601
948,-8,4601
955,-5,4603
955,-5,4603
955,-5,4603
955,-5,4603
967,-4,4595
953,-5,4598
956,-5,4597
957,-5,4598
955,-5,4596
960,-5,4597
955,-5,4597
967,-3,4594
964,-5,4596
969,-3,4595
972,-3,4596
964,-5,4590
964,-5,4590
964,-5,4590
964,-5,4590
964,-5,4590
964,-5,4590
964,-5,4590
971,-3,4586
972,-3,4586
972,-3,4586
974,-4,4590
977,-4,4597
965,-5,4592
965,-5,4592
965,-5,4592
965,-5,4592
965,-5,4592
965,-5,4592
965,-5,4592
964,-4,4585
964,-4,4585
964,-4,4585
964,-4,4585
964,-4,4585
964,-4,4585
964,-4,4585
964,-4,4585
964,-4,4585
964,-4,4585
964,-4,4585
964,-4,4585
964,-4,4585
964,-4,4585
964,-4,4585
964,-4,4585
964,-4,4585
964,-4,4585
964,-4,4585
964,-4,4585
964,-4,4585
964,-4,4585
964,-4,4585
964,-4,4585
964,-3,4585
964,-3,4585
964,-3,4585
964,-3,4585
964,-3,4585
964,-3,4585
964,-3,4585
964,-3,4585
964,-3,4585
964,-3,4585
964,-3,4585
964,-3,4585
964,-3,4585
964,-3,4585
964,-3,4585
964,-3,4585
964,-3,4585
964,-3,4585
964,-3,4585
964,-3,4585
964,-3,4585
964,-3,4585
964,-3,4585
964,-3,4585
964,-3,4585
964,-3,4585
964,-3,4585
964,-3,4585
964,-3,4585
964,-3,4585
964,-3,4585
964,-3,4585
964,-3,4585
964,-3,4585
964,-3,4585
964,-3,4585
964,-3,4585
964,-3,4585
964,-3,4585
964,-3,4585
964,-3,4585
964,-3,4585
964,-3,4585
964,-3,4585
964,-3,4585
964,-3,4585
964,-3,4585
964,-3,4585
964,-3,4585
964,-3,4585
964,-3,4585
964,-3,4585
964,-3,4585
964,-3,4585
964,-3,4585
964,-3,4585
964,-3,4585
964,-3,4585
964,-3,4585
964,-3,4585
964,-3,4585
964,-3,4585
964,-3,4585
964,-3,4585
964,-3,4585
964,-3,4585
964,-3,4585
964,-3,4585
961,-5,4600
956,-5,4603
960,-5,4605
960,-5,4607
958,-5,4606
958,-5,4606
958,-5,4607
2881,-8866,1699
2883,-8872,1740
2874,-8867,1720
2870,-8872,1731
2899,-8865,1738
2904,-8864,1732
2898,-8867,1731
2882,-8868,1699
2898,-8866,1721
964,-6,4588
972,-5,4585
965,-5,4596
965,-5,4597
965,-6,4597
958,-6,4607
1816,-7,-2599
1814,-9,-2599
1829,-4,-2620
1831,19,-2621
1794,15,-2608
1794,15,-2608
1794,15,-2608
909,24,4657
991,7,4584
964,-5,4587
961,-6,4608
961,-6,4608
961,-6,4608
961,-6,4607
961,-6,4607
961,-5,4607
960,-5,4607
2819,-8950,1658
2832,-8942,1635
2839,-8955,1621
2840,-8956,1627
2830,-8949,1652
2861,-8867,1696
2875,-8866,1706
2878,-8870,1731
2876,-8868,1721
944,17,4844
974,14,4587
972,7,4589
965,-5,4596
965,-5,4596
965,-5,4596
950,-5,4602
957,-5,4601
962,-5,4599
958,-5,4606
958,-5,4606
943,-10,4601
943,-10,4601
944,-11,4601
958,-6,4606
965,-6,4587
965,-6,4587
964,-6,4585
964,-6,4585
964,-5,4587
964,-5,4587
965,-5,4590
964,-5,4590
964,-5,4590
964,-5,4590
964,-5,4596
964,-5,4595
964,-5,4595
964,-5,4595
964,-5,4595
964,-5,4595
967,-3,4596
966,-5,4597
966,-5,4597
966,-5,4597
966,-5,4597
966,-5,4597
966,-5,4597
966,-5,4597
966,-5,4597
964,-5,4596
964,-5,4597
964,-5,4597
964,-5,4596
965,-5,4597
965,-5,4597
965,-5,4597
965,-5,4597
965,-5,4597
964,-5,4597
965,-5,4597
965,-5,4597
2876,-8901,1735
2876,-8915,1735
2876,-8954,1735
2876,-8995,1735
2876,-9026,1735
2876,-9046,1735
2876,-9078,1735
2877,-9096,1735
2868,-9114,1750
2866,-9114,1749
2868,-9120,1740
2886,-9109,1730
2881,-9108,1734
2881,-9108,1734
2881,-9108,1734
2881,-9108,1734
2881,-9108,1734
2880,-9107,1733
2880,-9107,1733
2898,-9128,1735
2905,-9151,1720
2905,-9174,1714
2907,-9179,1711
1663,3,-2800
1684,3,-2673
1800,24,-2621
1777,30,-2608
1777,30,-2608
1777,30,-2608
1693,36,-2757
1691,33,-2740
1679,18,-2801
1677,3,-2804
1650,3,-2808
1582,5,-2910
1617,3,-2898
1617,3,-2898
1617,3,-2898
1617,3,-2898
1617,3,-2898
1617,3,-2898
1617,3,-2898
1617,3,-2898
1617,3,-2898
1617,3,-2898
1617,3,-2898
1633,21,-2813
1644,27,-2798
1665,3,-2791
1666,3,-2799
1666,3,-2799
1666,3,-2799
1666,3,-2799
1684,3,-2801
1688,3,-2804
1696,5,-2805
1696,5,-2800
1697,5,-2802
1696,3,-2802
1691,3,-2799
1695,3,-2804
1695,3,-2803
1695,5,-2802
1695,6,-2804
1695,4,-2804
1694,3,-2804
1693,5,-2799
1693,3,-2799
1689,3,-2801
1689,3,-2801
1706,3,-2819
1655,3,-2801
1653,3,-2800
1652,3,-2800
1652,3,-2800
1693,3,-2814
1693,3,-2814
1704,3,-2817
1704,3,-2817
1707,4,-2817
1707,4,-2817
1704,3,-2817
1707,4,-2817
1707,4,-2817
1707,4,-2817
1707,4,-2817
1707,4,-2817
1707,4,-2817
1707,4,-2817
1707,4,-2817
1629,2,-2838
1628,2,-2836
1630,2,-2836
1587,4,-2904
1524,3,-3053
1527,8,-3143
1526,-3,-3184
1526,24,-3184
1526,-4,-3184
1526,-8,-3184
1526,-5,-3184
1487,19,-3238
1423,25,-3425
1416,45,-3751
1279,4,-3808
1276,7,-3832
1295,5,-3837
1232,3,-3808
1251,4,-3841
1251,4,-3841
1251,4,-3841
1251,4,-3841
1274,7,-3847
1234,5,-3881
1242,3,-3868
1247,4,-3856
1247,4,-3856
1247,4,-3856
1247,4,-3856
1247,4,-3856
1247,4,-3856
1247,4,-3856
1247,4,-3856
1247,4,-3856
1247,4,-3856
1247,4,-3856
1247,4,-3856
1247,4,-3856
1247,4,-3856
1247,4,-3856
1247,4,-3856
1247,4,-3856
1262,7,-3855
1267,9,-3862
1217,5,-3871
1219,3,-3868
1225,4,-3877
1227,4,-3879
1224,4,-3879
1224,4,-3879
1224,4,-3879
1224,4,-3879
1227,4,-3880
1229,4,-3879
1229,4,-3879
1228,4,-3879
1228,4,-3879
1228,4,-3879
1248,27,-3930
1167,4,-3899
1162,4,-3900
1178,4,-3897
1163,21,-3847
1170,31,-3835
1162,-6,-3855
1163,2,-3848
1159,20,-3835
1156,20,-3832
1146,20,-3843
1185,1,-3874
1155,-6,-3856
1247,-2,-3902
1268,-3,-3908
1268,-8,-3908
1268,-8,-3908
1279,9,-3893
1276,9,-3896
1232,7,-3892
1217,4,-3854
1214,4,-3874
1207,1,-3917
1188,5,-3851
1190,12,-3857
1188,5,-3856
1286,35,-3882
1261,7,-3823
1257,8,-3894
1273,14,-3887
2096,117,-4201
2090,112,-4199
2093,110,-4200
2097,108,-4200
2099,108,-4200
2100,108,-4199
2091,116,-4195
2100,110,-4196
2100,108,-4196
2098,108,-4198
2101,108,-4197
2098,108,-4200
2086,114,-4198
2106,117,-4194
2092,116,-4202
2092,116,-4202
2093,116,-4201
2102,115,-4209
2087,114,-4194
2124,55,-4132
2125,67,-4160
2108,98,-4181
2101,117,-4196
2096,116,-4197
2099,115,-4210
2117,47,-4307
2094,-5,-4349
2118,11,-4397
2124,10,-4387
2115,7,-4396
2115,7,-4396
2115,7,-4396
2122,91,-4260
2098,116,-4204
2101,116,-4197
2104,116,-4197
2105,116,-4203
2105,116,-4203
2099,118,-4204
2100,116,-4205
2101,116,-4205
2100,116,-4205
2096,116,-4205
2096,116,-4205
2094,116,-4204
2107,90,-4240
2136,31,-4322
2216,61,-4198
2108,113,-4211
2097,117,-4201
2092,116,-4200
2091,115,-4200
2089,115,-4201
2089,115,-4201
2089,115,-4200
2088,114,-4201
2097,108,-4201
2097,107,-4198
2097,107,-4198
2097,107,-4197
2098,107,-4199
2099,106,-4199
2101,105,-4198
2102,104,-4199
2106,104,-4198
2086,113,-4202
1660,3,-2800
1817,9,-2544
1819,13,-2214
1729,16,-1987
1664,14,-1773
1596,0,-1630
1531,14,-1244
1621,12,-922
1552,25,-829
1463,13,-499
1366,8,-382
1323,5,-280
1321,11,-188
1257,32,109
1251,55,131
1249,54,137
1249,54,137
1249,58,153
1249,51,143
1236,66,138
1262,52,159
1262,52,159
1244,57,129
1242,59,124
1234,66,129
1234,66,129
1238,67,145
1236,58,131
1235,62,127
1241,62,128
1238,62,128
1237,62,129
1235,58,129
1235,58,129
1235,58,129
1234,58,131
1234,58,131
1234,58,131
1234,58,131
1234,58,131
1235,63,130
1234,61,131
1231,62,125
1218,69,130
1218,69,130
1218,69,130
1219,69,130
1224,81,139
1234,88,176
1232,89,199
1222,59,239
1222,59,239
1222,59,239
2084,112,-4199
2099,108,-4201
2098,108,-4200
2098,108,-4200
2098,108,-4200
2104,104,-4197
2105,104,-4197
2104,104,-4199
2102,104,-4199
2089,115,-4202
2095,108,-4199
2096,108,-4200
2102,104,-4197
2105,104,-4197
1226,66,129
1238,62,133
1449,-506,-1772
2086,112,-4199
2104,104,-4194
2104,104,-4192
2103,104,-4194
2105,104,-4192
2105,104,-4191
2103,104,-4189
2101,104,-4191
2100,104,-4184
2094,111,-4199
2105,104,-4186
2108,105,-4186
2106,104,-4191
2108,104,-4190
2104,104,-4193
2103,104,-4188
2103,104,-4193
2103,104,-4193
2108,104,-4191
2108,104,-4190
2090,112,-4200
2091,115,-4199
2096,115,-4191
2277,102,-4187
2077,102,-4187
2095,108,-4186
2093,107,-4186
2074,106,-4200
2074,106,-4200
2077,108,-4197
2085,112,-4199
2097,107,-4199
2099,108,-4200
2099,108,-4200
2099,108,-4200
2099,108,-4200
1705,3,-2818
2099,107,-4197
2111,104,-4191
2113,104,-4191
2108,104,-4191
2105,104,-4195
2100,109,-4187
2075,21,-4189
2082,37,-4174
2082,36,-4174
2083,37,-4173
2084,37,-4177
2084,37,-4177
2082,37,-4176
2084,37,-4178
2084,37,-4178
2078,34,-4175
2079,32,-4177
2078,34,-4177
2077,34,-4175
2083,37,-4180
2081,37,-4174
2081,37,-4175
2086,37,-4175
2084,37,-4176
2082,37,-4178
2086,37,-4178
2086,37,-4178
2086,37,-4178
2086,37,-4178
2086,37,-4178
2086,37,-4178
2086,37,-4178
2086,37,-4178
2086,37,-4178
2086,37,-4178
2086,37,-4178
2086,37,-4178
2086,37,-4178
2086,37,-4178
2086,37,-4178
2086,37,-4178
2086,37,-4178
2086,37,-4178
2086,37,-4178
2086,37,-4178
2086,37,-4178
2086,37,-4178
2086,37,-4178
2086,37,-4178
2086,37,-4178
2086,37,-4178
2086,37,-4178
2086,37,-4178
2086,37,-4178
2086,37,-4178
2086,37,-4178
2086,37,-4178
2086,37,-4178
2086,37,-4178
2086,37,-4178
2086,37,-4178
2086,37,-4178
2086,37,-4178
2086,37,-4178
2086,37,-4178
2086,37,-4178
2086,37,-4178
2086,37,-4178
2086,37,-4178
2086,37,-4178
2086,37,-4178
2086,37,-4178
2086,37,-4178
2086,37,-4178
2086,37,-4178
2086,37,-4178
2086,37,-4178
2086,37,-4178
2086,37,-4178
2086,37,-4178
2086,37,-4178
2086,37,-4178
2086,37,-4178
2086,37,-4178
2086,37,-4178
2086,37,-4178
2086,37,-4178
2086,37,-4178
2086,37,-4178
2086,37,-4178
2086,37,-4178
2086,37,-4178
2086,37,-4178
2086,37,-4178
2086,37,-4178
2086,37,-4178
2086,37,-4178
2086,37,-4178
2086,37,-4178
2086,37,-4178
2085,37,-4176
2085,37,-4176
2085,37,-4176
2090,38,-4174
2083,37,-4178
2084,37,-4177
2082,37,-4176
2029,-3,-4153
2082,37,-4176
2082,37,-4176
2080,36,-4173
2084,37,-4179
2083,37,-4179
2088,37,-4179
2090,32,-4156
2089,32,-4161
2089,32,-4161
2089,34,-4168
2087,32,-4162
2085,32,-4161
2091,32,-4162
2090,32,-4160
2083,32,-4160
2084,32,-4163
2093,32,-4162
2092,34,-4168
2091,32,-4163
2093,32,-4163
2081,32,-4162
2082,32,-4162
2082,32,-4162
2079,32,-4161
2080,32,-4162
2080,32,-4162
2081,32,-4166
2080,32,-4159
2080,32,-4160
2082,32,-4162
2079,32,-4162
2078,32,-4163
2077,32,-4161
2076,32,-4163
2075,32,-4160
2091,39,-4176
2003,39,-4166
2022,-5,-4155
1928,33,-4065
1913,2,-3975
1905,4,-3978
1945,34,-4096
2082,37,-4187
2082,37,-4187
2082,37,-4187
2082,37,-4187
2082,37,-4187
2081,37,-4188
2081,37,-4187
2081,39,-4187
2081,37,-4187
2082,37,-4187
2082,37,-4183
2092,32,-4158
2067,38,-4168
2067,35,-4168
2067,35,-4168
2067,35,-4168
2067,35,-4168
2067,35,-4168
2067,35,-4168
2067,35,-4168
2067,35,-4168
2067,35,-4168
2067,35,-4168
2067,35,-4168
2067,35,-4168
2067,35,-4168
2067,35,-4168
2067,35,-4168
2067,35,-4168
2067,35,-4168
2067,35,-4168
2067,35,-4168
2067,35,-4168
2067,35,-4168
2067,35,-4168
2067,35,-4168
2067,35,-4168
2067,35,-4168
2084,37,-4181
2080,41,-4180
2080,39,-4176
128,14,128
128,14,128
112,13,133
2085,113,-4201
2084,113,-4198
-396,8,-838
-388,9,-831
-324,17,-791
-317,18,-777
-317,18,-777
-318,18,-781
-330,18,-753
-325,19,-756
-228,16,-773
0,4,-862
0,4,-862
0,3,-865
24,3,-862
31,7,-841
31,7,-841
31,7,-841
32,7,-840
32,7,-840
31,7,-840
28,4,-861
28,4,-861
28,4,-861
396,2,-781
396,2,-781
396,2,-781
396,2,-781
396,2,-781
396,2,-781
396,2,-781
396,2,-781
396,2,-781
396,2,-781
396,2,-781
396,2,-781
396,2,-781
396,2,-781
394,2,-783
399,2,-784
399,2,-784
474,8,-716
373,1,-851
349,33,-936
381,33,-896
273,-1,-867
273,-1,-867
273,-1,-867
273,-1,-867
273,-1,-867
310,33,-975
310,33,-975
313,33,-976
319,34,-973
318,34,-973
318,34,-973
318,34,-973
322,33,-966
316,34,-965
368,2,-1018
371,2,-1021
286,2,-998
27526,-30907,1029
27526,-30908,1029
27524,-30909,1026
27528,-30906,1026
284,2,-1000
284,2,-1000
284,2,-1000
284,2,-1000
284,2,-1002
289,2,-983
289,2,-983
289,2,-983
289,2,-983
289,2,-983
318,4,-947
286,3,-973
287,2,-983
287,2,-983
287,2,-983
285,2,-997
282,0,-999
280,1,-997
290,2,-983
270,2,-859
270,2,-859
270,3,-859
265,3,-860
265,3,-859
275,1,-859
272,5,-857
263,14,-778
263,12,-777
272,5,-857
274,2,-859
274,2,-858
274,2,-858
274,2,-858
272,2,-858
269,2,-857
267,3,-851
267,3,-855
271,2,-858
272,2,-859
318,7,-866
767,0,-796
1241,15,-766
1339,27,-734
1480,2,-706
1480,2,-706
1572,14,-703
1601,23,-682
1624,25,-639
1742,24,-738
1613,15,-780
1613,15,-779
268,-3,-832
256,-3,-827
268,-2,-832
269,7,-969
306,10,-870
429,2,-1179
429,2,-1179
429,2,-1179
429,2,-1179
429,2,-1179
429,2,-1179
339,1,-1245
428,2,-1188
428,2,-1178
284,-10,-858
284,-10,-858
284,-10,-858
284,-10,-858
284,-10,-858
284,-10,-858
284,-10,-858
284,-10,-858
330,-573,-1021
329,-576,-1022
329,-576,-1022
349,-566,-1025
349,-566,-1025
350,-566,-1025
349,-566,-1025
349,-566,-1025
349,-566,-1025
349,-566,-1025
349,-566,-1025
359,-566,-1032
350,-567,-1026
351,-571,-1016
343,-571,-1012
361,-366,-1026
361,-338,-1019
361,-342,-1015
345,-324,-1057
345,-324,-1057
345,-324,-1057
345,-324,-1057
345,-324,-1057
345,-324,-1057
344,-324,-1054
345,-324,-1049
267,3,-854
418,2,-945
502,9,-1193
485,6,-1171
327,25,-1252
327,-4,-1252
327,-5,-1252
288,15,-1188
271,-3,-1177
271,-3,-1177
320,32,-1246
327,26,-1252
327,26,-1252
327,26,-1252
327,26,-1252
327,26,-1252
327,26,-1252
327,26,-1252
327,26,-1252
327,26,-1252
327,26,-1252
327,26,-1252
323,-1,-1250
327,26,-1252
327,26,-1252
327,26,-1252
327,26,-1252
327,26,-1252
327,26,-1252
327,26,-1252
314,12,-980
313,18,-973
318,2,-1003
342,-319,-1025
307,2,-945
313,2,-960
313,2,-960
315,2,-965
312,2,-965
312,2,-965
312,2,-965
311,2,-959
312,2,-959
273,2,-858
267,2,-847
268,3,-860
270,3,-859
268,3,-858
266,3,-844
268,3,-858
296,2,-841
232,4,-750
306,2,-897
269,6,-742
204,4,-748
156,10,-748
141,9,-760
109,2,-731
69,11,-750
63,19,-731
62,23,-733
61,23,-743
35,5,-852
44,17,-747
61,23,-744
-25,7,-760
267,3,-844
272,3,-843
257,-3,-827
264,-3,-829
273,3,-844
270,3,-858
267,2,-857
268,2,-857
269,2,-858
269,2,-858
269,2,-860
268,2,-846
268,3,-844
268,3,-846
266,3,-847
305,4,-781
465,5,-639
490,-5,-547
486,-2,-546
493,-12,-529
483,-15,-530
263,3,-845
266,3,-852
267,2,-850
267,-3,-830
267,3,-841
265,3,-861
266,3,-862
266,2,-864
265,2,-866
263,2,-866
267,2,-864
263,2,-865
264,3,-865
266,3,-862
266,3,-859
-640,36,-781
-629,2,-821
-620,2,-812
-622,2,-809
-629,2,-819
-733,6,-798
-651,1,-811
-645,2,-820
265,-3,-827
266,-3,-828
263,-3,-828
264,3,-845
268,3,-861
167,24,-1123
167,38,-1123
167,5,-1123
161,38,-1118
166,38,-1115
169,40,-1116
163,38,-1118
164,38,-1122
166,38,-1120
214,-2,-1125
214,11,-1125
214,-3,-1125
214,-3,-1125
224,-3,-1100
211,6,-1122
165,37,-1121
274,6,-980
269,3,-860
269,3,-860
269,3,-860
269,3,-860
269,3,-860
272,2,-859
269,3,-859
267,3,-855
269,3,-858
345,2,-927
166,38,-1123
162,38,-1121
160,38,-1121
160,38,-1121
160,38,-1121
160,38,-1121
159,38,-1122
159,38,-1122
160,38,-1122
160,38,-1122
160,38,-1122
160,38,-1122
162,38,-1122
162,38,-1120
167,39,-1125
165,38,-1123
163,38,-1121
169,38,-1120
163,38,-1123
164,38,-1123
164,38,-1123
164,38,-1123
164,38,-1123
164,38,-1322
161,38,-1123
167,38,-1121
164,38,-1122
164,38,-1123
164,38,-1125
164,38,-1125
164,38,-1125
164,38,-1125
164,38,-1125
164,38,-1125
165,38,-1121
162,38,-1123
161,38,-1123
162,38,-1122
162,38,-1122
162,38,-1122
162,38,-1122
162,38,-1122
162,38,-1122
162,38,-1122
162,38,-1122
162,38,-1122
162,38,-1122
162,38,-1122
187,38,-1125
187,38,-1125
187,38,-1125
187,38,-1125
187,38,-1125
187,38,-1125
187,38,-1125
187,38,-1125
187,38,-1125
187,38,-1125
187,38,-1125
187,38,-1125
187,38,-1125
187,38,-1125
187,38,-1125
187,38,-1125
187,38,-1125
187,38,-1125
187,38,-1125
187,38,-1125
187,38,-1125
187,38,-1125
187,38,-1125
187,38,-1125
187,38,-1125
187,38,-1125
187,38,-1125
187,38,-1125
187,38,-1125
187,38,-1125
187,38,-1125
187,38,-1125
187,38,-1125
187,38,-1125
187,38,-1125
187,38,-1125
187,38,-1125
187,38,-1125
187,38,-1125
187,38,-1125
180,38,-1122
189,38,-1115
189,38,-1124
190,39,-1121
190,39,-1121
188,38,-1115
182,38,-1119
184,38,-1123
314,2,-1011
361,-375,-1024
361,-376,-1027
357,-396,-1036
354,-401,-1036
354,-400,-1036
354,-400,-1036
357,-402,-1036
359,-420,-1036
359,-420,-1038
27314,-30438,727
27314,-30438,727
27314,-30438,727
182,-860,-731
-633,36,-778
-636,36,-775
-646,36,-767
-646,36,-767
-645,36,-760
-627,36,-757
-616,32,-773
-613,1,-792
-607,13,-876
-548,37,-946
-606,-18,-810
-604,9,-955
-610,32,-1106
-771,25,-1110
-847,28,-1240
-856,17,-1209
-854,18,-1176
-917,5,-1037
-917,5,-1037
-917,5,-1037
-917,5,-1037
-917,5,-1037
-945,8,-1022
-915,5,-987
-915,5,-987
-915,5,-987
-915,5,-987
-915,5,-987
-915,5,-987
-915,5,-987
-916,7,-1001
-916,7,-1001
-921,17,-1095
-939,21,-1163
-850,24,-1100
-938,32,-1065
-1056,15,-1031
-1195,33,-941
-1114,26,-929
-1031,17,-1068
-896,12,-1127
-804,25,-1149
-678,25,-1031
-554,-13,-955
-576,-10,-947
-595,-11,-981
-575,-16,-959
-585,-16,-948
-578,-15,-960
-601,-148,-899
-628,-125,-927
-555,-3,-913
-552,-8,-929
-553,-4,-932
-553,-4,-932
-553,-4,-932
-553,-4,-932
-553,-4,-932
-553,-4,-934
-629,7,-975
-624,8,-942
-612,8,-959
-624,8,-979
-617,9,-959
-599,7,-955
-546,12,-976
-546,12,-976
-546,12,-976
-547,12,-977
-547,12,-977
-630,28,-1144
-704,25,-1104
-858,17,-1162
-1295,-2,-1211
-1290,-2,-1209
-1295,-2,-1217
-1295,3,-1238
-1292,3,-1218
-1289,-2,-1208
-1295,-2,-1203
-1294,-2,-1214
-859,17,-1165
-835,22,-1162
-920,17,-1220
-859,18,-1158
-1294,-2,-1210
-1294,-2,-1214
189,38,-1117
181,38,-1120
181,40,-1127
190,-4,-1095
181,-7,-1128
183,41,-1125
189,41,-1123
179,38,-1120
164,38,-1119
168,38,-1120
162,38,-1123
162,38,-1123
162,38,-1123
162,38,-1123
162,38,-1123
162,38,-1123
162,38,-1123
180,38,-1118
159,38,-1121
159,38,-1121
159,38,-1122
200,33,-1126
326,2,-1052
339,11,-1028
365,2,-940
274,1,-965
167,38,-1119
165,38,-1121
160,38,-1140
160,38,-1140
160,38,-1140
160,38,-1148
167,28,-1152
167,42,-1145
164,38,-1135
179,40,-1120
161,38,-1141
191,20,-1120
161,38,-1119
173,40,-1116
283,4,-1071
316,7,-984
265,32,-954
198,33,-953
143,33,-955
141,33,-954
160,38,-997
168,124,-976
178,6,-1033
180,40,-1121
162,38,-1123
163,38,-1127
157,28,-1124
172,38,-1119
160,38,-1123
160,38,-1123
160,38,-1123
164,38,-1112
166,-37,-1100
162,38,-1119
167,38,-1145
167,38,-1145
167,38,-1144
165,38,-1139
163,39,-1142
165,38,-1136
163,38,-1146
165,38,-1122
173,38,-1120
166,38,-1120
166,38,-1120
166,38,-1120
166,38,-1120
166,38,-1120
166,38,-1120
166,38,-1120
165,38,-1123
160,38,-1119
203,-1,-1125
203,-4,-1121
173,0,-1112
476,-5,-996
294,6,-974
194,49,-1092
162,38,-1122
162,38,-1122
162,38,-1122
162,38,-1122
162,38,-1122
162,38,-1122
164,38,-1118
166,38,-1116
163,38,-1124
167,39,-1147
160,38,-1119
160,38,-1122
161,38,-1117
161,38,-1117
161,38,-1117
161,38,-1117
161,38,-1117
160,39,-1140
160,39,-1140
160,39,-1140
160,39,-1140
160,39,-1140
160,39,-1140
160,39,-1140
160,39,-1140
160,39,-1140
177,-2,-1117
163,38,-1118
163,38,-1118
163,38,-1118
163,38,-1118
166,38,-1121
165,38,-1122
166,38,-1122
166,38,-1122
166,38,-1122
166,38,-1122
166,38,-1122
166,38,-1122
160,37,-1116
192,42,-1099
333,39,-1014
347,33,-956
384,32,-891
345,35,-986
331,33,-990
328,33,-995
328,33,-995
328,33,-995
328,33,-995
328,33,-995
328,33,-995
327,33,-993
326,33,-996
326,33,-996
326,33,-996
326,33,-996
326,33,-996
326,33,-996
328,33,-994
328,33,-995
328,33,-995
328,33,-995
328,33,-995
329,33,-995
329,33,-995
329,33,-995
329,33,-995
329,33,-995
329,33,-995
329,33,-995
329,33,-995
329,33,-995
329,33,-995
329,33,-995
329,33,-995
327,33,-979
292,16,-1055
221,34,-1107
160,38,-1118
162,38,-1121
162,38,-1121
162,38,-1121
162,38,-1121
162,38,-1121
162,38,-1121
164,38,-1115
164,38,-1115
164,38,-1115
164,38,-1115
164,38,-1115
164,38,-1115
164,38,-1115
164,38,-1115
164,38,-1115
164,38,-1115
161,38,-1123
166,39,-1145
166,39,-1145
166,39,-1145
166,39,-1145
164,41,-1131
165,38,-1120
165,38,-1120
165,38,-1120
165,38,-1120
165,38,-1120
164,38,-1111
164,38,-1111
190,41,-1114
190,41,-1114
190,41,-1114
190,41,-1114
166,39,-1137
166,39,-1145
166,39,-1145
166,39,-1145
166,39,-1145
166,39,-1145
163,38,-1133
164,38,-1124
163,38,-1124
197,46,-1093
343,64,-1007
371,41,-957
358,7,-1032
319,6,-1061
309,2,-1070
309,2,-1070
306,2,-1074
306,2,-1075
284,2,-1094
167,41,-1148
167,39,-1146
225,5,-1045
238,3,-1031
168,39,-1141
168,39,-1141
168,39,-1141
168,39,-1141
168,39,-1141
167,39,-1144
167,39,-1144
167,39,-1144
167,39,-1144
87,224,-1115
16,396,-1135
-55,568,-1154
-125,737,-1173
-196,910,-1192
-265,1079,-1211
-336,1251,-1230
-406,1422,-1249
-441,71,-1258
-601,33,-735
-607,35,-744
-607,35,-744
-607,35,-744
-545,39,-734
-402,39,-735
-309,17,-797
-305,20,-798
-306,17,-795
-628,38,-755
-599,33,-734
-599,33,-734
-599,33,-734
-599,33,-734
-600,33,-734
-600,33,-733
303,33,-954
319,33,-954
319,33,-954
-605,33,-735
-603,35,-741
-603,33,-734
-597,37,-734
97,39,-1124
97,39,-1124
97,39,-1124
97,39,-1124
101,36,-1113
100,36,-1112
101,38,-1112
105,40,-1122
168,38,-1120
167,38,-1121
165,38,-1122
159,38,-1120
159,38,-1120
166,38,-1116
-1296,-2,-1204
-1293,-2,-1204
-1293,-2,-1204
-1293,-2,-1204
-1293,-2,-1204
327,32,-995
324,33,-1017
164,40,-1145
165,40,-1144
165,40,-1144
165,40,-1144
344,40,-970
326,33,-995
326,33,-995
326,33,-995
326,33,-995
326,33,-995
329,33,-994
326,33,-988
325,33,-961
325,33,-961
325,33,-963
234,37,-1107
134,38,-1120
129,38,-1119
100,40,-1125
113,39,-1121
100,39,-1125
100,42,-1125
101,41,-1126
113,38,-1119
116,38,-1120
112,38,-1119
112,38,-1119
115,38,-1120
115,38,-1119
114,38,-1119
143,39,-1120
132,38,-1120
163,7,-1108
329,7,-1062
329,7,-1062
132,4,-988
133,2,-985
142,2,-964
133,19,-1105
128,38,-1119
126,38,-1119
160,1,-1101
495,18,-936
553,18,-667
388,4,-739
602,24,-478
626,-1,-488
657,37,-490
1172,38,-399
1640,19,-381
2149,16,-499
2233,20,-621
2336,27,-686
2687,106,-847
3023,5,-1116
3180,4,-1215
3249,9,-1209
3657,39,-1188
3677,3,-1039
3673,3,-1035
3660,21,-1013
3986,18,-982
4406,20,-940
4821,34,-907
5153,31,-839
5593,28,-861
5615,28,-782
6020,28,-785
6381,15,-711
6854,44,-616
7300,52,-538
7336,9,-580
7334,8,-585
7667,13,-622
8038,13,-686
8527,29,-772
8882,17,-891
9114,20,-956
9405,69,-979
9567,108,-988
9802,13,-947
9999,17,-787
10120,39,-689
10158,8,-621
10361,8,-731
10361,8,-731
10363,7,-731
10359,8,-741
10349,9,-738
10382,5,-749
10319,4,-805
10297,16,-903
10302,16,-903
10324,1,-942
10299,8,-941
10312,14,-1013
10289,13,-1036
10324,15,-1120
10378,25,-1173
10402,10,-1159
10400,16,-1160
10419,16,-1137
10414,18,-1147
10458,20,-1126
10472,19,-1137
10472,19,-1137
10472,19,-1137
10472,19,-1137
10462,20,-1127
10493,21,-1145
10548,24,-1180
10542,22,-1176
10542,22,-1176
10542,22,-1176
10542,22,-1176
10507,20,-1153
345,34,-1039
150,38,-1120
135,38,-1120
137,39,-1117
137,39,-1117
134,41,-1111
132,38,-1121
133,38,-1120
133,38,-1120
133,38,-1120
131,37,-1125
133,38,-1123
133,401,-1123
133,229,-1123
156,38,-1119
166,38,-1123
166,38,-1123
166,38,-1123
161,39,-1143
162,38,-1147
160,39,-1144
172,40,-1120
164,38,-1118
131,38,-1123
163,39,-1146
166,39,-1146
166,39,-1146
166,39,-1146
153,39,-1147
166,39,-1145
166,39,-1145
166,39,-1145
163,39,-1147
163,39,-1143
159,38,-1123
159,38,-1123
159,38,-1123
159,38,-1123
162,38,-1142
160,38,-1123
160,38,-1123
160,38,-1123
160,38,-1123
160,38,-1123
162,38,-1122
162,38,-1118
162,38,-1120
162,38,-1120
162,38,-1120
162,38,-1122
164,38,-1121
166,38,-1118
163,38,-1122
163,38,-1122
166,38,-1118
166,38,-1120
166,38,-1120
166,38,-1120
164,38,-1120
163,38,-1130
101,38,-1123
109,38,-1121
138,38,-1111
157,38,-1120
184,41,-1120
165,38,-1139
165,38,-1139
165,38,-1142
164,38,-1144
161,41,-1120
156,38,-1119
162,38,-1123
162,38,-1123
-611,4,-905
-614,4,-905
-626,3,-923
-603,-1,-930
-611,-1,-917
-611,-1,-917
-611,-1,-917
-613,-1,-914
-601,-148,-909
-623,-149,-896
132,37,-1119
145,42,-1120
-613,7,-895
-601,7,-909
-602,7,-896
-602,7,-896
-629,36,-766
-634,35,-753
-634,35,-751
-636,36,-755
-636,36,-755
-635,35,-753
-635,35,-752
-635,35,-753
-632,35,-753
-627,36,-769
107,38,-1120
106,38,-1118
186,38,-1116
112,38,-1120
112,38,-1120
112,38,-1120
112,38,-1120
112,38,-1120
112,38,-1120
112,38,-1120
112,38,-1120
112,38,-1120
112,38,-1120
112,38,-1120
112,38,-1120
112,38,-1120
112,38,-1120
112,38,-1120
112,38,-1120
112,38,-1120
112,38,-1120
112,38,-1120
112,38,-1120
112,38,-1120
112,38,-1120
112,38,-1120
1013,9,-987
1013,9,-987
1013,9,-987
1013,9,-987
1009,29,-1231
1009,28,-1232
1027,29,-1224
1044,32,-1210
1021,50,-1181
1001,48,-1189
1003,43,-1185
976,52,-1196
1018,19,-1003
1026,-1,-1017
1026,-1,-1014
1027,-1,-1011
1027,-1,-1008
1027,0,-1017
1027,0,-1017
1027,0,-1017
1027,0,-1009
1027,0,-1010
1031,0,-997
1031,0,-997
1027,0,-996
1021,0,-995
1027,0,-998
1027,0,-997
1028,0,-994
1029,0,-996
1029,0,-996
1029,0,-996
1026,0,-996
1026,0,-996
1026,0,-996
1026,0,-996
1026,0,-995
1026,0,-995
1029,0,-995
1029,0,-995
1029,0,-994
1029,0,-1005
1023,0,-987
1026,0,-984
1031,0,-992
1029,0,-998
1026,0,-1008
160,38,-1145
1027,-1,-1019
1033,0,-996
1025,0,-1018
1025,0,-1018
160,38,-1145
160,38,-1145
1030,0,-994
1029,0,-1000
1031,-1,-1001
1029,-1,-1001
1029,-1,-1001
1029,-1,-999
1027,-1,-995
1030,-1,-995
1026,0,-1009
164,37,-1118
165,37,-1119
166,38,-1122
163,38,-1123
166,38,-1120
166,38,-1120
166,38,-1120
161,38,-1119
167,38,-1118
1025,0,-1015
1011,0,-1014
1028,-1,-1018
1028,-1,-1018
1028,-1,-1018
1010,-5,-1021
1011,-8,-1024
1011,-8,-1024
1011,-8,-1024
1027,0,-999
1030,0,-985
1030,0,-985
1030,0,-985
1030,0,-989
1030,0,-989
1029,0,-995
1028,0,-996
1027,0,-997
1027,0,-997
1027,0,-997
1027,0,-997
1027,0,-997
1030,0,-1003
1011,-7,-1026
1011,-7,-1025
1025,1,-997
1028,-1,-995
1028,-1,-996
1030,-1,-994
1027,0,-1017
1027,0,-1017
1027,0,-1017
1029,0,-995
1011,-2,-1000
1024,-3,-982
1025,-3,-999
1020,-4,-999
1015,8,-995
1010,2,-1009
1010,2,-1009
1009,5,-1003
1009,2,-1008
1015,0,-1014
1017,0,-1014
1025,0,-1012
1032,0,-1005
1033,0,-998
1030,0,-994
1029,0,-1000
-632,35,-753
-632,35,-753
-632,38,-751
-632,38,-751
-632,38,-751
-632,38,-751
-632,38,-751
-13596,6,-479
-13645,2,-469
-13669,4,-466
-13655,4,-481
21783,2,-23255
21818,3,-23240
21757,8,-23298
-10644,38,-15420
-10647,35,-15407
-10641,35,-15400
1869,16,-1896
1883,54,-1901
1883,58,-1901
1883,55,-1901
1883,53,-1901
1883,53,-1901
1883,53,-1901
1883,18,-1901
1883,49,-1901
1883,49,-1901
1879,49,-1900
1873,49,-1901
1871,49,-1901
1869,20,-1901
1865,-251,-1900
1864,-317,-1899
1788,-307,-1923
1785,29,-1925
1853,46,-1906
1853,23,-1906
1841,10,-1893
1841,10,-1893
1834,14,-1903
1834,14,-1903
1827,14,-1903
1867,52,-1894
1863,52,-1889
1863,52,-1889
1839,24,-1910
1820,1,-1904
1513,-4351,-1254
1515,-4326,-1261
1511,-4319,-1251
1570,-4317,-1256
1591,-4388,-1127
1702,-4375,-1141
1015,8,-999
1022,-5,-989
1023,-156,-981
1024,-193,-986
1022,-223,-979
1026,-240,-979
1026,-278,-982
1033,0,-986
1015,-1,-1011
-637,36,-766
-633,36,-755
-641,36,-761
-641,36,-761
-364,52,-757
-110,52,-943
299,52,-994
327,33,-994
327,33,-994
327,33,-994
327,33,-994
327,33,-994
327,33,-994
327,33,-994
327,33,-994
327,33,-994
327,33,-994
329,33,-993
329,33,-994
329,33,-994
330,33,-995
330,33,-995
330,33,-995
334,33,-996
328,33,-994
328,33,-994
328,33,-994
328,33,-994
328,33,-994
328,33,-994
328,33,-994
328,33,-994
328,33,-994
328,33,-994
332,33,-989
332,33,-989
348,34,-1015
-639,36,-775
-635,36,-775
-636,36,-773
3150,132,-4739
3152,136,-4731
3152,136,-4731
3152,136,-4731
3152,136,-4731
3152,136,-4731
3152,136,-4731
3152,136,-4731
3152,136,-4731
3152,136,-4731
3152,136,-4731
3152,136,-4731
3152,136,-4731
3160,129,-4741
3172,122,-4739
3201,69,-4817
3667,53,-4826
3806,53,-4854
1027,9,-993
1027,9,-993
1027,9,-993
1027,9,-993
1011,-7,-1026
1025,-1,-1017
1025,-1,-1017
1025,-1,-1017
1021,-1,-1017
1026,-1,-986
1029,0,-992
1029,0,-992
1036,13,-995
1011,8,-999
1026,0,-1017
1026,0,-1017
161,38,-1117
348,42,-989
366,36,-956
367,71,-955
356,233,-963
-639,36,-775
1018,4,-1012
1010,1,-1010
28,6,-1131
56,-2,-1134
218,7,-1098
349,45,-954
345,44,-964
328,33,-995
328,33,-995
328,33,-995
328,33,-995
328,33,-995
328,33,-995
131,12,-960
116,4,-959
116,4,-959
116,4,-959
116,4,-959
351,37,-969
327,33,-996
327,33,-996
327,33,-996
331,33,-997
191,24,-881
223,2,-881
140,10,-863
87,14,-824
93,24,-680
93,24,-680
93,24,-680
93,24,-680
93,24,-680
94,25,-685
94,25,-685
94,25,-685
94,25,-685
94,25,-685
94,25,-685
94,25,-685
94,25,-685
94,25,-685
1038,11,-1006
1244,32,-1204
1631,31,-1519
1842,23,-1924
1851,18,-1901
1851,18,-1901
1851,18,-1901
1849,19,-1906
-617,34,-786
1027,9,-1001
1029,9,-1003
1035,10,-1004
1035,10,-1004
1147,42,-1103
1824,-31,-1908
1853,-77,-1892
1809,-45,-1908
1831,-189,-1907
1834,-192,-1906
1834,-192,-1906
1834,-193,-1906
1834,-193,-1906
1834,-193,-1906
1829,89,-1909
1027,9,-996
1027,9,-996
1027,9,-996
1023,13,-999
1030,0,-989
1030,0,-989
1030,0,-989
1030,0,-989
1030,0,-989
1030,0,-994
1029,0,-1002
1035,-4,-985
1011,2,-1007
1010,-7,-1023
1010,-7,-1023
1010,-7,-1023
1020,-1,-1014
1021,-1,-1018
1021,-1,-1018
1026,-1,-1011
1032,-16,-979
1028,84,-1000
1025,196,-990
1025,308,-991
1019,231,-993
1061,32,-1096
1321,56,-1439
1559,31,-1639
1784,25,-1936
1754,22,-1964
1743,22,-1969
1751,37,-1952
1751,34,-1953
1767,32,-1951
1840,9,-1893
1840,12,-1893
1813,67,-1914
1769,83,-1907
1857,20,-1939
1856,25,-1949
1858,24,-1952
1867,15,-1917
2073,24,-1874
2008,21,-1658
1969,4,-1657
1921,5,-1662
1978,7,-1658
2027,24,-1701
2027,14,-1803
2052,22,-1860
2041,16,-1908
1969,23,-1882
1866,16,-1884
1853,19,-1890
1156,61,-1098
1285,66,-1013
994,10,-1020
1023,8,-1008
1027,0,-1018
1027,0,-1018
1027,0,-1018
1027,0,-1018
1027,0,-1018
1027,0,-1018
1025,0,-1017
1026,0,-1018
1026,0,-1014
1027,0,-1008
1027,0,-1008
1029,0,-1006
1031,0,-1007
1031,0,-1007
1031,0,-1007
1031,0,-1007
1031,0,-1007
1031,0,-1007
1031,0,-1008
1031,0,-1009
1032,0,-1009
1032,0,-1009
815,7282,-633
809,7279,-632
723,7236,-577
723,7236,-577
723,7236,-577
723,7236,-577
723,7236,-577
723,7236,-577
723,7236,-577
723,7236,-577
723,7236,-577
723,7236,-577
