-575,-8,-919
-574,-8,-916
-574,-8,-916
-575,-8,-927
-553,-2,-928
-553,-2,-928
-553,-2,-928
-5749,24,10900
-5761,-3,10904
-5761,-3,10904
-5761,-2,10906
-5761,-2,10907
-5761,-2,10907
-5761,-2,10907
-5761,-2,10907
-5759,-2,10902
-5761,-2,10905
-5761,-2,10902
-649,36,-763
-642,36,-772
-637,36,-759
-604,35,-744
-601,35,-742
-602,34,-734
-604,35,-734
-602,33,-735
-588,33,-735
-596,34,-734
-295,33,-728
-242,33,-735
-244,17,-683
-253,18,-713
-256,18,-710
-246,18,-729
-238,17,-724
-188,7,-767
-190,10,-772
-189,9,-768
-242,17,-772
-316,16,-802
-292,18,-781
-258,19,-767
-281,20,-759
-282,20,-757
-5746,-2,10894
-5749,-2,10897
-615,46,-751
-412,28,-695
-352,29,-682
-368,11,-652
-324,31,-706
-223,30,-719
-276,33,-738
-308,41,-716
-309,27,-716
-283,27,-751
-647,36,-764
-647,36,-764
-645,36,-764
-546,35,-733
-473,4,-667
-477,4,-674
-477,9,-674
-481,13,-669
-481,12,-669
-481,12,-669
-481,12,-669
-478,11,-665
-467,3,-589
-582,10,-318
-660,14,-154
-745,16,24
-836,23,216
-907,62,364
-1441,-7,1718
-1561,24,1795
-1578,18,1817
-1650,24,1988
-1641,14,2006
-1641,15,2002
-1641,15,2002
-1641,15,2002
-1641,15,2002
-1654,23,2032
-1620,23,1911
-1549,20,1711
-1518,25,1624
-1441,33,1419
-1373,28,1213
-1303,23,1002
-1256,21,852
-1229,28,770
-1225,26,770
-1226,29,762
-1187,31,650
-1159,38,576
-1106,31,413
-1106,31,413
-1106,31,413
-1040,32,231
-973,107,43
-943,102,-40
-927,89,-41
-950,92,-13
-939,82,-12
-964,97,69
-958,78,132
-1008,68,344
-1033,71,415
-1033,71,415
-1063,69,509
-1133,57,714
-1172,51,827
-1172,51,827
-1172,51,827
-1197,52,951
-1195,54,1045
-1226,85,1193
-1260,74,1201
-1261,83,1206
-1213,87,1284
-1349,23,1571
-1439,21,1698
-1536,8,1790
-1439,10,1708
-1412,0,1701
-1484,13,1752
-1523,9,1803
-1457,4,1706
-1454,5,1701
-1505,16,1774
-1525,8,1806
-1610,24,1851
-1675,17,1957
-1669,17,1951
-5750,-2,10901
-635,36,-775
-648,36,-765
-646,37,-760
-618,28,-697
-544,1,-722
-546,2,-727
-546,2,-727
-554,3,-714
-643,2,-494
-633,3,-393
-602,6,-433
-642,1,-500
-643,1,-498
-648,1,-652
-729,4,-685
-749,5,-680
-749,3,-677
-749,3,-677
-717,-7,-651
-693,6,-662
-637,40,-717
-624,43,-750
-527,6,-752
-524,1,-773
-524,2,-775
-541,9,-769
-584,1,-756
-582,1,-757
-516,5,-764
-550,8,-799
-568,9,-805
-548,11,-828
-552,7,-889
-595,8,-917
-578,7,-932
4815,-4505,-1554
4818,-4506,-1548
4819,-4506,-1550
-5765,-2,10905
-5767,-2,10903
-5764,-2,10906
-5762,-2,10894
-5765,-2,10903
-5765,-2,10903
-5765,-2,10905
-5762,-2,10904
301,2,-1010
301,2,-1010
331,2,-1018
332,2,-1018
332,2,-1018
368,2,-941
367,2,-1016
367,2,-1056
381,2,-1058
393,2,-1059
403,2,-1061
411,2,-1061
411,2,-1056
-206,33,-783
-206,33,-949
-180,33,-955
-31,33,-953
150,33,-955
313,33,-955
312,33,-955
314,33,-955
317,33,-959
315,29,-963
271,-4,-1008
286,2,-1035
197,0,-1061
-647,36,-766
-644,36,-777
-643,36,-777
-642,36,-776
-647,36,-765
-647,36,-765
-643,36,-777
-643,36,-777
-643,36,-777
-643,36,-780
-643,36,-780
-643,36,-780
-647,37,-771
-645,36,-771
-645,36,-771
-647,38,-771
-645,36,-772
-644,36,-773
-644,36,-778
-645,36,-770
-644,36,-779
-567,0,-759
-605,1,-679
-596,1,-667
-630,1,-678
-715,1,-695
-723,0,-714
-722,1,-747
-745,3,-787
-740,5,-792
-726,1,-825
-676,2,-842
-675,2,-838
-666,2,-832
-672,2,-840
-675,2,-838
-675,2,-840
-672,2,-839
-660,2,-832
-660,2,-832
-660,2,-837
-660,2,-837
-660,2,-837
-620,2,-808
-620,2,-808
-619,2,-808
-622,2,-814
-582,-16,-929
-627,-16,-927
-569,-16,-928
-639,-16,-929
-640,-16,-929
-639,-16,-925
-639,-16,-925
-562,-8,-925
-638,-15,-927
-639,-15,-926
-639,-15,-926
-639,-15,-926
-639,-15,-926
-636,-15,-926
-206,33,-736
-206,33,-913
-201,33,-954
-126,33,-955
89,33,-955
82,33,-955
299,33,-953
316,32,-957
356,2,-892
381,32,-893
363,33,-900
376,2,-856
375,0,-832
372,32,-889
373,33,-958
373,33,-958
374,33,-957
371,26,-960
369,26,-946
379,26,-977
376,34,-966
373,33,-954
370,34,-956
370,34,-955
374,33,-959
348,33,-953
369,33,-972
373,32,-977
370,34,-881
364,33,-900
345,33,-901
361,35,-909
361,34,-909
361,34,-908
361,33,-908
361,33,-906
360,33,-907
362,36,-910
361,38,-912
351,38,-918
354,37,-921
338,37,-915
333,38,-953
333,39,-953
333,39,-953
324,39,-946
115,33,-954
292,33,-953
317,35,-952
317,36,-952
317,36,-952
317,35,-952
317,36,-952
314,35,-952
333,42,-947
343,44,-955
339,44,-955
322,34,-926
343,38,-948
342,38,-945
346,36,-923
342,38,-947
344,38,-923
348,39,-924
357,34,-922
-5747,-2,10894
-5760,-2,10902
-5760,-2,10890
-5760,-2,10890
372,38,-953
370,33,-967
374,26,-962
373,33,-953
385,1,-773
392,2,-775
403,0,-761
360,3,-754
369,2,-807
322,0,-792
266,9,-758
343,4,-775
1857,6,-1862
1857,6,-1861
1861,7,-1880
1971,29,-1883
2037,85,-1817
2046,47,-1828
2040,15,-1816
2039,15,-1816
2040,14,-1816
2040,14,-1816
2040,4,-1814
2006,4,-1789
1928,9,-1768
1812,4,-1864
1758,4,-1804
1760,4,-1822
1834,-74,-1880
1836,-66,-1874
-536,-710,-1174
-524,-705,-1191
2219,4242,10698
3099,5911,14701
3109,5913,14726
3100,5913,14706
3087,5898,14746
3127,5920,14718
-6521,-11847,-18319
-6535,-11847,-18362
5308,-29280,28062
-5754,15,10916
-644,35,-774
-645,36,-774
-645,36,-778
-645,36,-775
-645,36,-776
-647,38,-776
-647,38,-776
-5742,-2,10883
-5750,23,10904
-5716,6,10923
-5708,5,10923
-5701,6,10924
-5701,6,10927
-5701,6,10927
-5701,6,10927
-5702,6,10927
-5707,5,10927
-5706,6,10927
-5713,6,10927
-5713,6,10930
-5714,6,10931
-5698,6,10932
-5702,6,10931
-5707,6,10931
-5705,6,10925
-5698,6,10925
-5704,6,10928
-5710,6,10928
-5707,6,10930
-5712,6,10929
-5712,6,10929
-5712,6,10929
-5712,6,10929
-5712,6,10929
-5712,6,10929
-5712,6,10929
-5712,6,10929
-5712,6,10929
-5712,6,10929
-5712,6,10929
-5712,6,10929
-5712,6,10929
-5712,6,10929
-5712,6,10929
-5712,6,10929
-5712,6,10929
-5712,6,10929
-5712,6,10929
-5712,6,10929
-5712,6,10929
-5712,6,10929
-5712,6,10929
-5712,6,10929
-5712,6,10929
-5712,6,10929
-5712,6,10929
-5712,6,10929
-5712,6,10929
-5712,6,10929
-5712,6,10929
-5712,6,10929
-5712,6,10929
-5712,6,10929
-5712,6,10929
-5712,6,10929
-5712,6,10929
-5712,6,10929
-5712,6,10929
-5712,6,10929
-5712,6,10929
-5712,6,10929
-5712,6,10929
-5712,6,10929
-5712,6,10929
-5712,6,10929
-5712,6,10929
-5712,6,10929
-5712,6,10929
-5712,6,10929
-5712,6,10929
-5712,6,10929
-5712,6,10929
-5712,6,10929
-5712,6,10929
-5712,6,10929
-5712,6,10929
-5712,6,10929
-5712,6,10929
-5712,6,10929
-5712,6,10929
-5750,23,10901
-5758,-3,10901
-5758,-3,10907
-5758,-3,10908
-5758,-3,10908
-5758,-3,10908
-5758,-3,10908
-5758,-3,10908
-631,36,-754
-631,35,-753
-631,35,-753
-631,35,-753
-631,35,-753
-631,35,-753
-631,35,-753
-633,35,-753
-628,36,-760
-631,36,-762
-5758,-2,10888
-5758,-3,10888
-5758,-3,10888
-5758,-3,10890
-5711,6,10928
-5711,6,10930
-5711,6,10930
-5711,6,10930
-5711,6,10930
-5711,6,10930
-5711,6,10930
-5711,6,10930
-5711,6,10930
-5711,6,10930
-5711,6,10930
-5711,6,10930
-5711,6,10930
-5711,6,10930
-5711,6,10930
-5711,6,10930
-5711,6,10930
-5711,6,10930
-5711,6,10930
-5711,6,10930
-5711,6,10930
-5711,6,10930
-5711,6,10930
-5711,6,10930
-5711,6,10930
-5711,6,10930
-5711,6,10930
-5711,6,10930
-5711,6,10930
-5711,6,10930
-5711,6,10930
-5711,6,10930
-5711,6,10930
-5711,6,10930
-5711,6,10930
-5711,6,10930
-5711,6,10930
-5711,6,10930
-5711,6,10930
-5711,6,10930
-5711,6,10930
-5711,6,10930
-5711,6,10930
-5711,6,10930
-5711,6,10930
-5711,6,10930
-5711,6,10930
-5711,6,10930
-5711,6,10930
-5711,6,10930
-5711,6,10930
-5711,6,10930
-5711,6,10930
-5711,6,10930
-5711,6,10930
-5711,6,10930
-5711,6,10930
-5711,6,10930
-5711,6,10930
-5711,6,10930
-5711,6,10930
-5711,6,10930
-5710,6,10931
-5693,8,10954
-5703,8,10941
-5702,8,10948
-5707,8,10947
-5733,6,10951
-5734,6,10950
-5736,8,10949
-5736,9,10949
-5736,10,10949
-5750,-3,10901
-5750,-3,10901
-646,35,-770
-645,36,-778
-644,36,-777
-631,36,-768
-636,36,-766
-645,36,-771
-645,36,-771
-643,36,-776
-636,36,-767
-636,36,-767
-636,36,-767
-636,36,-767
-636,36,-767
-636,36,-767
-636,36,-767
-636,36,-767
-636,36,-767
-636,36,-767
-636,36,-767
-636,36,-767
-636,36,-767
-646,36,-780
-645,36,-778
-645,36,-778
-645,36,-778
-645,36,-778
-645,36,-778
-645,36,-778
-645,36,-778
-645,36,-778
-641,36,-769
-644,36,-776
-644,36,-776
-644,36,-776
-644,36,-776
-644,36,-776
-644,36,-776
-644,36,-776
-644,36,-776
-644,36,-776
-644,36,-776
-643,36,-771
-637,36,-767
-637,36,-767
-637,36,-767
-645,36,-773
-645,36,-772
-645,36,-772
-645,36,-772
-645,36,-772
-645,36,-772
-645,36,-772
-645,36,-772
-645,36,-772
-645,36,-772
-645,36,-772
-645,36,-772
-645,36,-772
-645,36,-772
-645,36,-772
-645,36,-772
-645,36,-772
-645,36,-772
-645,36,-772
-645,36,-772
-645,36,-772
-645,36,-772
-645,36,-772
-645,36,-772
-645,36,-772
-645,36,-772
-645,36,-772
-645,36,-772
-645,36,-772
-645,36,-772
-645,36,-772
-645,36,-772
-645,36,-772
-645,36,-772
-645,36,-772
-645,36,-772
-645,36,-772
-645,36,-772
-645,36,-772
-645,36,-772
-645,36,-772
-645,36,-772
-645,36,-772
-635,36,-767
-635,36,-767
-635,36,-767
-635,36,-767
-635,36,-767
-635,36,-767
-635,36,-767
-635,36,-767
-635,36,-767
-635,36,-767
-635,36,-767
-635,36,-767
-635,36,-767
-635,36,-767
-635,36,-767
-635,36,-767
-635,36,-767
-635,36,-767
-635,36,-767
-635,36,-767
-635,36,-767
-635,36,-767
-635,36,-767
-635,36,-767
-635,36,-767
-635,36,-767
-635,36,-767
-635,36,-767
-635,36,-767
-635,36,-767
-635,36,-767
-635,36,-767
-635,36,-767
-635,36,-767
-635,36,-767
-635,36,-767
-635,36,-767
-635,36,-767
-635,36,-767
-635,36,-767
-635,36,-767
-635,36,-767
-635,36,-767
-635,36,-767
-635,36,-767
-635,36,-767
-635,36,-767
-635,36,-767
-635,36,-767
-635,36,-767
-635,36,-767
-635,36,-767
-635,36,-767
-635,36,-767
-635,36,-767
-635,36,-767
-635,36,-767
-635,36,-767
-635,36,-767
-635,36,-767
-635,36,-767
-635,36,-767
-635,36,-767
-635,36,-767
-635,36,-767
-635,36,-767
-635,36,-767
-635,36,-767
-633,36,-766
-632,36,-765
-632,36,-766
-632,36,-766
-632,36,-766
-652,35,-748
-653,35,-742
-655,35,-748
-657,35,-744
-659,35,-747
-632,35,-766
-632,36,-766
-632,36,-766
-637,36,-766
-635,36,-766
-629,36,-761
-629,36,-761
-629,36,-761
-640,36,-765
-653,36,-761
-634,36,-764
-636,36,-773
-636,36,-773
-590,27,-1015
-583,24,-1096
-582,24,-1099
-577,24,-1099
-618,33,-853
-636,35,-773
-656,35,-728
3073,23,14374
-583,35,-535
-648,36,-763
1096,13927,-910
-578,16,-790
-580,3,-788
-685,52,-751
-630,36,-761
-630,36,-761
-630,36,-761
-630,36,-761
-629,36,-761
-634,36,-766
-641,11,-789
-550,2,-832
-575,-162,-916
-614,-149,-929
-614,-149,-929
-614,-148,-929
-614,-149,-929
-5762,-4,10908
-5758,-2,10902
-5758,-3,10902
-5764,-3,10906
-5757,-3,10899
-5770,-3,10892
-5745,-3,10895
-5455,2,10569
-5339,-4,10622
-5354,15,10660
331,33,-996
309,33,-980
310,33,-974
311,33,-974
311,33,-974
311,33,-974
311,33,-974
351,-458,-1030
350,-566,-1027
350,-526,-1027
350,-306,-1027
344,-125,-1048
346,-122,-1047
356,-98,-1038
355,-340,-1020
325,-324,-1029
347,-317,-1035
355,-296,-1024
-638,36,-761
-647,38,-772
-634,37,-778
-585,10,-765
-586,10,-774
-582,2,-783
-568,2,-771
-554,0,-750
-5746,-2,10893
-5704,8,10955
-5704,8,10955
-5704,8,10955
-5704,8,10955
-5704,8,10955
-5704,8,10955
-5704,8,10955
-5704,8,10955
-5704,8,10955
-5704,8,10955
-5704,8,10955
-5704,8,10955
-5704,8,10955
-5704,8,10955
-5704,8,10955
-5704,8,10955
-5704,8,10955
-5704,8,10955
-5704,8,10955
-5704,8,10955
-5704,8,10955
-5704,8,10955
-5704,8,10955
-5704,8,10955
-5704,8,10955
-5704,8,10955
-5704,8,10955
-5704,8,10955
-5704,8,10955
-5704,8,10955
-5704,8,10955
-5704,8,10955
-5704,8,10955
-5704,8,10955
-5704,8,10955
-5704,8,10955
-5704,8,10955
-5704,8,10955
-5704,8,10955
-5704,8,10955
-5704,8,10955
-5704,8,10955
-5704,8,10955
-5704,8,10955
-5704,8,10955
-5704,8,10955
-5704,8,10955
-5704,8,10955
-5704,8,10955
-5704,8,10955
-5704,8,10955
-5704,8,10955
-5704,8,10955
-5704,8,10955
-5704,8,10955
-5704,8,10955
-5704,8,10955
-635,35,-766
-643,35,-769
-645,35,-770
-5749,22,10905
-5742,15,10911
-5759,13,10920
-5764,13,10921
-5763,14,10922
-5761,15,10922
-5694,8,10958
-5694,8,10958
-5694,8,10958
-5676,8,10944
-5676,8,10944
-5676,8,10944
-5676,8,10944
-5676,8,10944
-5743,22,10908
-5666,6,10930
-5666,6,10930
-5758,-2,10895
-5758,-2,10895
-5758,-2,10892
-5670,6,10914
-5670,6,10914
-5670,6,10914
-5670,6,10914
-5670,6,10914
-5670,6,10914
-5668,6,10912
-5668,19,10912
-5668,7,10912
-5671,6,10913
-5671,6,10913
-5671,6,10913
-5671,6,10913
-5672,6,10914
-5674,6,10912
-5673,5,10935
-5673,5,10924
-5677,7,10932
-5679,4,10888
-5684,3,10899
-5681,4,10885
-5681,5,10888
-5675,7,10916
-5675,23,10888
-5673,7,10882
-5675,5,10935
-5669,5,10883
-5673,5,10884
-5673,5,10911
-5672,6,10886
-5672,6,10894
-5672,6,10904
-5673,5,10920
-5673,5,10935
-5672,5,10882
-5674,5,10926
-5672,5,10930
-5672,5,10892
-5672,5,10889
-5672,5,10889
-5672,5,10889
-5672,5,10889
-5672,5,10889
-5672,5,10889
-5672,5,10889
-5672,5,10889
-5672,5,10889
-5672,5,10889
-5672,5,10889
-5672,5,10889
-5672,5,10889
-5672,5,10889
-5672,5,10889
-5672,5,10889
-5672,5,10889
-5672,5,10889
-5672,5,10889
-5672,5,10889
-5672,5,10889
-5672,5,10889
-5672,5,10889
-5672,5,10889
-5672,5,10889
-5672,5,10889
-5672,5,10889
-5672,5,10889
-5672,5,10889
-5672,5,10889
-5672,5,10889
-5672,5,10889
-5672,5,10889
-5672,5,10889
-5672,5,10889
-5672,5,10889
-5672,5,10889
-5672,5,10889
-5672,5,10889
-5672,5,10889
-5672,5,10889
-5672,5,10889
-5672,5,10889
-5672,5,10889
-5672,5,10889
-5672,5,10889
-5672,5,10889
-5672,5,10889
-5672,5,10889
-5672,5,10889
-5672,5,10889
-5672,5,10889
-5672,5,10889
-5672,5,10889
-5672,5,10889
-640,35,-775
-643,35,-770
-645,35,-770
-645,35,-770
-645,35,-770
-645,35,-773
-645,35,-777
-645,35,-777
-5742,21,10905
-5682,6,10937
-5712,4,10919
-5758,-3,10874
-5760,0,10872
-5759,-2,10907
-5759,-2,10907
-5688,28,10922
-5741,30,10905
-5676,5,10893
-5676,5,10898
-5758,25,10909
-5760,-2,10904
-5752,-2,10898
-5760,-2,10906
-5760,-2,10906
-5760,-2,10906
-5760,-2,10906
-5755,-2,10897
-5675,5,10885
-5677,5,10890
-5677,5,10906
-5677,5,10923
-5677,5,10935
-5677,5,10935
-5673,5,10935
-5673,5,10935
-5673,5,10935
-635,35,-756
-645,36,-766
-629,36,-760
-639,36,-767
-644,36,-770
-645,36,-766
-645,36,-765
-635,35,-753
-635,35,-753
-635,35,-753
-635,35,-753
-634,35,-753
-634,35,-753
-634,35,-753
-634,35,-753
-634,35,-753
-634,35,-753
-634,35,-753
-634,35,-753
-634,35,-753
-645,36,-767
-635,35,-753
-635,35,-753
-635,35,-753
-635,35,-753
-635,35,-753
-636,36,-765
-636,36,-765
-637,36,-766
-640,36,-761
-636,36,-766
-636,36,-766
-636,36,-766
-641,36,-771
-645,36,-776
-645,36,-776
-645,36,-776
-645,36,-776
-645,36,-776
-644,36,-776
-644,36,-777
-644,36,-777
-644,36,-777
-644,36,-777
-644,36,-777
-5733,8,10922
-5774,-2,10891
-5775,-2,10889
-5774,-2,10889
-5774,-2,10889
-5774,-2,10889
-5774,-2,10889
-5774,-2,10889
-5774,-2,10889
-5750,-2,10898
-5764,-2,10893
-5764,-2,10893
-5764,-2,10893
1846,21,-1953
1846,21,-1953
1851,22,-1922
1846,22,-1954
1847,22,-1953
-5673,5,10935
-5677,5,10909
-5675,5,10890
-5669,5,10882
-5671,5,10901
-5671,5,10916
-5671,5,10934
-5670,5,10925
-5670,5,10918
-5671,5,10912
-5671,5,10908
-5671,5,10883
-5676,5,10889
-5676,5,10897
-5676,5,10902
-5676,5,10914
-5674,5,10924
-5674,5,10934
-5673,5,10935
-5676,6,10933
-5676,6,10933
-5676,6,10933
-5676,6,10933
-5676,6,10933
-5681,8,10935
-5681,8,10935
-5690,6,10925
-5685,6,10931
-5685,6,10931
-5685,6,10931
-5685,6,10931
-5677,6,10933
-5676,6,10926
-5678,6,10923
-5677,6,10924
-5677,6,10926
-5677,6,10926
-5677,6,10926
-5677,6,10926
-5677,6,10926
-5677,6,10926
-5677,6,10926
-5677,6,10926
-5677,6,10926
-5677,6,10926
-5677,6,10926
-5677,6,10926
-5677,6,10926
-5677,6,10926
-5677,6,10926
-5677,6,10926
-5677,6,10926
-5677,6,10926
-5679,7,10944
-5679,7,10944
-5679,7,10944
-5679,7,10944
-5679,7,10944
-5677,54,10933
-5675,54,10929
-5675,54,10929
-5675,54,10929
-5675,54,10929
-5675,54,10929
-5675,54,10929
-5675,54,10929
-5675,54,10929
-645,36,-779
-644,36,-776
-644,36,-771
-629,36,-760
-638,40,-782
-641,36,-777
-5684,6,10938
-5673,6,10936
-5673,6,10925
-5673,6,10925
-5673,6,10925
-5673,6,10925
-5673,6,10925
-5673,6,10925
-5673,6,10925
-5673,6,10925
-5673,6,10925
-5673,6,10925
-5673,6,10925
-5673,6,10925
-5673,6,10925
-5673,6,10925
-5673,6,10925
-5673,6,10925
-5673,6,10925
-5673,6,10925
-5673,6,10925
-5673,6,10925
-5673,6,10925
-5673,6,10925
-5673,6,10925
-5673,6,10925
-5673,6,10925
-5673,6,10925
-5673,6,10925
-5673,6,10925
-5673,6,10925
-5748,25,10903
-5663,7,10910
1854,50,-1905
1856,50,-1905
1858,50,-1905
1858,50,-1905
1859,50,-1905
1860,50,-1905
1862,50,-1905
1864,50,-1905
1866,50,-1905
1867,50,-1905
1870,50,-1905
1873,50,-1905
1873,53,-1905
1873,53,-1905
1871,53,-1905
1869,53,-1905
1867,53,-1905
1866,53,-1905
1865,53,-1905
1865,53,-1905
1865,53,-1905
1865,53,-1905
-5677,9,10933
-5680,6,10909
-5676,6,10911
-5677,6,10925
-5765,-3,10885
-5765,-3,10885
-5766,-3,10886
-5751,-3,10898
-5700,2,10890
-5700,2,10890
-5665,13,10909
-5647,13,10928
-5658,11,10904
-5662,13,10909
-5666,13,10917
-5679,13,10880
-5674,6,10884
-5674,12,10883
-5674,13,10883
-5657,18,10868
-5671,18,10866
-5671,18,10866
-5671,18,10866
-5671,18,10866
-5671,18,10866
-5671,18,10866
-5671,18,10866
-5671,18,10866
-5671,18,10866
-5671,18,10866
-5671,18,10866
-5671,18,10866
-5671,18,10866
-5671,18,10866
-5671,18,10866
-5671,18,10866
-5671,18,10866
-5671,18,10866
-5671,18,10866
-5671,18,10866
-5671,18,10866
-5671,18,10866
-5671,18,10866
-5671,18,10866
-5671,18,10866
-5671,18,10866
-5671,18,10866
-5671,18,10866
-5671,18,10866
-5671,18,10866
-5671,18,10866
-5671,18,10866
-5671,18,10866
-5671,18,10866
-5671,18,10866
-5671,18,10866
-5671,18,10866
-5671,18,10866
-5671,18,10866
-5671,18,10866
-5671,18,10866
-5671,18,10866
-5671,18,10866
-5671,18,10866
-5671,18,10866
-5671,18,10866
-5671,18,10866
-5671,18,10866
-5671,18,10866
-5671,18,10866
-5671,18,10866
-5671,18,10866
-5671,18,10866
-5671,18,10866
-5671,18,10866
-5671,18,10866
-5671,18,10866
-5671,18,10866
-5671,18,10866
-5671,18,10866
-5671,18,10866
-5671,18,10866
-5671,18,10866
-5671,18,10866
-5671,18,10866
-5671,18,10866
-5671,18,10866
-5671,18,10866
-5671,18,10866
-5671,18,10866
-5671,18,10866
-5671,18,10866
-5671,18,10866
-5671,18,10866
-5671,18,10866
-5671,18,10866
-5671,18,10866
-5671,18,10866
-5671,18,10866
-5671,18,10866
-5671,18,10866
-5671,18,10866
-5671,18,10866
-5671,18,10866
-5671,18,10866
-5671,18,10866
-5671,18,10866
-5671,18,10866
-5671,18,10866
-5671,18,10866
-5671,18,10866
-5671,18,10866
-5671,18,10866
-5671,18,10866
-5671,18,10866
-5671,18,10866
-5671,18,10866
-5671,18,10866
-5671,18,10866
-5671,18,10866
-5671,18,10866
-5671,18,10866
-5671,18,10866
-5671,18,10866
-5671,18,10866
-5671,18,10866
-5671,18,10866
-5671,18,10866
-5671,18,10866
-5671,18,10866
-5677,6,10912
-5676,6,10907
-5672,6,10905
-5748,42,10900
-5752,-2,10895
-5752,-2,10895
-5752,-2,10895
-5752,-2,10895
-5752,-2,10895
-5752,-2,10895
-5750,-2,10897
-5750,-2,10901
-5735,118,10900
-5750,85,10901
-5677,50,10942
-5677,55,10942
-5675,38,10941
-5675,44,10941
-5675,51,10941
-5675,54,10941
-5679,8,10941
-5678,8,10938
-5682,5,10908
-5682,5,10908
-5682,5,10908
-5682,5,10908
-5682,5,10908
-5682,26,10908
-5699,2,10887
-5699,2,10887
-5699,2,10887
-5699,2,10887
-5699,2,10887
-5699,2,10887
-5699,2,10887
-5699,2,10887
-5699,2,10887
-5699,2,10887
-5699,2,10887
-5699,2,10887
-5699,2,10887
-5699,2,10887
-5699,2,10887
-5699,2,10887
-5699,2,10887
-5699,2,10887
-5699,2,10887
-5699,2,10887
-5699,2,10887
-5699,2,10887
-5699,2,10887
-5699,2,10887
-5699,2,10887
-5699,2,10887
-5699,2,10887
-5699,2,10887
-5699,2,10887
-5699,2,10887
-5699,2,10887
-5699,2,10887
-5699,2,10887
-5699,2,10887
-5699,2,10887
-5699,2,10887
-5699,2,10887
-5699,2,10887
-5699,2,10887
-5699,2,10887
-5699,2,10887
-5699,2,10887
-5699,2,10887
-5699,2,10887
-5699,2,10887
-5699,2,10887
-5699,2,10887
-5699,2,10887
-5699,2,10887
-5699,2,10887
-5699,2,10887
-5699,2,10887
-5699,2,10887
-5699,2,10887
-5699,2,10887
-5699,2,10887
-5699,2,10887
-5699,2,10887
-5699,2,10887
-5699,2,10887
-5699,2,10887
-5698,6,10905
-5716,7,10943
-5716,6,10970
-5716,6,10970
-5716,6,10969
-5716,6,10966
-5716,6,10963
-5716,6,10962
-5716,6,10962
-5716,6,10959
-5716,6,10958
-5716,6,10956
-5716,6,10954
-5716,6,10952
-5716,6,10945
-5716,6,10943
-5716,6,10941
-5715,6,10940
