-670,-44,-734
-670,-44,-734
-670,-44,-734
-670,-44,-734
-670,-44,-734
-670,-44,-734
-670,-44,-734
-670,-44,-734
-670,-44,-734
-670,-44,-734
-670,-44,-734
-670,-44,-734
-670,-44,-734
-670,-44,-734
-670,-44,-734
-670,-44,-734
-670,-44,-734
-670,-44,-734
-670,-44,-734
-670,-44,-734
-670,-44,-734
-670,-44,-734
-670,-44,-734
-670,-44,-734
-670,-44,-734
-670,-44,-734
-670,-44,-734
-670,-44,-734
-670,-44,-734
-670,-44,-734
-670,-44,-734
-670,-44,-734
-670,-44,-734
-670,-44,-734
-670,-44,-734
-670,-45,-734
-670,-44,-734
-670,-44,-734
-670,-44,-734
-670,-44,-734
-670,-44,-734
-670,-44,-734
-670,-44,-734
-670,-44,-734
-670,-44,-734
-670,-44,-734
-670,-44,-734
-670,-44,-734
-670,-44,-734
-670,-44,-734
-670,-44,-734
-670,-44,-734
-670,-45,-734
-670,-44,-734
-670,-44,-734
-670,-44,-734
-670,-45,-734
-670,-44,-734
-670,-45,-734
-670,-44,-734
-670,-44,-734
-670,-44,-734
-670,-44,-734
-670,-44,-734
-670,-44,-734
-670,-44,-734
-670,-44,-734
-670,-44,-734
-670,-44,-734
-670,-44,-734
-670,-44,-734
-670,-44,-734
-670,-44,-734
-670,-44,-734
-670,-44,-734
-670,-44,-734
-670,-44,-734
-670,-44,-734
-670,-44,-734
-670,-44,-734
-670,-44,-734
-670,-44,-734
-670,-44,-734
-670,-45,-734
-670,-44,-734
-670,-44,-734
-670,-44,-734
-670,-45,-734
-670,-44,-734
-670,-44,-734
-670,-44,-734
-670,-44,-734
-670,-44,-734
-670,-45,-734
-670,-44,-734
