96,18,911
-16,20,882
-16,20,882
-16,20,882
-16,20,882
-16,20,882
-16,20,882
-16,20,882
-16,20,882
-16,20,882
-16,20,882
-16,20,882
-16,20,882
-16,20,882
-16,20,882
-16,20,882
-16,20,882
-16,20,882
-16,20,882
-16,20,882
-16,20,882
-16,20,882
-16,20,882
-16,20,882
-16,20,882
-16,20,882
-16,20,882
90,10,-121
90,10,-121
77,7,-114
80,6,-111
87,6,-111
84,6,-107
79,7,-117
77,7,-113
77,7,-113
100,13,-112
111,16,-113
106,15,-113
101,14,-101
111,16,-109
111,17,-106
94,12,-105
87,6,-110
87,6,-109
74,6,-114
50,6,-133
36,9,-141
29,9,-142
30,9,-141
30,9,-142
28,8,-141
49,5,-159
59,2,-170
61,2,-172
60,2,-169
60,3,-172
58,3,-172
50,3,-171
47,2,-164
1665,3,-2748
1665,3,-2748
63,7,-170
60,7,-170
1664,3,-2745
1656,3,-2738
1656,3,-2738
1656,3,-2738
1665,3,-2738
1675,3,-2745
1662,6,-2743
1671,7,-2739
1654,3,-2748
1632,2,-2769
1206,58,229
132,12,137
132,12,137
56,5,-133
78,6,-123
97,12,-147
100,11,-155
111,17,-153
126,16,-136
120,16,-134
123,20,-134
105,17,-136
1665,3,-2748
1665,3,-2748
1665,3,-2748
1665,3,-2748
1665,3,-2748
1665,3,-2748
2994,-8150,713
3005,-8155,713
3005,-8155,713
3005,-8155,713
3005,-8155,713
3005,-8155,713
3005,-8155,713
3005,-8155,713
3005,-8155,713
3005,-8155,713
3005,-8155,713
3005,-8155,713
3005,-8155,713
3005,-8155,713
3005,-8155,713
3005,-8155,713
3005,-8155,713
3005,-8155,713
3005,-8155,713
3005,-8155,713
3005,-8155,713
3005,-8155,713
3005,-8155,713
3005,-8155,713
3005,-8155,713
3005,-8155,713
3005,-8155,713
3005,-8155,713
3005,-8155,713
3005,-8155,713
3005,-8155,713
3005,-8155,713
3005,-8155,713
3005,-8155,713
3005,-8155,713
3005,-8155,713
3005,-8155,713
3005,-8155,713
3005,-8155,713
3005,-8155,713
3005,-8155,713
3005,-8155,713
3005,-8155,713
3005,-8155,713
3005,-8155,713
3005,-8155,713
3005,-8155,713
3005,-8155,713
3005,-8155,713
3005,-8155,713
3005,-8155,713
3005,-8155,713
3005,-8155,713
3005,-8155,713
3005,-8156,713
3005,-8156,713
3005,-8156,713
3005,-8156,713
3005,-8156,713
3005,-8156,713
3005,-8156,713
3005,-8156,713
3005,-8156,713
3005,-8156,713
3005,-8156,713
3005,-8156,713
3005,-8156,713
3005,-8156,713
3005,-8156,713
3005,-8156,713
3005,-8156,713
3005,-8156,713
3005,-8156,713
