2449,-8669,1634
2449,-8669,1633
2447,-8667,1633
2447,-8667,1633
2447,-8667,1633
2447,-8670,1633
2456,-8670,1634
2456,-8670,1634
2447,-8670,1636
2447,-8667,1636
2447,-8667,1636
2447,-8667,1636
2447,-8667,1636
2447,-8667,1636
2447,-8667,1636
2447,-8667,1636
2447,-8667,1636
2447,-8667,1636
2448,-8670,1637
2460,-8670,1635
2460,-8670,1635
2450,-8670,1626
2450,-8669,1623
2451,-8670,1626
2459,-8670,1634
2447,-8670,1640
2447,-8666,1640
2447,-8666,1640
2447,-8668,1640
2446,-8669,1640
2446,-8669,1640
2446,-8670,1640
2446,-8671,1633
2447,-8671,1631
2448,-8671,1628
2447,-8671,1630
2447,-8671,1630
2447,-8671,1630
2446,-8671,1636
2453,-8670,1639
2446,-8667,1640
2446,-8667,1640
2454,-8670,1637
2459,-8670,1630
2448,-8669,1634
2446,-8670,1629
2447,-8670,1629
2453,-8670,1629
2451,-8670,1628
2457,-8670,1627
2458,-8670,1638
2446,-8670,1639
2446,-8669,1638
2446,-8663,1635
2446,-8663,1633
2445,-8665,1633
2447,-8663,1633
2446,-8663,1630
2446,-8663,1630
2446,-8663,1630
2446,-8664,1630
2446,-8664,1631
2446,-8664,1628
2446,-8663,1632
2446,-8663,1632
2446,-8664,1638
2447,-8670,1632
2446,-8669,1631
2446,-8670,1631
2456,-8670,1632
2459,-8670,1628
2459,-8670,1628
2446,-8667,1629
2446,-8667,1629
2446,-8667,1629
2446,-8667,1629
2446,-8670,1629
2458,-8670,1634
2460,-8670,1636
2453,-8670,1636
2449,-8670,1636
2449,-8670,1636
2447,-8670,1637
2447,-8670,1635
2447,-8668,1635
2447,-8663,1635
2455,-8670,1634
2447,-8670,1635
2447,-8665,1635
2447,-8670,1635
2459,-8670,1635
2455,-8670,1634
2449,-8669,1635
2446,-8670,1632
2458,-8670,1635
2458,-8670,1636
2460,-8670,1636
2460,-8670,1636
2460,-8670,1636
2460,-8670,1636
2460,-8670,1636
2460,-8670,1636
2460,-8670,1636
2460,-8670,1636
2460,-8670,1636
2460,-8670,1636
2460,-8670,1636
2460,-8670,1636
2460,-8670,1636
2460,-8670,1636
2460,-8670,1636
2454,-8670,1625
2450,-8669,1624
2450,-8669,1624
2455,-8670,1635
2455,-8670,1635
2455,-8670,1635
2455,-8670,1635
2455,-8670,1635
2455,-8670,1635
2455,-8671,1635
2462,-8671,1638
2457,-8671,1637
2457,-8671,1637
2457,-8671,1637
2457,-8671,1637
2457,-8671,1637
2457,-8671,1637
2457,-8671,1637
2457,-8671,1637
2457,-8671,1637
2457,-8671,1637
2457,-8671,1637
2457,-8671,1637
2457,-8671,1637
2457,-8671,1637
2457,-8671,1637
2457,-8671,1637
2457,-8671,1635
2457,-8671,1635
2457,-8671,1635
2457,-8671,1635
2457,-8671,1635
2457,-8671,1635
2457,-8671,1635
2457,-8671,1635
2457,-8671,1635
2449,-8670,1625
2449,-8670,1625
2449,-8670,1625
2449,-8670,1625
2449,-8670,1625
2450,-8670,1625
2451,-8670,1624
2451,-8670,1624
2451,-8670,1624
2451,-8670,1624
2449,-8670,1625
2449,-8670,1626
5556,2,7017
5556,2,7017
5556,2,7017
5214,47,6465
5214,47,6465
5214,47,6465
5214,47,6465
5214,47,6465
5214,47,6465
5214,47,6465
5214,47,6465
5214,47,6465
5214,47,6465
5214,47,6465
5214,47,6465
5214,47,6465
5214,47,6465
5214,47,6465
5214,47,6465
5214,47,6465
5214,47,6465
5214,47,6465
5214,47,6465
5214,47,6465
5214,47,6465
5214,47,6465
5214,47,6465
5214,47,6465
5214,47,6465
5214,47,6465
5214,47,6465
5214,47,6465
5214,47,6465
5214,47,6465
5214,47,6465
5214,47,6465
5214,47,6465
5214,47,6465
5214,47,6465
5214,47,6465
5214,47,6465
5214,47,6465
5214,47,6465
5214,47,6465
5214,47,6465
5214,47,6465
5214,47,6465
5214,47,6465
5214,47,6465
5214,47,6465
5214,47,6465
5214,47,6465
5214,47,6465
5214,47,6465
5214,47,6465
5214,47,6465
5200,47,6481
5200,47,6505
5179,46,6516
5175,44,6521
5170,39,6517
5152,35,6524
5135,43,6527
5134,36,6532
5127,16,6537
5125,6,6540
5108,3,6565
5125,2,6581
5163,4,6595
5191,4,6625
5224,3,6639
5246,4,6671
5271,2,6687
5268,5,6726
5255,5,6765
5232,6,6799
5223,2,6828
5177,2,6837
5126,2,6832
5075,2,6818
5029,2,6832
4985,2,6861
4978,-5,6852
4974,-5,6848
4982,-11,6862
4965,-17,6865
4968,-17,6858
4970,-14,6852
4976,-14,6841
4980,-12,6838
4970,-11,6838
4967,-11,6843
4978,-17,6842
4984,-15,6856
4980,-12,6866
4977,-17,6842
4975,-11,6836
4979,-11,6833
4975,-14,6843
4958,-17,6845
4974,-20,6842
4969,-23,6838
4969,-17,6845
4965,-17,6843
4966,-17,6851
4968,-17,6850
4978,-12,6836
4975,-11,6834
4979,-11,6836
4976,-10,6835
4975,-14,6842
4968,-17,6858
4980,-12,6866
4986,-12,6862
4977,-6,6857
4981,0,6856
4960,1,6864
4940,2,6841
4956,3,6814
4956,4,6814
4970,9,6797
4997,18,6788
4993,19,6788
4993,19,6788
4997,19,6791
191,20,1271
2833,-9124,1465
2825,-9122,1464
2827,-9122,1460
2814,-9122,1456
2778,-9121,1461
2756,-9124,1444
2753,-9125,1442
2752,-9125,1441
2744,-9123,1422
2751,-9120,1404
2746,-9120,1384
2744,-9120,1381
2744,-9119,1378
2744,-9119,1378
2744,-9119,1378
2744,-9119,1378
2744,-9119,1378
2738,-9120,1368
2744,-9119,1346
2755,-9119,1343
2734,-9114,1317
2724,-9109,1294
2726,-9109,1291
2719,-9108,1286
2720,-9107,1281
2717,-9107,1280
2715,-9106,1271
2714,-9106,1269
2715,-9105,1268
2715,-9101,1263
2715,-9101,1263
2715,-9101,1263
2710,-9100,1258
2705,-9097,1245
2711,-9095,1235
2713,-9093,1229
2714,-9092,1226
2724,-9091,1222
2729,-9091,1220
2737,-9091,1216
2743,-9092,1214
2746,-9092,1212
2745,-9093,1211
2745,-9093,1211
2745,-9093,1211
2745,-9096,1198
2747,-9096,1192
2747,-9083,1190
2747,-9078,1190
2747,-9097,1190
2748,-9096,1191
2749,-9096,1188
2749,-9096,1188
2749,-9096,1188
2736,-9098,1177
2720,-9100,1164
2719,-9101,1162
2715,-9104,1162
2715,-9104,1162
2713,-9106,1160
2707,-9112,1157
2704,-9119,1158
2695,-9119,1158
2693,-9119,1159
2712,-9121,1153
2722,-9120,1154
2731,-9115,1155
2731,-9115,1155
2731,-9115,1155
2731,-9115,1155
2731,-9115,1155
2731,-9115,1155
2731,-9115,1155
2740,-9114,1150
2737,-9114,1147
2735,-9115,1150
2695,-9120,1156
2664,-9121,1151
2667,-9121,1153
2672,-9121,1152
2700,-9121,1151
2710,-9121,1151
2717,-9120,1150
2731,-9114,1149
2731,-9114,1149
2731,-9114,1149
5557,1,7016
5563,1,7014
5563,1,7014
5563,1,7014
5563,1,7014
5563,1,7014
2542,-8451,1770
2451,-8670,1631
2451,-8670,1631
2451,-8670,1631
2451,-8670,1631
2451,-8670,1631
2451,-8670,1631
2451,-8670,1631
2451,-8670,1631
2451,-8670,1631
2451,-8670,1631
2451,-8670,1631
2451,-8670,1631
2451,-8670,1631
2451,-8670,1627
2450,-8670,1624
2452,-8669,1630
2451,-8669,1630
2451,-8669,1630
2451,-8669,1630
2451,-8669,1630
2451,-8669,1630
2452,-8669,1630
2452,-8669,1630
2452,-8669,1630
2452,-8669,1630
2452,-8669,1630
2452,-8669,1630
2452,-8669,1630
2452,-8669,1630
2452,-8669,1630
2452,-8669,1630
2452,-8669,1630
2452,-8669,1630
2452,-8669,1630
2452,-8669,1630
2452,-8669,1630
2452,-8669,1630
2452,-8669,1630
2452,-8669,1630
2452,-8669,1630
2452,-8669,1630
2452,-8669,1630
2452,-8669,1630
2452,-8669,1630
2452,-8669,1630
2452,-8669,1630
2452,-8669,1630
2451,-8670,1633
2452,-8670,1635
2452,-8670,1635
2452,-8670,1635
2452,-8670,1635
2452,-8670,1635
2452,-8670,1635
5562,2,7014
5562,2,7014
5564,2,7012
5564,2,7012
5564,2,7012
6276,3,7791
6276,3,7791
6276,3,7791
6276,3,7791
6276,3,7791
6276,3,7791
6276,3,7791
6276,3,7791
6276,3,7791
6276,3,7791
6276,3,7791
6276,3,7791
6276,3,7791
6276,3,7791
6276,3,7791
6276,3,7791
6276,3,7791
6276,3,7791
6276,3,7791
6276,3,7791
6276,3,7791
6276,3,7791
6276,3,7791
6276,3,7791
6276,3,7791
6276,3,7791
6276,3,7791
6276,3,7791
6276,3,7791
6276,3,7791
6276,3,7791
6276,3,7791
6276,3,7791
6276,3,7791
6276,3,7791
6276,3,7791
6276,3,7791
6276,3,7791
6276,3,7791
6276,3,7791
6276,3,7791
6276,3,7791
6276,3,7791
6276,3,7791
6276,3,7791
6276,3,7791
6276,3,7791
6276,3,7791
6276,3,7791
6276,3,7791
6276,3,7791
6276,3,7791
6276,3,7791
6276,3,7791
6276,3,7791
6276,3,7791
6276,3,7791
6276,3,7791
6276,3,7791
6276,3,7791
6276,3,7791
6276,3,7791
6276,3,7791
6276,3,7791
6276,3,7791
6276,3,7791
6276,3,7791
6276,3,7791
6276,3,7791
6276,3,7791
6276,3,7791
6276,3,7791
6276,3,7791
6276,3,7791
6276,3,7791
6276,3,7791
6276,3,7791
6276,3,7791
6276,3,7791
6276,3,7791
6276,3,7791
6276,3,7791
6276,3,7791
6276,3,7791
6276,3,7791
6276,3,7791
6276,3,7791
6276,3,7791
6276,3,7791
6276,3,7791
6276,3,7791
6276,3,7791
6276,3,7791
6276,3,7791
6276,3,7791
6276,3,7791
6276,3,7791
6276,3,7791
6276,3,7791
6276,3,7791
6276,3,7791
6276,3,7791
6276,3,7791
6276,3,7791
6276,3,7791
6276,3,7791
6276,3,7791
6276,3,7791
6276,3,7791
6276,3,7791
6276,3,7791
6276,3,7791
6276,3,7791
6276,3,7791
6276,3,7791
6276,3,7791
6276,3,7791
6276,3,7791
6276,3,7791
6276,3,7791
6276,3,7791
6276,3,7791
6276,3,7791
6276,3,7791
6276,3,7791
6276,3,7791
6276,3,7791
6276,3,7791
6276,3,7791
6276,3,7791
6276,3,7791
6276,3,7791
6276,3,7791
6276,3,7791
6276,3,7791
6276,3,7791
6276,3,7791
6276,3,7791
6276,3,7791
6276,3,7791
6276,3,7791
6276,3,7791
6276,3,7791
6276,3,7791
6270,3,7794
6271,3,7796
6273,3,7784
6273,3,7784
6273,3,7784
6273,3,7784
6273,3,7784
6273,3,7784
6273,3,7784
6273,3,7784
6273,3,7784
6273,3,7784
6273,3,7784
6273,3,7784
6273,3,7784
6273,3,7784
6273,3,7784
6273,3,7784
6273,3,7784
6273,3,7784
6273,3,7784
6273,3,7784
6273,3,7784
6273,3,7784
6273,3,7784
6273,3,7784
6273,3,7784
6273,3,7784
6273,3,7784
6273,3,7784
6273,3,7784
6273,3,7784
6273,3,7784
6273,3,7784
6273,3,7784
6273,3,7784
6273,3,7784
6273,3,7784
6273,3,7784
6273,3,7784
6273,3,7784
6273,3,7784
6273,3,7784
6273,3,7784
6273,3,7784
6273,3,7784
6273,3,7784
6273,3,7784
6273,3,7784
6273,3,7784
6273,3,7784
6273,3,7784
6273,3,7784
6273,3,7784
6273,3,7784
6273,3,7784
6273,3,7784
6273,3,7784
6273,3,7784
6273,3,7784
6273,3,7784
6273,3,7784
6273,3,7784
6273,3,7784
6273,3,7784
6273,3,7784
6273,3,7784
6273,3,7784
6273,3,7784
6273,3,7784
6273,3,7784
6273,3,7784
6273,3,7784
6273,3,7784
6273,3,7784
6273,3,7784
6273,3,7784
6273,3,7784
6273,3,7784
6273,3,7784
6273,3,7784
6273,3,7784
6273,3,7784
6273,3,7784
6273,3,7784
6273,3,7784
6273,3,7784
6273,3,7784
6273,3,7784
6273,3,7784
6273,3,7784
6273,3,7784
6273,3,7784
6273,3,7784
6273,3,7784
6273,3,7784
6273,3,7784
6273,3,7784
6273,3,7784
6273,3,7784
6273,3,7784
6273,3,7784
6273,3,7784
6273,3,7784
6273,3,7784
6273,3,7784
5535,2,7012
5534,2,7017
5540,1,7015
5563,1,7014
5535,1,7014
5536,1,7013
5536,2,7013
5536,2,7013
5536,2,7013
5530,2,7012
5530,2,7012
5530,2,7014
5529,2,7015
5530,2,7017
5529,2,7017
5529,2,7017
5529,2,7017
5529,2,7017
5529,2,7017
5535,2,7016
5534,2,7012
5534,2,7012
5534,2,7012
5562,2,7014
5562,2,7014
5562,2,7014
5562,2,7014
5560,2,7014
5536,2,7013
5535,2,7012
5534,2,7015
5534,2,7014
5534,2,7014
5534,2,7014
5534,2,7014
5534,2,7014
5534,2,7014
5534,2,7014
5534,2,7014
5534,2,7014
5534,2,7014
5534,2,7014
5534,2,7014
5534,2,7014
5534,2,7014
5534,2,7014
5534,2,7014
5534,2,7014
5534,2,7015
5534,2,7015
5534,2,7015
5534,2,7015
5534,2,7015
5534,2,7015
5534,2,7015
5534,2,7015
5534,2,7015
5534,2,7015
5534,2,7015
5534,2,7015
5534,2,7015
5534,2,7015
5534,2,7015
5534,2,7015
5534,2,7015
5534,2,7015
5534,2,7015
5534,2,7015
5534,2,7015
5534,2,7015
5534,2,7015
5534,2,7015
5534,2,7015
5534,2,7015
5534,2,7015
5534,2,7015
5534,2,7015
5534,2,7015
5534,2,7015
5534,2,7015
5534,2,7015
5534,2,7015
5534,2,7015
5534,2,7015
5534,2,7015
5534,2,7015
5534,2,7015
5534,2,7015
5534,2,7015
5534,2,7015
5534,2,7015
5534,2,7015
5534,2,7015
5534,2,7015
5534,2,7015
5534,2,7015
5534,2,7015
5534,2,7015
5534,2,7015
5534,2,7015
5534,2,7015
5534,2,7015
5534,2,7015
5534,2,7015
5534,2,7015
5534,2,7015
5534,2,7015
5534,2,7015
5534,2,7015
5534,2,7015
5534,2,7015
5534,2,7015
5534,2,7015
5534,2,7015
5534,2,7015
5534,2,7015
5534,2,7015
5534,2,7015
5534,2,7015
5534,2,7015
5534,2,7015
5534,2,7015
5534,2,7015
5534,2,7015
5534,2,7015
5534,2,7015
5534,2,7015
5534,2,7015
5534,2,7015
5534,2,7015
5534,2,7015
5534,2,7015
5534,2,7015
5534,2,7015
5534,2,7015
5534,2,7015
5534,2,7015
5534,2,7015
5534,2,7015
5534,2,7015
5534,2,7015
5534,2,7015
5534,2,7015
5534,2,7015
5534,2,7015
5534,2,7015
5534,2,7015
5534,2,7015
5534,2,7015
5534,2,7015
5534,2,7015
5534,2,7015
5534,2,7015
5534,2,7015
5534,2,7015
5534,2,7015
5534,2,7015
5534,2,7015
5534,2,7015
5534,2,7015
5534,2,7015
5534,2,7015
5534,2,7015
5534,2,7015
5534,2,7015
5534,2,7015
5534,2,7015
5534,2,7015
5534,2,7015
5534,2,7015
5534,2,7015
5534,2,7015
5534,2,7015
5534,2,7015
5534,2,7015
5534,2,7015
5534,2,7015
5534,2,7015
5534,2,7015
5534,2,7015
5534,2,7015
5534,2,7015
5534,2,7015
5534,2,7015
5534,2,7015
5534,2,7015
5534,2,7015
5534,2,7015
5534,2,7015
5534,2,7015
5534,2,7015
5534,2,7015
5534,2,7015
5534,2,7015
5534,2,7015
5534,2,7015
5534,2,7015
5534,2,7015
5534,2,7015
5534,2,7015
5534,2,7015
5534,2,7015
5534,2,7015
5534,2,7015
5534,2,7015
5534,2,7015
5534,2,7015
5534,2,7015
5534,2,7015
5534,2,7015
5534,2,7015
5534,2,7015
5534,2,7015
5534,2,7015
5534,2,7015
5534,2,7015
5534,2,7015
5534,2,7015
5534,2,7015
5534,2,7015
5534,2,7015
5534,2,7015
5534,2,7015
5534,2,7015
5534,2,7015
5534,2,7015
5534,2,7015
5534,2,7015
5534,2,7015
5534,2,7015
5534,2,7015
5534,2,7015
5534,2,7015
5534,2,7015
5534,2,7015
5534,2,7015
5534,2,7015
5534,2,7015
5534,2,7015
5534,2,7015
5534,2,7015
5534,2,7015
5534,2,7015
5534,2,7015
5534,2,7015
5534,2,7015
5534,2,7015
5534,2,7015
5534,2,7015
5534,2,7015
5534,2,7015
5534,2,7015
5534,2,7015
5534,2,7015
5534,2,7015
5534,2,7015
5534,2,7015
5534,2,7015
5534,2,7015
5534,2,7015
5534,2,7015
5534,2,7015
5534,2,7015
5534,2,7015
5534,2,7015
5534,2,7015
5521,0,7018
5562,2,7014
5564,2,7014
5564,2,7014
7069,19,7938
7069,19,7938
7071,19,7939
7071,19,7939
7071,19,7939
7077,19,7936
7097,19,7960
7127,26,7968
7144,26,7980
7155,25,7999
7131,23,8031
7122,24,8053
7097,27,8063
7087,28,8078
7083,28,8088
7096,30,8097
7097,29,8099
7097,29,8099
7097,29,8099
7098,29,8100
7097,29,8098
7097,29,8098
7099,29,8102
7097,29,8102
7099,29,8098
7099,29,8098
7090,28,8111
7090,22,8131
7090,22,8133
7090,22,8133
7090,22,8133
7090,19,8155
7089,19,8165
7119,16,8155
7151,12,8147
7184,13,8145
7223,13,8156
7227,11,8192
7192,7,8211
7170,11,8202
7148,12,8197
7145,12,8175
7149,14,8167
7155,8,8158
5563,2,7014
5563,2,7014
5563,2,7014
5563,2,7014
5563,2,7014
5563,2,7014
5559,2,7014
5528,2,7014
5532,2,7014
5549,2,7012
5563,2,7013
5563,2,7013
5563,2,7013
5563,2,7013
5560,2,7014
5544,2,7014
5544,2,7014
5545,2,7014
5549,2,7014
5546,2,7014
5536,2,7014
5536,2,7014
5536,2,7014
5534,1,7011
5537,1,7017
5536,2,7012
5533,2,7012
5523,-1,7011
5517,-1,7014
5523,0,7011
5535,-1,7011
5525,2,7011
5531,2,7012
5523,2,7014
5516,2,7011
5516,0,7018
5516,-1,7012
5516,2,7020
5528,1,7020
5527,-1,7020
5519,0,7020
5516,2,7020
5527,2,7020
5527,-1,7014
5527,0,7019
5528,2,7020
5523,2,7019
5530,2,7013
5538,3,7012
5517,2,7017
5533,2,7020
5533,2,7020
5530,2,7019
5521,2,7011
5537,2,7011
5519,2,7011
5530,2,7011
5522,2,7011
5516,1,7022
5530,2,7020
5521,3,7020
5520,2,7011
5516,2,7012
5517,2,7018
5535,3,7019
5528,2,7013
5525,2,7014
5528,2,7014
5550,2,7014
5528,2,7015
5545,2,7012
5519,2,7018
5533,2,7014
5543,2,7014
5563,2,7014
5563,2,7014
5534,2,7013
5536,2,7014
5562,2,7014
5557,2,7022
5562,2,7020
5564,2,7023
5555,2,7025
5555,2,7028
5562,2,7014
5562,2,7014
5562,2,7014
5562,2,7014
5562,2,7014
5562,2,7014
5562,2,7014
5562,2,7014
5562,2,7014
5562,2,7014
5562,2,7014
5562,2,7014
5559,2,7014
5557,2,7016
5557,2,7016
5557,2,7016
5557,2,7016
5557,2,7016
5557,2,7016
5557,2,7016
5557,2,7016
5557,2,7016
5557,2,7016
5557,2,7016
5557,2,7016
5557,2,7016
5557,2,7016
5557,2,7016
5563,2,7014
5563,2,7014
5556,2,7016
5556,2,7016
5562,2,7014
5562,2,7014
5562,2,7014
5562,2,7014
5562,2,7014
5558,2,7015
5563,2,7014
5563,2,7014
5563,2,7014
5563,2,7014
5556,2,7016
5556,2,7016
5556,2,7016
5563,2,7014
5563,2,7013
5563,2,7013
5557,2,7016
5557,2,7016
5557,2,7016
5557,2,7016
5557,2,7016
5557,2,7016
5557,2,7016
5557,2,7016
5557,2,7016
5557,2,7016
5557,2,7016
5557,2,7016
5557,2,7016
5557,2,7016
5563,2,7014
5563,2,7014
5563,2,7014
5559,2,7014
5559,2,7014
5559,2,7014
5559,2,7014
5559,2,7014
5559,2,7014
5559,2,7014
5560,2,7014
5557,2,7015
5558,2,7015
5559,2,7015
5540,2,7014
5526,2,7016
5521,2,7012
5525,3,7011
5536,3,7011
5536,3,7011
5536,3,7011
5562,2,7013
5562,2,7013
5560,2,7014
5538,2,7011
5538,2,7011
5538,2,7011
5538,2,7011
5538,2,7011
5538,2,7011
5537,3,7019
5537,2,7012
5538,2,7014
5516,3,7018
5523,3,7020
5516,3,7014
5516,3,7019
5517,3,7020
5519,3,7020
5511,-11,7012
5518,-11,7001
5528,1,7005
5537,2,7011
5562,2,7014
5563,2,7014
5544,2,7014
5538,3,7010
5537,2,7010
5537,-1,7008
5537,2,7012
5537,2,7011
5539,2,7015
5554,2,7027
5555,2,7030
5553,2,7029
5553,2,7029
5553,2,7029
5553,2,7029
5553,2,7029
5554,2,7027
5552,2,7029
5556,2,7017
5556,2,7017
5556,2,7017
5556,2,7017
5556,2,7017
5556,2,7017
5556,2,7017
5556,2,7017
5556,2,7017
5556,2,7017
5556,2,7017
5556,2,7017
5556,2,7017
5556,2,7017
5556,2,7017
5556,2,7017
5556,2,7017
5556,2,7017
5556,2,7017
5556,2,7017
5556,2,7017
5555,2,7026
5552,2,7030
5552,2,7034
5553,2,7036
5553,2,7036
5553,2,7036
5553,2,7036
5553,2,7036
5553,2,7036
5553,2,7036
5553,2,7036
5553,2,7036
5553,2,7036
5553,2,7036
5553,2,7036
5553,2,7036
5553,2,7036
5553,2,7036
5553,2,7036
5553,2,7036
5553,2,7036
5553,2,7036
5553,2,7036
5553,2,7036
5553,2,7036
5553,2,7036
5553,2,7036
5553,2,7036
5553,2,7036
5553,2,7036
5553,2,7036
5553,2,7036
5553,2,7036
5553,2,7036
5553,2,7036
5553,2,7036
5553,2,7036
5553,2,7036
5553,2,7036
5553,2,7036
5553,2,7036
5553,2,7036
5553,2,7036
5553,2,7036
5553,2,7036
5553,2,7036
5553,2,7036
5553,2,7036
5553,2,7036
5553,2,7036
5553,2,7036
5553,2,7036
5553,2,7036
5553,2,7036
5553,2,7036
5553,2,7036
5553,2,7036
5553,2,7036
5553,2,7036
5553,2,7036
5553,2,7036
5553,2,7036
5553,2,7036
5553,2,7036
5553,2,7036
5553,2,7036
5553,2,7036
5553,2,7036
5553,2,7036
5553,2,7036
5553,2,7036
5553,2,7036
5552,2,7032
5555,2,7032
5559,2,7024
5546,2,7015
5535,2,7011
5520,2,7011
5553,2,7014
5557,2,7014
5532,1,7004
5529,0,7005
5534,1,7004
5537,0,7005
5536,2,7009
5536,2,7008
5536,2,7008
5536,2,7008
5534,1,7006
5532,-3,7006
5532,1,7007
5532,2,7007
5531,2,7008
5531,-3,7006
5529,-1,7006
5535,2,7009
5535,2,7002
5531,-2,7005
5536,2,7011
5563,2,7014
5563,2,7014
5537,2,7013
5536,2,7008
5531,2,7010
5519,3,7011
5530,2,7013
5518,3,7011
5526,3,7011
5519,2,7012
5530,2,7011
5535,2,7011
5516,3,7014
5539,2,7014
5556,2,7008
5559,2,7008
5550,2,7010
5563,2,7014
5560,2,7014
5537,2,7006
5537,2,7012
5547,2,7017
5528,2,7015
5529,2,7006
5529,2,7006
5529,2,7006
5529,2,7006
5533,2,7016
5528,2,7004
5528,2,7004
5528,2,7004
5528,2,7004
5528,2,7004
5528,2,7004
5528,2,7004
5528,2,7004
5528,2,7004
5528,2,7004
5528,2,7004
5528,2,7004
5528,2,7004
5528,2,7004
5528,2,7004
5528,2,7004
5528,2,7004
5528,2,7004
5528,2,7004
5528,2,7004
5528,2,7004
5547,2,7014
5557,2,7017
5560,2,7018
5556,2,7018
5564,2,7018
5569,2,7018
5561,2,7017
5559,2,7018
5572,2,7016
5573,2,7013
5572,2,7014
5571,2,7019
5571,2,7019
5565,3,7025
5563,3,7022
5571,2,7019
5572,2,7018
5572,2,7017
5572,2,7017
5563,3,7023
5560,2,7018
5558,2,7018
5556,2,7013
5558,2,7017
5557,2,7016
5558,3,7012
5560,2,7017
5559,2,7016
5559,2,7016
5558,2,7014
5557,2,7013
5559,2,7017
5569,2,7017
5569,2,7017
5570,2,7018
5569,2,7016
5570,2,7016
5563,2,7016
5563,2,7016
5564,2,7016
5564,2,7016
5562,2,7017
5564,2,7017
5557,2,7017
5557,2,7017
5560,2,7014
5561,2,7014
5562,2,7017
5562,2,7017
5562,2,7017
5563,-3,7017
5563,-1,7018
5563,-1,7016
5562,-3,7018
5567,2,7020
5562,2,7017
5562,2,7017
5562,2,7017
5562,2,7017
5562,2,7018
5562,2,7018
5562,2,7018
5562,2,7018
5562,2,7018
5562,2,7018
5562,2,7018
5562,2,7018
5562,2,7018
5562,2,7018
5562,2,7018
5562,2,7018
5562,2,7018
5562,2,7018
5562,2,7018
5562,2,7018
5562,2,7018
5562,2,7018
5562,2,7018
5562,2,7018
5562,2,7018
5562,2,7018
5562,2,7018
5562,2,7018
5563,2,7018
5563,2,7018
5562,2,7017
5562,2,7017
5562,2,7017
5562,2,7017
5562,2,7017
5562,2,7017
5562,2,7017
5562,2,7017
5562,2,7017
5562,2,7017
5562,2,7017
5562,2,7017
5562,2,7017
5562,2,7017
5562,2,7017
5562,2,7017
5562,2,7017
5562,2,7017
5562,2,7017
5562,2,7017
5562,2,7017
5562,2,7017
5562,2,7017
5562,2,7017
5562,2,7017
5562,2,7017
5562,2,7017
5562,2,7017
5562,2,7017
5562,2,7017
5562,2,7017
5562,2,7017
5562,2,7017
5562,2,7017
5562,2,7017
5562,2,7017
5564,2,7018
5565,2,7018
5557,2,7019
5555,2,7015
5520,2,7005
5556,2,7013
5557,2,7016
5565,3,7015
5565,3,7015
5523,4,7004
5523,4,7004
5523,3,7004
5523,3,7004
5523,3,7004
5521,3,7006
5559,2,7013
5564,2,7014
5564,2,7014
5564,2,7014
5564,2,7014
5564,2,7014
5564,2,7014
5564,2,7014
5564,2,7014
5564,2,7014
5564,2,7014
5564,2,7014
5564,2,7014
5564,2,7014
5564,2,7014
5564,2,7014
5564,2,7014
5564,2,7014
5564,2,7014
5564,2,7014
2459,-8670,1634
2449,-8669,1633
2449,-8669,1633
2449,-8669,1633
2449,-8669,1633
2449,-8669,1633
2449,-8669,1633
2449,-8669,1633
2449,-8669,1633
2449,-8669,1633
2449,-8669,1633
2449,-8669,1633
2449,-8669,1633
2449,-8669,1633
2449,-8669,1633
2449,-8669,1633
2449,-8669,1633
2449,-8669,1633
2451,-8670,1632
2451,-8670,1635
5564,2,7013
5564,2,7013
5564,2,7013
5564,2,7013
5564,2,7013
5564,2,7013
5564,2,7013
5564,2,7013
5564,2,7013
5564,2,7013
5564,2,7013
5564,2,7013
5564,2,7013
5564,2,7013
5563,2,7014
5557,2,7014
5557,2,7014
5557,2,7014
5557,2,7014
5557,2,7014
5557,2,7014
5557,2,7014
5557,2,7014
5557,2,7014
5557,2,7014
5557,2,7014
5557,2,7014
5557,2,7014
5557,2,7014
5557,2,7014
5557,2,7014
5557,2,7014
5557,2,7014
5557,2,7014
5557,2,7014
5557,2,7014
5557,2,7013
5557,2,7013
5557,2,7013
5557,2,7013
5557,2,7013
5557,2,7013
5557,2,7013
5557,2,7013
5557,2,7013
5557,2,7013
5557,2,7013
5557,2,7013
5557,2,7013
5557,2,7013
5557,2,7013
5557,2,7013
5557,2,7013
5557,2,7013
5557,2,7013
5557,2,7013
5557,2,7013
5557,2,7013
5557,2,7013
5557,2,7013
5557,2,7013
5557,2,7013
5557,2,7013
5557,2,7013
5557,2,7013
5557,2,7013
5557,2,7013
5557,2,7013
5557,2,7013
5557,2,7013
5557,2,7013
5557,2,7013
5557,2,7013
5557,2,7013
5557,2,7013
5557,2,7013
5557,2,7013
5557,2,7013
5557,2,7013
5557,2,7013
5557,2,7013
5557,2,7013
5557,2,7013
5557,2,7013
5557,2,7013
5557,2,7013
5557,2,7013
5557,2,7013
5557,2,7013
5557,2,7013
5557,2,7013
5557,2,7013
5557,2,7013
5557,2,7013
5557,2,7013
5557,2,7013
5557,2,7013
5557,2,7013
5557,2,7013
5557,2,7013
5557,2,7013
5557,2,7013
5557,2,7013
5557,2,7013
5557,2,7013
5557,2,7013
5557,2,7013
5557,2,7013
5557,2,7013
5557,2,7013
5557,2,7013
5557,2,7013
5557,2,7013
5557,2,7013
5557,2,7013
5557,2,7013
5557,2,7014
5556,2,7015
5556,2,7015
5556,2,7015
5556,2,7015
5556,2,7015
5556,2,7015
5556,2,7015
5559,2,7014
5558,2,7014
5558,2,7014
5558,2,7014
5540,2,7014
5521,4,7004
5521,4,7004
5521,4,7004
5521,3,7004
5520,3,7005
5518,3,7005
5524,4,7006
5524,4,7006
5524,4,7006
5524,4,7006
5524,4,7006
5524,4,7006
5526,2,7009
5533,2,7016
5518,2,7011
5538,2,7014
5518,3,7021
5524,3,7020
5526,3,7020
5521,3,7006
5521,4,7007
5529,2,7018
5520,3,7003
5524,5,7005
5525,5,7006
5521,4,7004
5521,4,7004
5521,4,7004
5521,4,7004
5521,4,7004
5521,4,7004
5521,4,7004
5521,4,7004
5521,4,7004
5556,2,7019
5559,2,7013
5559,2,7013
5534,2,7013
5518,3,7005
5523,3,7003
5521,3,7008
5523,2,7011
5523,2,7011
5526,2,7011
5535,2,7013
5535,2,7013
5529,2,7019
5532,3,7020
5537,3,7020
5549,2,7013
5551,2,7011
5551,2,7009
5569,2,7010
5557,5,7015
5556,5,7016
5556,6,7014
5554,6,7021
7156,9,7608
7633,2,7193
