28551,167,29057
28551,167,29057
28551,167,29057
28551,167,29057
28551,167,29057
28551,167,29057
28551,167,29057
28551,167,29057
28551,167,29057
28551,167,29057
28551,167,29057
28551,167,29057
28551,167,29057
28551,167,29057
28551,167,29057
28551,167,29057
28551,167,29057
28551,167,29057
28551,167,29057
28551,167,29057
28551,167,29057
28551,167,29057
28551,167,29057
28551,167,29057
28551,167,29057
28551,167,29057
28551,167,29057
28551,167,29057
28551,167,29057
28551,167,29057
28551,167,29057
28551,167,29057
28551,167,29057
28551,167,29057
28551,167,29057
28551,167,29057
28551,167,29057
28551,167,29057
28551,167,29057
28551,167,29057
28551,167,29057
28551,167,29057
28551,167,29057
28551,167,29057
