-643,36,-768
-643,36,-768
-643,36,-768
-643,36,-768
-643,36,-768
-643,36,-768
-643,36,-768
-643,36,-768
-643,36,-768
-643,36,-768
-643,36,-768
-643,36,-768
-643,36,-768
-643,36,-768
-643,36,-768
-643,36,-768
-643,36,-768
-643,36,-768
-640,40,-772
-592,38,-753
764,30,-1257
2987,19,-2927
2984,19,-2925
2997,17,-2927
2972,42,-3003
2958,34,-3041
2955,31,-3031
2886,42,-2801
2817,39,-2570
2756,39,-2335
2688,39,-2107
2648,23,-1973
2643,23,-1965
2641,23,-1964
2641,23,-1964
2643,23,-1965
2642,23,-1967
2642,24,-1964
2641,24,-1965
2641,24,-1963
2643,64,-1965
2643,39,-1965
2641,40,-1965
2641,40,-1964
2641,40,-1964
2643,23,-1969
2643,24,-1966
2641,23,-1964
2641,23,-1967
2642,25,-1965
2642,25,-1964
2641,25,-1966
2641,25,-1965
2642,23,-1964
2594,46,-1813
2534,46,-1644
2470,40,-1443
2411,40,-1234
2366,40,-1056
2317,40,-849
2314,25,-688
2320,23,-664
2273,3,-637
2257,4,-615
2258,4,-616
2257,4,-623
2248,4,-590
2234,4,-618
2246,4,-614
2265,3,-607
2260,8,-603
2282,17,-611
2282,17,-611
2282,17,-611
2282,17,-611
2278,34,-643
2331,80,-837
2331,80,-837
2417,35,-970
2461,47,-1103
2466,47,-1114
2507,51,-1174
2504,29,-1297
2524,28,-1306
2521,28,-1305
2525,27,-1307
2522,30,-1306
2559,36,-1330
2570,38,-1382
2549,38,-1394
2572,38,-1434
2572,38,-1434
2572,38,-1434
2572,38,-1434
2572,38,-1434
2572,38,-1434
2572,38,-1434
2565,38,-1439
2565,38,-1438
2572,38,-1425
2572,38,-1425
2572,38,-1425
2538,38,-1439
2538,38,-1439
-641,36,-769
-641,36,-769
-641,36,-769
-641,36,-769
-641,36,-769
-640,38,-769
-645,37,-775
-641,37,-769
-645,37,-772
-636,37,-775
-642,36,-769
-638,36,-775
-640,36,-770
-640,36,-770
-640,36,-770
-640,36,-770
-640,36,-770
-627,32,-710
-631,31,-707
-630,31,-708
-631,31,-707
-631,31,-707
-631,31,-707
-631,31,-707
-631,31,-707
-631,31,-707
-631,31,-707
-631,31,-707
-631,31,-707
-631,31,-707
-641,37,-757
-641,37,-757
-641,38,-763
-641,38,-763
-642,37,-766
-642,37,-766
-642,37,-766
-642,39,-764
-642,39,-764
-642,39,-764
-642,39,-764
-642,39,-764
-642,39,-764
-642,39,-764
-642,39,-764
-642,39,-764
-638,36,-776
-638,41,-776
-642,38,-763
-642,38,-763
-643,38,-762
-643,38,-763
-643,38,-763
-643,38,-763
-643,38,-763
-643,38,-763
-643,38,-763
-643,38,-763
-643,38,-763
-643,38,-763
-643,38,-763
-643,38,-763
-643,38,-763
-643,38,-763
-643,38,-763
-644,44,-768
-644,44,-768
-644,44,-768
-644,44,-768
-643,44,-771
-643,44,-771
-643,44,-771
-643,44,-771
-643,44,-771
-643,44,-771
-643,44,-771
-727,5,-680
-744,2,-725
201,49,200
201,49,200
1079,119,-662
1079,119,-662
1077,119,-661
1077,119,-661
-639,36,-780
-641,36,-779
-641,36,-778
-641,36,-778
-642,36,-776
-641,36,-777
-641,36,-777
-638,36,-775
-642,36,-779
-640,36,-779
-640,36,-779
-640,36,-779
-639,36,-776
-636,36,-776
-612,3,-818
-611,3,-820
-635,36,-778
-641,36,-768
-639,36,-763
-659,36,-744
-665,34,-741
-665,34,-741
-642,37,-767
-642,37,-767
-637,37,-779
-641,36,-778
-644,36,-779
-644,36,-779
-644,36,-779
-644,36,-779
-644,36,-776
-644,36,-776
-644,36,-776
-644,36,-775
-644,36,-776
-644,36,-776
-644,36,-776
-634,36,-776
-643,36,-780
-753,14,-742
-757,18,-692
-757,18,-692
-757,18,-692
-757,18,-692
-757,18,-692
-743,11,-679
-743,11,-679
-743,11,-679
-743,11,-679
-655,11,-687
-655,11,-687
-655,11,-687
-722,10,-701
-823,10,-753
-735,13,-692
-738,13,-680
-738,13,-680
1515,-717,-1587
1515,-645,-1586
-640,36,-775
-642,36,-772
-643,36,-767
-638,36,-759
-638,34,-740
-632,34,-739
-632,34,-739
-634,36,-764
-670,30,-803
-627,47,-722
-588,47,-730
-588,47,-730
-588,47,-730
-500,41,-732
-483,30,-691
-459,44,-737
-488,42,-740
-563,42,-731
-562,42,-726
-539,38,-680
-545,38,-682
-545,38,-682
-564,38,-706
-586,34,-753
-586,34,-753
-603,50,-774
-643,45,-737
-630,33,-739
-625,39,-769
-630,36,-769
-630,36,-769
-629,36,-769
-629,36,-769
-631,39,-764
-628,37,-759
-627,37,-766
-632,36,-766
-627,36,-754
-621,36,-755
-621,36,-755
-621,36,-755
-562,50,-764
-523,44,-732
-513,44,-744
-513,44,-744
-512,44,-744
-488,36,-779
-491,36,-821
-488,17,-886
-548,7,-891
-546,7,-891
-552,21,-839
-552,21,-839
-468,14,-786
-471,3,-800
-455,4,-806
-455,4,-806
-477,19,-821
-477,19,-821
-591,38,-799
-609,42,-778
-632,40,-789
-629,40,-789
-607,6,-816
-632,36,-778
-643,36,-780
-655,32,-765
-645,40,-773
-636,40,-762
-628,44,-751
-643,48,-772
-639,39,-781
-639,39,-781
-640,42,-778
-639,42,-780
-639,42,-780
-632,36,-754
-630,39,-759
-630,39,-759
-630,39,-759
-628,44,-777
-628,44,-777
-628,44,-777
-628,44,-777
-628,44,-777
-628,44,-777
-628,44,-777
-628,44,-777
-625,41,-767
-629,36,-764
-634,35,-754
-627,37,-756
-623,41,-767
-623,41,-767
-623,41,-767
-623,41,-767
-645,39,-780
-625,38,-770
-625,38,-770
-625,38,-770
-625,38,-770
-625,38,-770
-623,38,-756
-640,38,-766
-622,38,-764
-622,38,-764
-622,38,-764
-623,38,-763
-622,38,-764
-627,38,-751
-627,38,-751
-630,46,-763
-630,36,-761
-630,36,-761
-626,36,-754
-628,36,-770
-643,36,-763
-630,36,-755
-627,37,-762
-627,37,-762
-627,37,-762
-627,37,-762
-627,37,-762
-627,37,-762
-627,37,-762
-627,37,-761
-627,37,-761
-627,36,-762
-627,36,-761
-631,36,-765
-632,36,-766
-633,36,-767
-633,36,-767
-633,36,-766
-632,36,-766
-625,37,-758
-625,37,-758
-625,37,-758
-631,36,-764
-632,35,-753
-630,36,-757
-630,36,-757
-630,36,-761
-630,36,-761
-630,36,-761
-630,36,-761
-630,36,-761
-627,37,-761
-628,37,-761
-628,37,-761
-627,37,-761
-627,37,-761
-627,37,-761
-627,37,-761
-627,37,-761
-627,37,-761
-622,36,-764
-631,36,-772
-633,36,-773
-633,36,-773
-632,36,-762
-631,36,-765
-631,36,-765
-631,36,-765
-631,36,-765
-632,36,-763
-633,36,-762
-633,36,-762
-633,36,-762
-633,36,-760
-624,36,-755
-623,36,-756
-623,36,-756
-629,36,-767
-615,39,-743
398,14,194
406,12,247
409,12,248
410,12,249
407,12,248
410,12,248
410,12,248
409,12,249
407,12,248
406,16,250
409,12,248
407,11,248
406,11,248
406,11,248
406,11,247
406,11,247
406,11,247
404,11,251
404,11,251
408,11,252
410,15,252
401,11,202
401,11,202
401,11,202
401,11,202
401,11,202
401,11,202
401,11,202
401,11,202
401,11,202
401,11,202
401,11,202
401,11,202
401,11,202
401,11,202
401,11,202
401,11,202
401,11,202
401,11,202
401,11,202
403,13,204
403,13,204
403,13,204
403,13,204
409,16,198
387,16,192
399,25,7
407,16,204
406,16,199
402,16,191
412,16,197
411,18,203
397,18,192
397,18,192
397,18,192
397,18,192
395,19,196
410,12,245
410,12,245
410,12,245
410,12,245
410,12,245
410,12,245
418,23,212
401,23,191
402,23,223
402,23,223
418,20,222
393,29,166
397,31,183
395,18,199
384,25,199
413,28,222
402,38,208
250,57,42
-28,57,-227
-87,57,-286
-87,57,-286
-161,74,-406
-155,74,-408
-155,74,-408
-155,74,-408
-155,74,-408
-155,74,-408
-155,74,-408
-252,67,-488
-478,17,-564
-261,73,-581
-113,44,-597
144,39,-745
2307,-3895,-1994
2313,-3884,-1977
2337,-3886,-1974
2312,-3882,-1969
2312,-3882,-1969
2312,-3882,-1969
2323,-3882,-1965
2307,-3885,-1980
2303,-3891,-1979
2336,-3883,-1955
2336,-3883,-1955
2336,-3883,-1955
2336,-3883,-1955
2265,-3891,-1888
2318,-3886,-1984
2325,-3883,-1962
2326,-3893,-1969
2325,-3893,-1976
2324,-3893,-1970
401,17,200
403,12,201
403,12,201
403,12,201
403,12,201
403,12,201
403,12,201
403,12,201
403,12,201
404,12,198
404,12,198
404,21,198
404,21,198
404,21,198
404,21,198
404,21,198
414,24,177
398,24,187
398,24,187
398,24,187
398,24,187
398,24,187
391,32,184
413,25,237
413,25,237
420,26,205
420,26,205
420,26,205
420,26,205
420,26,205
420,26,205
390,39,217
401,18,199
400,14,194
389,20,190
412,13,250
301,102,103
17,102,-160
138,83,-59
401,19,198
401,19,198
68,47,-150
41,22,-166
50,10,-176
81,27,-183
58,5,-176
-640,36,-775
-640,36,-775
-651,45,-770
190,25,-24
-640,37,-775
-632,43,-771
251,52,48
121,27,-70
-640,36,-775
52,47,-206
0,37,-196
-4,37,-196
31,3,-173
-26,49,-185
-36,49,-168
-13,53,-146
-13,42,-146
-13,42,-146
-13,42,-146
-30,38,-145
-66,-4,-84
-65,26,-78
-57,20,-74
34,40,-55
68,46,-110
152,69,-286
172,29,-326
188,74,-228
175,78,-138
296,48,-222
271,66,-305
-162,20,-341
-285,27,-230
-446,29,-538
-603,49,-784
-458,3,-815
-571,-1,-932
1217,12083,-518
1218,12086,-513
1218,12086,-513
-463,1184,-750
-640,36,-775
-643,38,-779
-638,38,-770
-636,36,-766
-628,36,-760
-641,38,-772
-641,38,-772
-641,38,-772
-640,36,-773
-640,36,-773
-640,36,-773
-640,36,-773
-640,36,-773
-640,36,-773
-640,36,-773
-640,36,-773
-743,6,-724
-743,6,-724
-743,6,-724
-743,6,-724
-751,6,-681
-750,5,-683
-750,5,-683
-750,5,-683
-750,5,-683
-750,5,-683
-750,5,-683
-750,5,-683
-750,5,-683
-750,5,-683
-750,5,-683
-750,5,-683
-750,5,-683
-750,5,-683
-750,5,-683
-750,5,-683
-750,5,-683
-644,41,-755
-635,36,-767
-635,36,-767
-628,36,-764
-628,36,-764
-635,36,-762
16873,20,3588
16876,18,3594
16876,20,3588
-635,36,-766
-635,36,-766
-635,36,-766
-635,36,-766
-635,36,-766
-637,36,-773
16877,19,3592
-635,37,-766
-633,37,-767
-633,37,-767
-633,37,-767
-633,37,-767
-633,37,-767
-633,37,-759
-544,58,-907
-623,-3,-976
-628,-8,-928
-596,-8,-928
-555,-8,-919
-555,-8,-919
-555,-8,-919
-580,-3,-966
-594,2,-927
-612,2,-918
-636,2,-920
-630,2,-900
-630,2,-900
-605,2,-908
-555,2,-913
-555,2,-913
-556,2,-912
-553,-8,-930
-554,-8,-930
-554,-8,-930
-554,-8,-930
-554,-8,-930
-640,36,-769
-640,36,-767
-643,36,-776
-644,36,-775
-645,36,-774
-643,36,-768
-643,36,-768
-643,36,-768
-643,36,-768
-644,36,-779
-642,36,-767
-635,36,-756
-627,39,-751
-641,36,-776
-641,36,-776
-641,36,-776
-642,36,-776
-641,36,-770
-632,36,-754
-632,36,-754
-632,36,-754
-633,36,-754
-644,36,-758
-640,36,-760
-617,38,-746
-635,34,-724
-639,36,-757
-639,36,-757
-642,36,-769
-632,36,-754
-633,36,-755
-632,35,-753
-632,35,-753
-632,35,-753
-632,35,-753
-632,35,-753
-632,35,-753
-632,35,-753
-632,35,-753
-632,35,-753
-632,35,-753
-632,35,-753
-632,35,-753
-632,35,-753
-632,35,-753
-632,35,-753
-632,35,-753
-632,35,-753
-632,35,-753
-632,35,-753
-632,35,-753
-628,38,-756
-634,40,-762
-634,40,-762
-634,40,-762
-634,40,-762
-634,40,-762
-634,40,-762
-585,43,-766
-627,43,-785
-627,43,-785
-640,43,-782
-640,43,-782
-666,17,-783
-656,15,-805
-639,39,-790
-639,39,-790
-639,39,-790
-639,39,-790
-639,39,-790
-639,39,-790
-632,36,-753
-646,38,-775
-645,40,-753
-646,38,-754
-640,41,-765
-640,41,-765
-640,41,-765
-640,41,-765
-637,41,-763
-641,41,-767
-641,41,-768
-641,41,-768
-620,41,-772
-620,41,-772
-620,41,-772
-620,41,-772
-620,41,-772
-620,41,-772
-620,41,-772
-620,41,-772
-620,41,-772
-620,41,-772
-620,41,-772
-655,26,-823
-696,21,-883
-734,12,-843
-746,4,-784
-746,10,-775
-732,12,-774
-696,18,-812
-679,25,-815
-587,8,-831
-580,14,-834
-695,18,-814
-696,19,-811
-696,19,-817
-696,19,-814
-696,19,-813
-696,19,-812
-694,19,-810
-585,19,-821
-565,19,-815
-468,11,-811
-468,11,-811
-468,11,-811
-465,11,-816
-511,12,-867
-498,14,-889
-498,14,-889
-547,14,-888
-550,14,-877
-568,14,-879
-584,17,-869
-600,17,-845
-600,17,-845
-595,17,-806
-590,12,-804
-531,15,-817
-518,12,-817
-518,12,-817
-463,17,-804
-463,17,-804
-463,17,-804
-463,17,-804
-495,20,-820
-545,20,-805
-556,20,-789
-556,20,-789
-473,4,-813
-474,-3,-814
-474,-3,-814
-473,0,-814
-473,4,-815
-462,8,-810
-462,10,-807
-462,7,-811
-462,8,-815
-464,8,-808
-462,8,-814
-465,12,-813
-465,12,-813
-465,12,-813
-462,5,-808
-462,3,-812
-462,3,-812
-462,3,-812
-462,3,-812
-462,3,-812
-462,3,-812
-461,8,-815
-469,13,-818
-469,13,-818
-464,13,-814
-464,13,-814
-471,13,-809
-461,13,-802
-461,13,-802
-461,13,-802
-456,13,-810
-456,13,-810
-456,13,-810
-461,8,-802
-461,8,-802
-461,8,-802
-461,8,-802
-461,8,-802
-631,41,-762
-630,36,-769
-630,36,-769
-630,36,-769
-630,36,-769
-629,36,-769
-629,36,-769
-629,36,-769
-629,36,-769
-611,39,-778
-463,3,-810
-463,4,-810
-463,4,-810
-463,4,-810
-462,7,-807
-463,3,-812
-461,3,-811
-462,3,-811
-463,3,-812
-462,4,-807
-463,4,-807
-462,3,-810
-462,3,-810
-463,3,-808
-463,3,-808
-462,4,-811
-462,3,-808
-461,3,-809
-463,4,-808
-463,4,-808
-459,3,-815
-462,3,-810
-464,5,-806
-458,4,-809
-461,5,-806
-461,5,-806
-459,3,-807
-461,3,-809
-461,3,-809
-462,4,-808
-462,4,-808
-462,3,-808
-471,4,-809
-460,5,-807
-462,3,-809
-462,3,-809
-461,3,-809
-463,14,-810
-463,18,-810
-460,8,-803
-462,7,-805
-403,35,-834
-211,44,-858
-209,44,-921
-360,53,-860
-471,3,-808
-471,3,-808
-463,3,-807
1842,24,-1925
1847,24,-1931
1817,28,-1916
1813,28,-1913
1813,28,-1913
1813,28,-1913
1813,28,-1913
1813,28,-1913
1813,28,-1913
1813,28,-1913
1813,28,-1913
1801,28,-1907
1742,28,-1873
1736,28,-1872
-11803,-2133,12341
-11803,-2133,12341
-11800,-2137,12336
-11800,-2137,12336
-11800,-2137,12336
-11806,-2137,12330
-11806,-2135,12331
-11806,-2135,12331
-11803,-2137,12336
-11803,-2137,12336
-11802,-2139,12337
-11804,-2138,12339
-11804,-2138,12339
-11804,-2138,12339
-11804,-2138,12339
-11804,-2138,12339
-11804,-2138,12339
-11804,-2138,12339
-11803,-2138,12337
-11804,-2138,12335
-11806,-2138,12336
-11807,-2137,12337
-11807,-2137,12336
-11806,-2138,12336
-11806,-2137,12334
-11808,-2137,12335
-11806,-2136,12332
-11803,-2136,12334
-11803,-2136,12334
-11803,-2136,12334
-11803,-2136,12334
-11803,-2136,12334
-11803,-2137,12334
-11803,-2137,12334
-11803,-2137,12334
-11803,-2137,12334
-11803,-2137,12334
-11805,-2137,12332
-11804,-2137,12332
-11804,-2137,12332
-11804,-2137,12332
-11804,-2137,12332
-11804,-2137,12332
-11804,-2137,12332
-11804,-2137,12332
-11804,-2137,12332
-11804,-2137,12332
-11810,-2137,12328
-11795,-2137,12328
-11811,-2137,12316
-11810,-2138,12327
-11810,-2138,12338
-11810,-2138,12338
-11803,-2138,12332
-11802,-2139,12335
-11805,-2138,12332
-11804,-2138,12332
-11806,-2138,12333
-11805,-2138,12331
-11801,-2137,12330
-11806,-2138,12332
-11806,-2138,12332
-11804,-2139,12331
-11807,-2138,12331
-11804,-2138,12329
-11801,-2139,12330
-11805,-2139,12330
-11802,-2139,12334
-11804,-2139,12334
-11798,-2139,12333
-11806,-2139,12331
-11800,-2139,12328
-11806,-2137,12327
-11804,-2137,12333
-11799,-2137,12334
-11806,-2137,12332
-11808,-2138,12331
-11807,-2138,12330
-11807,-2138,12329
-11806,-2138,12329
-11802,-2138,12327
-11802,-2138,12326
-11801,-2138,12326
-11801,-2138,12326
-11801,-2138,12326
-11801,-2138,12326
-11801,-2138,12326
-11801,-2138,12326
-11801,-2138,12326
-11801,-2138,12326
-11801,-2138,12326
-11801,-2138,12326
-11801,-2138,12326
-11801,-2138,12326
-11803,-2137,12325
-11800,-2139,12326
-11797,-2139,12327
-11808,-2137,12332
-11805,-2138,12334
-11798,-2138,12333
-11804,-2138,12328
-11803,-2138,12328
-11801,-2138,12328
-11800,-2138,12328
-11798,-2138,12328
-11806,-2137,12325
-11806,-2138,12326
-11806,-2138,12326
-11806,-2138,12326
-11806,-2138,12326
-11804,-2138,12326
-11801,-2138,12327
-11802,-2138,12326
-11809,-2136,12328
-11807,-2137,12325
-11807,-2137,12325
-11797,-2138,12331
-11796,-2138,12330
-11807,-2137,12329
-11805,-2138,12327
-11797,-2138,12330
-11801,-2138,12333
-11805,-2138,12333
-11806,-2138,12330
-11797,-2138,12329
-11797,-2138,12330
-11803,-2138,12334
-11802,-2139,12333
-11803,-2137,12335
-11803,-2137,12335
-11803,-2137,12335
-11803,-2137,12335
-11801,-2137,12336
-11802,-2137,12337
-11802,-2137,12337
-11805,-2137,12339
-11808,-2137,12336
-11808,-2137,12334
-11809,-2137,12331
-11809,-2137,12331
-11809,-2137,12331
-11809,-2137,12331
-11808,-2137,12330
-11811,-2137,12340
-11805,-2137,12339
-11805,-2137,12339
-11809,-2137,12329
-11809,-2137,12329
-11809,-2137,12329
-11811,-2137,12331
-11803,-2137,12324
-11808,-2137,12336
-11808,-2137,12336
-11807,-2137,12331
-11809,-2137,12330
-11794,-2139,12330
-11796,-2139,12330
-11797,-2138,12331
-11795,-2138,12334
-11794,-2138,12334
-11794,-2138,12334
-11796,-2139,12334
-11796,-2137,12333
-11795,-2136,12324
-11804,-2135,12333
-11797,-2137,12329
-11795,-2137,12328
-11796,-2138,12328
-11796,-2138,12328
-11797,-2136,12327
-11805,-2136,12325
-11803,-2136,12330
-11803,-2137,12338
-11802,-2137,12339
-11802,-2137,12339
-11803,-2137,12340
-11803,-2137,12340
-11799,-2136,12341
-11799,-2136,12341
-11799,-2136,12341
-11799,-2136,12341
-11799,-2136,12341
-11799,-2136,12341
-11799,-2136,12341
-11801,-2136,12337
-11801,-2136,12337
-11801,-2136,12337
-11801,-2136,12337
-11803,-2138,12338
-11802,-2138,12337
-11802,-2138,12337
-11802,-2138,12336
-11802,-2138,12337
-11802,-2138,12337
-11802,-2138,12337
-11802,-2138,12337
-11802,-2138,12337
-11804,-2134,12334
-11804,-2138,12336
-11802,-2138,12340
-11800,-2138,12339
-11800,-2138,12339
-11801,-2137,12339
-11802,-2137,12339
-11802,-2137,12339
-11802,-2138,12339
-11802,-2138,12339
-11802,-2138,12339
-11802,-2138,12339
-11802,-2138,12339
-11802,-2138,12339
-11801,-2138,12339
-11802,-2138,12339
-11802,-2138,12339
-11802,-2138,12339
-11802,-2138,12339
-11802,-2138,12339
-11802,-2138,12339
-11802,-2138,12339
-11802,-2138,12339
-11802,-2138,12339
-11802,-2138,12339
-11802,-2138,12339
-11802,-2138,12339
-11802,-2138,12339
-11802,-2138,12339
-11802,-2138,12339
-11802,-2138,12339
-11802,-2138,12339
-11802,-2138,12339
-11804,-2138,12337
-11802,-2138,12337
-11802,-2138,12337
-11803,-2138,12339
-11803,-2138,12339
-11802,-2138,12337
-11802,-2138,12338
-11803,-2138,12339
-11803,-2138,12339
-11803,-2138,12339
-11803,-2138,12337
-11803,-2138,12337
-11803,-2138,12337
-11805,-2138,12341
-11805,-2138,12341
-11805,-2138,12341
-11803,-2138,12341
-11803,-2138,12341
-11806,-2138,12342
-11802,-2138,12340
-11802,-2138,12340
-11802,-2138,12339
-11801,-2138,12339
-11801,-2139,12336
-11802,-2137,12336
-11802,-2137,12335
-11802,-2137,12335
-11801,-2137,12336
-11801,-2137,12336
-11805,-2137,12341
-11803,-2138,12340
-11797,-2136,12335
-11806,-2136,12325
-11806,-2137,12325
-11804,-2135,12342
-11804,-2135,12342
-11804,-2135,12342
-11804,-2135,12342
-11801,-2137,12341
-11803,-2137,12341
-11803,-2137,12341
-11803,-2137,12341
-11805,-2137,12341
-11806,-2136,12340
-11809,-2136,12339
-11808,-2136,12324
-11808,-2136,12324
-11808,-2136,12324
-11808,-2136,12324
-11808,-2136,12324
-11808,-2136,12324
-11808,-2136,12324
-11807,-2136,12332
-11809,-2138,12338
-11806,-2135,12333
-11803,-2135,12331
-11803,-2135,12331
-11803,-2135,12331
-11803,-2135,12331
-11802,-2135,12330
-11809,-2135,12338
-11810,-2135,12332
-11810,-2135,12332
-11806,-2135,12332
-11808,-2135,12333
-11808,-2135,12333
-11805,-2135,12332
-11806,-2135,12334
-11806,-2135,12334
-11806,-2135,12334
-11806,-2135,12334
-11800,-2135,12329
-11806,-2135,12330
-11808,-2137,12321
-11817,-2135,12319
-11813,-2137,12328
-11817,-2136,12324
-11817,-2136,12324
-11814,-2135,12322
-11812,-2135,12325
-11813,-2134,12326
-11809,-2135,12330
-11810,-2134,12324
-11807,-2138,12331
-11818,-2138,12324
-11809,-2137,12320
-11810,-2137,12322
-11807,-2138,12332
-11804,-2137,12340
-11802,-2136,12326
-11793,-2138,12330
-11806,-2135,12322
-11807,-2137,12320
-465,3,-808
-465,3,-808
-463,4,-807
-463,4,-807
-476,14,-815
-476,14,-815
-476,14,-815
-476,14,-815
-402,22,-819
-416,22,-828
-434,22,-829
-527,49,-917
-540,50,-915
-467,8,-806
-467,8,-806
-458,25,-805
-463,-218,-814
-463,-111,-814
-463,-111,-814
-487,9,-798
-480,9,-793
-494,30,-719
-529,45,-668
-544,45,-666
-708,45,-520
-736,46,-470
-736,46,-469
-738,46,-468
-672,57,-345
-464,3,-518
-453,3,-523
-191,37,-710
127,45,-840
419,39,-1050
331,-332,-1035
336,-322,-1022
346,-325,-1024
346,-323,-1022
345,-323,-1023
347,-323,-1028
347,-323,-1028
347,-323,-1027
347,-323,-1027
345,-326,-1028
346,-323,-1029
348,-323,-1026
346,-323,-1024
348,-322,-1028
337,-320,-1022
339,-324,-1029
338,-324,-1029
338,-324,-1029
346,-324,-1024
345,-324,-1025
345,-324,-1025
345,-324,-1025
338,-322,-1030
338,-322,-1026
334,-316,-1016
360,-322,-1023
339,-328,-1035
345,-324,-1021
341,-324,-1026
341,-324,-1026
341,-324,-1026
336,-324,-1023
337,-324,-1027
337,-324,-1027
337,-324,-1026
336,-324,-1028
339,-324,-1028
337,-324,-1023
341,-325,-1021
346,-325,-1025
343,-251,-1036
322,16,-1044
322,16,-1044
322,16,-1044
123,46,-956
-210,46,-764
-668,-2,-767
1838,23,-1959
1854,27,-1958
1853,24,-1967
1852,24,-1968
1852,24,-1968
1840,24,-1954
1838,24,-1954
1822,16,-1906
1822,16,-1906
-463,0,-813
-467,3,-809
-467,3,-809
-467,3,-809
-467,3,-809
-467,3,-809
-467,3,-809
-467,3,-809
-467,3,-809
-461,3,-813
-460,3,-814
-465,3,-808
-459,3,-811
-459,3,-811
-458,3,-812
-461,3,-815
-461,3,-815
-463,2,-816
-463,2,-816
-463,2,-816
-463,2,-816
-463,2,-816
-463,2,-816
-463,2,-816
-463,2,-816
-463,-23,-816
-463,-23,-816
-462,18,-817
-474,18,-803
-459,28,-773
-459,28,-778
-459,28,-778
-464,7,-811
-460,24,-805
-460,25,-805
-460,25,-805
-527,52,-925
-530,52,-927
-540,52,-932
-540,52,-932
-551,52,-864
-541,52,-912
-541,52,-912
-541,52,-912
-535,52,-915
-535,52,-915
-535,52,-915
-534,12,-916
-520,45,-901
-520,45,-901
-520,49,-904
-520,49,-904
-520,53,-904
-464,15,-807
-11810,-2133,12323
-11808,-2135,12335
-11804,-2135,12333
-11807,-2136,12328
-11809,-2138,12335
-11808,-2138,12335
-475,3,-808
-11802,-2138,12339
-11802,-2138,12339
-11804,-2138,12338
-11800,-2138,12341
-11806,-2137,12328
-11797,-2137,12332
-11800,-2137,12336
-11800,-2137,12336
-11801,-2139,12334
-11809,-2137,12336
-11803,-2136,12334
-11803,-2136,12334
-11803,-2136,12334
-11803,-2136,12334
-11964,-2130,12278
-11990,-2161,12235
-11852,-2104,12379
-11801,-2134,12329
-11801,-2134,12329
-11801,-2134,12329
-11801,-2134,12329
-11801,-2134,12329
-11801,-2134,12329
-11801,-2134,12329
-11801,-2134,12329
-11801,-2134,12329
-11801,-2134,12329
-11801,-2134,12329
-11801,-2139,12334
-11801,-2139,12334
-11801,-2135,12331
-11801,-2135,12331
-11799,-2137,12338
-11800,-2137,12338
-11800,-2137,12338
-11800,-2137,12338
-11800,-2137,12338
-11800,-2137,12338
-11797,-2137,12332
-11799,-2137,12334
-11799,-2137,12334
-11799,-2137,12334
-11799,-2137,12334
-11796,-2137,12332
-11796,-2137,12332
-11800,-2137,12333
-11800,-2139,12333
-11800,-2139,12333
-11798,-2138,12334
-11798,-2133,12334
-11799,-2138,12338
-11799,-2138,12339
-11796,-2132,12340
-11796,-2133,12339
-11800,-2138,12337
-11797,-2138,12338
-11796,-2138,12337
-11796,-2137,12336
-11796,-2136,12334
-11806,-2136,12333
-11804,-2137,12340
-11804,-2137,12340
-11804,-2137,12340
-11804,-2137,12340
-11804,-2137,12340
-11804,-2137,12340
-11804,-2137,12340
-11804,-2137,12340
-11804,-2137,12340
-11804,-2137,12340
-11804,-2137,12340
-11804,-2137,12340
-11804,-2137,12340
-11804,-2137,12340
-11804,-2137,12340
-11804,-2137,12340
-11804,-2137,12340
-11804,-2137,12340
-11804,-2137,12340
-11804,-2137,12340
-11804,-2137,12340
-11804,-2137,12340
-11804,-2137,12340
-11803,-2135,12338
-11799,-2132,12330
-11799,-2132,12330
-11799,-2132,12330
-11799,-2132,12330
-11799,-2132,12330
-11799,-2132,12330
-11802,-2132,12321
-11802,-2132,12321
-11804,-2135,12336
-11804,-2135,12336
-11804,-2135,12336
-11805,-2137,12339
-11805,-2137,12339
-11805,-2137,12339
-11805,-2137,12339
-11805,-2137,12339
-11805,-2137,12339
-11805,-2137,12339
-11805,-2137,12339
-11805,-2137,12339
-11805,-2137,12339
-11805,-2137,12339
-11805,-2137,12339
-11807,-2134,12331
-11807,-2134,12331
-11807,-2134,12331
-11805,-2131,12337
-11789,-2135,12336
-11789,-2135,12336
-11789,-2135,12336
-11812,-2133,12324
-11812,-2134,12325
-11812,-2134,12325
-11809,-2134,12323
-11810,-2137,12319
-11810,-2137,12319
-11810,-2137,12319
-11810,-2137,12319
-11810,-2137,12319
-11810,-2137,12319
-11810,-2137,12319
-11810,-2137,12319
-11810,-2137,12319
-11810,-2137,12319
-11810,-2137,12319
-11810,-2137,12319
-11812,-2133,12322
-11806,-2133,12334
-11806,-2133,12334
-11806,-2133,12334
-11806,-2133,12334
-11808,-2137,12340
-462,3,-813
-465,1,-815
-461,-131,-815
-461,-267,-815
-464,4,-816
-464,-293,-814
-465,-298,-819
-461,-298,-813
-461,-298,-813
-461,-298,-813
-461,-298,-813
-461,-298,-813
-461,-298,-813
-461,-298,-813
-461,-298,-813
-461,-298,-813
-459,-298,-812
-459,-298,-812
-459,-298,-812
-459,-298,-812
-459,-298,-812
-459,-298,-812
-459,-298,-812
-459,-298,-811
-459,-298,-811
-459,-298,-811
-459,-298,-811
-459,-298,-811
-459,-298,-811
-459,-298,-811
-459,-114,-811
-458,4,-806
-473,4,-813
-475,4,-816
-473,4,-812
-473,4,-812
-473,4,-812
-473,4,-810
-465,4,-813
-465,4,-813
-467,5,-808
-467,5,-808
-467,5,-808
-463,11,-815
-463,11,-815
-462,4,-810
-461,3,-810
-461,7,-812
-463,7,-812
-461,7,-815
-468,9,-816
-463,7,-812
-464,7,-812
-458,16,-811
-463,8,-813
-458,19,-809
-470,22,-808
-463,16,-809
-456,16,-812
-456,16,-812
-456,16,-812
-468,31,-986
-622,11,-1518
-689,11,-2096
-665,46,-2593
-669,46,-3045
-677,49,-3076
-679,49,-3099
2058,46,-2057
2015,-152,-2158
2021,56,-2142
2068,56,-2138
2061,56,-2098
2061,56,-2098
2061,56,-2098
2061,56,-2098
2033,42,-2115
1973,43,-2113
2038,43,-2016
2176,43,-2059
2175,43,-2062
2033,-1,-2011
2090,-199,-2110
2014,74,-2171
1875,37,-2086
1766,43,-2180
1600,32,-2192
1600,32,-2192
1600,32,-2192
1600,32,-2192
1594,41,-2421
1594,41,-2421
1601,17,-2454
1601,17,-2454
1588,17,-2505
1652,56,-2441
1775,67,-2313
2020,70,-2141
2030,63,-2115
2083,48,-2079
2031,53,-2153
2050,53,-2097
2050,53,-2097
2050,53,-2097
2050,53,-2097
2050,53,-2097
2050,53,-2097
2082,49,-2150
2084,48,-2154
2084,48,-2154
2074,55,-2085
2079,55,-2141
2079,55,-2141
2079,55,-2141
2079,55,-2141
2027,55,-2110
2024,46,-1988
2024,46,-1988
2024,46,-1988
2024,46,-1988
1928,33,-2013
1916,-301,-2016
-471,14,-808
-471,2,-799
-475,4,-816
-472,4,-818
-472,0,-818
-472,3,-818
-474,4,-809
-471,-1,-819
-471,-265,-819
-471,-1056,-819
-471,-1056,-819
-471,-1056,-819
-471,-1147,-819
-464,-1149,-825
-456,-1151,-829
-471,-1227,-819
-436,-1226,-813
-446,-1226,-795
-447,-1226,-797
-457,-1232,-815
-457,-1226,-815
-457,-1226,-815
-457,-1226,-815
-457,-1226,-815
-457,-1226,-815
-449,-1240,-798
-440,-1233,-797
-445,-1235,-800
-442,-1239,-793
-441,-1230,-794
-463,-1227,-818
-443,-1273,-778
-437,-1246,-789
-467,-1227,-816
-467,-1227,-816
-471,-1227,-821
-459,-1223,-813
-461,-1223,-815
-471,-1223,-819
-471,3,-808
-465,8,-810
-465,8,-810
-461,7,-814
-462,7,-819
-462,7,-819
-462,7,-819
-462,4,-818
-463,5,-818
-458,5,-819
-456,12,-805
-462,7,-815
-462,7,-814
-462,7,-814
-465,7,-817
-463,12,-821
-463,11,-820
-467,14,-806
-470,5,-819
-471,-247,-819
-471,-1240,-819
-471,-1231,-819
-471,-1231,-819
-471,-1231,-819
-471,-1231,-819
-471,-1231,-819
-471,-1231,-819
-471,-1231,-819
-471,-1231,-819
-471,3,-808
-463,7,-812
-463,7,-812
-462,7,-813
-462,7,-813
-462,7,-813
-462,7,-813
-463,15,-800
-456,8,-807
-456,8,-807
-457,8,-818
-462,8,-817
-461,7,-817
-463,37,-815
-463,7,-815
-463,7,-815
-464,-1236,-810
-464,-1236,-810
-468,-1236,-808
-465,-1233,-812
-465,-1235,-815
-469,-1235,-820
-473,-1235,-819
-473,-1235,-819
-473,-1235,-818
-473,-1235,-816
-472,-1230,-808
-468,-1235,-810
-468,-1235,-816
-468,-1235,-816
-468,-1235,-816
-467,-1234,-819
-462,10,-806
-462,3,-809
-462,-118,-815
-462,-331,-815
-465,-330,-817
-459,-214,-811
-459,25,-811
-462,0,-811
-462,0,-811
-462,0,-811
-462,0,-811
-465,5,-808
-462,5,-805
-462,5,-805
-458,7,-809
-458,7,-809
-460,1,-815
-460,1,-815
-462,-14,-817
-467,-277,-816
-465,6,-807
-461,6,-809
-460,6,-812
-467,6,-814
-462,6,-805
-457,7,-820
-462,7,-808
-458,7,-816
-462,3,-816
-466,1,-818
-466,1,-818
-466,1,-816
-465,1,-813
-458,1,-812
-460,1,-819
-462,1,-818
-465,1,-817
-463,1,-817
-466,1,-816
-461,1,-814
-465,1,-815
-465,1,-815
-465,1,-815
-465,1,-815
-465,1,-815
-465,1,-815
-465,1,-815
-465,1,-815
-465,1,-815
-465,1,-815
-465,1,-815
-466,1,-812
-469,6,-807
-484,12,-776
-484,12,-776
-476,12,-792
-470,3,-808
-470,3,-808
-470,3,-808
-470,3,-808
-470,3,-808
-470,3,-808
-470,3,-808
-470,3,-808
-470,3,-808
-470,3,-808
-470,3,-808
-470,3,-808
-470,3,-808
-474,5,-805
-470,5,-804
-474,4,-797
-477,3,-787
-480,3,-776
-482,3,-765
-477,3,-758
-467,3,-735
-462,3,-722
-459,1,-716
-459,1,-716
-469,13,-726
-495,13,-819
-475,16,-819
-475,16,-819
-475,16,-819
-475,16,-819
-475,16,-819
-475,16,-819
-490,20,-851
-506,20,-893
-506,20,-893
-506,20,-893
-506,20,-893
-506,20,-893
-519,10,-964
-532,12,-967
-535,12,-971
-543,21,-978
-545,21,-987
-548,21,-988
-548,21,-988
-526,25,-882
-527,25,-870
-527,25,-870
-498,10,-817
-479,6,-808
-479,6,-808
-479,6,-808
-479,6,-808
-479,6,-808
-478,6,-808
-460,3,-818
-462,3,-812
-461,2,-815
-466,2,-812
-467,2,-814
-461,2,-817
-466,3,-816
-461,3,-815
-461,3,-813
-467,3,-809
-464,3,-811
-460,3,-811
-461,4,-814
-460,9,-816
-473,3,-810
-493,18,-794
-517,23,-772
-629,36,-761
-631,36,-756
-644,36,-777
-634,36,-774
-676,10,-30908
-682,14,-30889
-682,14,-30889
-536,14,-30882
-536,14,-30882
-681,18,-30899
-674,18,-30901
-832,27,-30912
-677,8,-30912
-677,8,-30912
-677,8,-30912
-677,8,-30912
-677,8,-30912
-710,23,-30909
-680,10,-30910
-680,10,-30910
-680,10,-30910
-680,10,-30910
-632,35,-775
-632,35,-775
-646,45,-778
-635,45,-778
-630,36,-769
-629,36,-771
-631,36,-774
-631,36,-774
-631,36,-774
-634,36,-772
-634,36,-772
-634,36,-772
-634,36,-772
-678,13,-30902
-926,26,-30870
-1017,34,-30894
-1017,34,-30894
-1017,34,-30894
-1079,34,-30896
-1484,16,-30904
-1824,38,-30890
-2068,51,-30899
-2098,45,-30905
-2255,27,-30871
-2177,34,-30806
-2177,34,-30806
-2191,9,-30807
-2191,9,-30807
-2191,18,-30807
-2191,18,-30807
-2191,18,-30807
-2164,15,-30812
-640,36,-775
-629,36,-769
-629,36,-769
-631,36,-764
-630,36,-768
-630,36,-768
-623,41,-769
-632,39,-769
-629,39,-771
-638,39,-773
-639,39,-769
-639,36,-769
-639,36,-769
-639,36,-769
-639,36,-769
-639,36,-769
-639,36,-769
-639,36,-769
-639,36,-769
-639,36,-769
-639,36,-769
-637,36,-774
-632,36,-773
-902,31,-30900
-1534,29,-30898
-1972,53,-30878
-2085,53,-30892
-2162,16,-30878
-2083,41,-30912
-1356,30,-30912
-863,27,-30912
-619,7,-863
-639,36,-769
-639,36,-769
-677,8,-30911
-1263,39,-30892
-1771,42,-30897
-1785,49,-30905
-1785,49,-30905
-1785,49,-30905
-1787,30,-30909
-1786,30,-30905
-1798,31,-30890
-1807,31,-30903
-1807,38,-30892
-1813,31,-30886
-1813,31,-30886
-1813,31,-30886
-1813,31,-30886
-1812,31,-30885
-1812,31,-30885
-1812,31,-30885
-1790,31,-30898
-1790,31,-30899
-1790,31,-30899
-1790,31,-30899
-1790,31,-30899
-1790,31,-30899
-1797,40,-30897
-1798,40,-30896
-1798,40,-30896
-1798,40,-30896
-1798,40,-30896
-1798,40,-30896
-1798,40,-30896
-1798,40,-30896
-1798,40,-30896
-1798,40,-30896
-1798,40,-30896
-1798,40,-30896
-1798,40,-30896
-1748,40,-30912
-1783,40,-30912
-1782,38,-30900
-1803,38,-30895
-1803,38,-30895
-1803,38,-30895
-1803,38,-30895
-1803,38,-30895
-1803,38,-30895
-1801,38,-30912
-1801,38,-30912
-1801,38,-30912
-1805,38,-30910
-1805,38,-30910
-1805,38,-30910
-1805,38,-30910
-1783,38,-30897
-1785,38,-30899
-640,36,-771
-636,36,-767
-636,36,-767
-636,36,-767
-636,36,-767
-634,36,-767
-634,36,-767
-634,36,-767
-634,36,-767
-634,36,-767
-634,36,-767
-634,36,-767
-634,36,-767
-634,36,-767
-634,36,-767
-634,36,-767
-634,36,-767
-634,36,-767
-634,36,-767
-634,36,-767
-634,36,-767
-634,36,-767
-634,36,-767
-645,36,-759
-645,36,-758
-645,36,-758
-645,36,-758
-645,36,-758
-645,36,-758
-645,36,-758
-645,36,-758
-645,36,-758
-634,52,-792
-494,41,-736
-494,41,-736
-494,41,-736
-486,41,-737
-338,41,-735
-240,38,-734
-210,38,-856
-209,38,-949
-147,38,-954
-117,38,-954
-63,38,-954
-63,38,-954
15,38,-920
59,38,-876
142,38,-807
142,38,-807
142,38,-807
-471,3,-808
-467,3,-807
-467,3,-807
-467,3,-807
-467,3,-807
-467,3,-807
-467,3,-807
-467,3,-807
-467,3,-807
-467,3,-807
-467,3,-807
-467,3,-807
-614,39,-773
-612,40,-772
-605,40,-766
-630,40,-763
-638,38,-767
-644,36,-775
-638,40,-781
-642,40,-774
-554,-2,-940
-559,1,-876
-588,1,-882
-551,3,-882
-556,-7,-915
-553,-15,-927
-562,-15,-926
-553,-13,-923
-559,-13,-916
-525,3,-810
-544,3,-806
-544,3,-806
-500,8,-787
-639,36,-775
-565,-1,-929
-582,-1,-931
-589,-2,-929
-593,-2,-929
-559,-9,-931
-555,-8,-980
-557,-6,-978
-557,-6,-979
-556,-8,-982
-591,-9,-980
-563,-7,-955
-559,-8,-974
-559,-8,-973
-561,-8,-944
-561,-8,-944
-589,-8,-931
-616,-8,-930
-639,-4,-927
-607,-8,-926
-601,-8,-928
-601,-7,-928
-600,-6,-927
-593,-7,-920
-595,-5,-926
-604,-13,-907
-578,2,-928
-626,2,-932
-628,-1,-931
-631,-14,-930
-603,-14,-916
-553,-15,-927
-553,-15,-927
-558,1,-944
4127,22,12839
2039,-53,-1901
2183,-1036,-1944
3439,5777,14759
3083,5912,14727
3138,-2925,14562
3109,42,14560
-465,-30913,-585
-465,-30913,-585
-465,-29938,-585
-465,-29198,-585
-465,-28453,-585
-465,-27703,-585
-465,-26966,-585
-465,-26689,-585
-465,-26689,-585
-465,-26689,-585
-465,-26689,-585
-465,-26149,-585
-465,-25636,-585
-465,-25021,-585
-465,-24293,-585
-465,-23550,-585
-603,-7,-929
-603,-7,-929
-603,-7,-929
-604,-7,-929
-591,-7,-928
-573,1,-888
-573,1,-888
-573,1,-888
-573,1,-888
-573,1,-888
-597,1,-886
-566,1,-907
-566,1,-907
-573,3,-908
-632,3,-895
-577,3,-876
-568,3,-879
-564,3,-882
-560,1,-878
-561,3,-885
-561,3,-886
-561,3,-886
-561,3,-886
-561,3,-886
-561,3,-886
-561,3,-886
-555,3,-944
-551,3,-978
-551,3,-978
-551,3,-978
-551,3,-978
-551,3,-978
-551,3,-978
-551,3,-978
-551,3,-978
-551,3,-978
-575,3,-959
-575,3,-959
-569,3,-969
-567,3,-971
-567,3,-971
-567,3,-971
-567,3,-971
-576,3,-971
-565,3,-952
-565,3,-952
-565,3,-952
-566,3,-954
-566,3,-954
-566,3,-954
-566,3,-954
-566,3,-954
-566,3,-954
-566,3,-954
-566,3,-954
-566,3,-954
-569,3,-952
-568,3,-952
-568,3,-952
-568,3,-952
-617,3,-978
-633,3,-964
-633,3,-964
-633,3,-964
-620,3,-911
-620,3,-911
-585,3,-888
-562,3,-939
-582,3,-939
-585,3,-941
-584,3,-943
-584,3,-943
-584,3,-943
-584,3,-943
-584,3,-943
-584,3,-942
-584,3,-942
-581,4,-941
-581,3,-940
-581,3,-940
-582,3,-928
-583,3,-921
-583,3,-921
-583,3,-921
-583,3,-921
-583,3,-921
-583,3,-921
-583,3,-921
-590,3,-896
-568,40,-811
-465,7,-809
-567,41,-816
-571,41,-831
-571,41,-831
-571,41,-831
-571,41,-831
-571,41,-831
-564,41,-815
-564,41,-815
-564,41,-815
-564,41,-815
-564,41,-815
-564,41,-815
-564,41,-815
-564,41,-815
-564,41,-815
-564,41,-815
-564,41,-815
-639,36,-777
-639,36,-777
-639,36,-777
-639,36,-777
-11803,-2131,12333
-11806,-2138,12335
-11806,-2138,12335
-11806,-2138,12335
-11806,-2138,12335
-11802,-2138,12336
-11803,-2138,12336
-11803,-2138,12335
-11800,-2139,12334
-11799,-2135,12332
-11802,-2135,12331
-11802,-2135,12331
-11802,-2135,12331
-11798,-2136,12331
-11800,-2135,12329
-11801,-2135,12329
-11801,-2135,12329
-11801,-2135,12329
-11802,-2135,12329
-11804,-2137,12328
-11804,-2138,12323
-11804,-2137,12338
-11805,-2138,12338
-11802,-2136,12340
-11801,-2135,12337
-11801,-2137,12336
-11801,-2137,12336
-11800,-2139,12336
-11800,-2137,12336
-11800,-2137,12336
-11800,-2137,12336
-11800,-2137,12336
-11800,-2137,12336
-11800,-2138,12333
-11800,-2138,12334
-11803,-2136,12333
-11803,-2137,12334
-11806,-2137,12332
-11805,-2135,12331
-11804,-2135,12329
-11815,-2135,12324
-11809,-2135,12328
-11805,-2138,12340
-11800,-2139,12340
-11800,-2139,12339
-11800,-2138,12339
-11800,-2138,12339
-11800,-2138,12339
-11800,-2136,12339
-11801,-2136,12336
-11800,-2136,12335
-11806,-2135,12323
-120,70,-1220
-471,-1233,-819
-470,-1248,-819
-470,-1239,-819
-466,-1250,-821
-467,-1258,-823
-469,-1344,-823
-469,-1348,-823
-469,-1271,-823
-467,-1258,-822
-467,-1258,-822
-462,-1234,-820
-468,-1234,-817
-468,-1234,-817
-471,-1212,-819
-471,-624,-819
-471,8,-819
-461,10,-808
-452,17,-807
-570,27,-752
-593,52,-743
-593,52,-743
-638,36,-766
-621,55,-766
-643,39,-767
-644,36,-767
-644,36,-767
-644,36,-767
-644,36,-767
-635,36,-773
-635,36,-773
-635,36,-773
-634,36,-775
-627,37,-762
-627,37,-762
-627,37,-762
-627,37,-762
-627,37,-762
-632,36,-755
-629,36,-760
-629,36,-760
-629,36,-760
-629,36,-760
-629,36,-760
-629,36,-760
-523,13,-805
-11806,-2136,12340
-11805,-2137,12341
-11809,-2136,12329
-11809,-2136,12329
-11799,-2133,12337
-11800,-2133,12334
-11800,-2135,12331
-11810,-2135,12320
-11808,-2133,12329
-11812,-2138,12325
-11810,-2134,12325
-11805,-2136,12323
-11811,-2135,12324
-11813,-2135,12324
-11815,-2136,12321
-11815,-2136,12330
-11816,-2134,12323
-11809,-2134,12329
-11809,-2134,12329
-11795,-2137,12337
-11796,-2137,12342
-11801,-2135,12336
-11807,-2134,12333
-11815,-2137,12333
-11817,-2138,12333
-11818,-2137,12332
-11823,-2137,12323
-11823,-2137,12325
-11821,-2137,12322
-11823,-2137,12315
-11818,-2139,12319
-11819,-2139,12320
-11819,-2139,12320
-11819,-2139,12320
-11820,-2139,12319
-11821,-2140,12319
-11821,-2140,12319
-11819,-2137,12323
-11819,-2137,12323
-11819,-2137,12323
-11819,-2137,12323
-11819,-2139,12325
-11819,-2138,12325
-11815,-2138,12331
-11815,-2138,12331
-11815,-2138,12331
-11815,-2138,12331
-11815,-2138,12331
-11815,-2138,12331
-11813,-2138,12331
-11813,-2138,12331
-11813,-2138,12331
-11813,-2134,12331
-11810,-2134,12332
-11810,-2134,12332
-11810,-2134,12332
-11810,-2134,12332
-11810,-2134,12332
-11810,-2134,12332
-11810,-2134,12332
-11810,-2134,12332
-11810,-2134,12332
-11810,-2134,12332
-11810,-2134,12332
-11810,-2134,12332
-11810,-2134,12332
-11810,-2134,12332
-11810,-2134,12332
-11810,-2134,12332
-11810,-2134,12332
-11810,-2134,12332
-11810,-2134,12332
-11810,-2134,12332
-11810,-2134,12332
-11810,-2134,12332
-11810,-2134,12332
-11801,-2136,12324
-11801,-2136,12324
-11801,-2136,12324
-11801,-2136,12324
-11801,-2136,12324
-11801,-2136,12324
-11801,-2136,12324
-11801,-2136,12324
-11801,-2136,12324
-11801,-2138,12324
-11801,-2138,12324
-11801,-2138,12324
-11801,-2138,12324
-11813,-2135,12324
-11805,-2137,12323
-11807,-2132,12330
-11806,-2134,12332
-11805,-2134,12330
-11805,-2134,12330
-11808,-2132,12338
-11805,-2132,12336
-11805,-2134,12329
-11804,-2134,12333
-11804,-2135,12329
-11801,-2133,12333
-11801,-2133,12333
-11801,-2133,12333
-11801,-2133,12331
-11798,-2136,12332
-11801,-2134,12331
-11800,-2134,12331
-11800,-2134,12331
-11808,-2135,12323
-11808,-2135,12323
-11808,-2134,12326
-470,-1235,-817
-473,-1235,-819
-472,-1235,-818
-472,-1235,-818
-471,-1235,-815
-467,-1235,-817
-472,-1235,-816
-472,-1235,-815
-467,-1235,-822
-471,-1235,-817
-472,-1235,-816
-471,-1235,-816
-472,-1235,-815
-471,-1235,-815
-474,-1235,-813
-472,-1235,-815
-464,-1235,-816
-476,-1235,-820
-477,-1235,-816
-475,-1235,-815
-475,-1235,-815
-477,-1235,-813
-475,-1235,-813
-475,-1235,-813
-475,-1235,-813
-474,-1234,-810
-472,-1234,-810
-475,-1235,-812
-473,-1235,-815
-478,-1231,-819
-477,-1230,-819
-477,-1230,-819
-477,-1233,-814
-474,-1235,-810
-471,-1230,-812
-471,-1233,-811
-471,-1234,-811
-475,-1236,-816
-475,-1234,-816
-475,-1234,-816
-475,-1236,-817
-475,-1236,-817
-475,-1236,-817
-473,-1229,-818
-472,-1225,-814
-473,-1228,-817
-476,-1234,-814
-476,-1236,-816
-476,-1236,-816
-475,-1237,-817
-476,-1235,-814
-476,-1235,-816
-476,-1235,-816
-475,-1235,-816
-475,-1235,-816
-476,-1235,-816
-478,-1236,-817
-477,-1235,-815
-477,-1235,-815
-477,-1236,-816
-475,-1233,-811
-475,-1229,-811
2998,19,-2924
2992,22,-2920
3003,22,-2913
2255,2,-610
-259,25,-4020
-380,48,-876
247,66,-1205
377,28,-1017
425,2,-1171
425,2,-1171
460,32,-1197
1092,32,-1533
1639,134,-1981
1853,28,-2551
1608,47,-2601
995,26,-2452
611,14,-1377
1073,26,-2445
1073,26,-2445
972,26,-2476
1372,23,-3066
1789,134,-3661
2203,134,-4270
2622,134,-4884
3039,134,-5496
3458,134,-6112
3824,134,-6649
-538,3,-3013
-539,2,-3002
-529,10,-3001
-537,3,-3002
-530,7,-3002
-535,3,-3001
-535,3,-3001
-535,3,-3001
-535,3,-3001
-535,3,-3001
-535,3,-3001
-535,3,-3001
-535,3,-3001
-535,3,-3001
-535,3,-3001
-535,3,-3001
-535,3,-3001
-535,3,-3001
-535,3,-3001
-535,3,-3001
-535,3,-3001
-535,3,-3001
-535,3,-3001
-535,3,-3001
-535,3,-3001
-535,3,-3001
-535,3,-3001
-535,3,-3001
-535,3,-3001
-535,3,-3001
-535,3,-3001
-533,30,-3006
-533,30,-3006
-537,3,-3005
-537,3,-3005
-540,2,-3007
-540,2,-3007
-540,2,-3007
-540,2,-3007
-540,2,-3007
-540,2,-3007
-540,2,-3007
-540,2,-3007
-540,2,-3007
-540,2,-3007
-540,2,-3007
-540,2,-3007
-536,16,-2982
-545,2,-3005
-543,2,-3010
-553,3,-3011
-553,3,-3012
-551,3,-2997
-546,3,-2999
-546,3,-2999
-544,3,-2994
-544,3,-2994
-553,3,-2991
-564,2,-3001
-546,11,-3003
-546,11,-3003
-553,3,-3005
-553,3,-3005
-553,3,-3005
-559,3,-2996
-545,3,-2996
-551,7,-3001
-551,7,-3001
-544,5,-3000
-542,3,-2994
-548,5,-2996
-548,2,-2997
-544,2,-2996
-553,13,-3000
-547,2,-3008
-560,14,-3007
-547,2,-3010
-557,19,-3007
-560,2,-3008
-557,12,-2995
-532,9,-2999
-532,14,-2999
-532,14,-2999
-539,29,-3010
-545,31,-3009
-545,31,-3009
-547,32,-2990
-545,32,-2995
-545,32,-2995
-543,35,-2997
-510,4,-2996
-511,5,-2991
-513,6,-3000
-515,8,-2996
-511,6,-2997
-511,6,-2997
-511,5,-2997
-511,5,-2997
-513,10,-2993
-508,4,-2998
-497,15,-2997
-506,7,-3010
-520,14,-2996
-513,14,-2995
-513,14,-2995
-513,14,-2995
-502,13,-2997
-505,13,-2993
-508,5,-2995
-508,5,-2995
-510,19,-3006
-510,19,-3006
-510,19,-3006
-542,28,-3003
-541,29,-3000
-550,28,-2999
-550,28,-2999
-550,28,-2999
-550,28,-2998
-550,32,-3003
-549,32,-3004
-550,32,-3005
-551,32,-3005
-553,34,-2996
-553,34,-2993
-549,34,-2999
-535,29,-3000
-557,3,-3001
-551,21,-3006
-540,29,-3002
-540,29,-3002
